0,1.27249
0.02,1.44443
0.04,1.65226
0.06,1.9059
0.08,2.21851
0.1,2.60752
0.12,3.09575
0.14,3.71223
0.16,4.49136
0.18,5.46732
0.2,6.65723
0.22,8.02349
0.24,9.41446
0.26,10.5255
0.28,10.9871
0.3,10.611
0.32,9.55567
0.34,8.18561
0.36,6.8183
0.38,5.61932
0.4,4.63435
0.42,3.84957
0.44,3.23158
0.46,2.7458
0.48,2.36283
0.5,2.05949
0.52,1.81815
0.54,1.62563
0.56,1.47212
0.58,1.35039
0.6,1.25517
0.62,1.18268
0.64,1.13039
0.66,1.09678
0.68,1.08124
0.7,1.08412
0.72,1.10671
0.74,1.15147
0.76,1.22217
0.78,1.3243
0.8,1.46532
0.82,1.65478
0.84,1.90368
0.86,2.22159
0.88,2.60921
0.9,3.04324
0.92,3.45691
0.94,3.73778
0.96,3.77737
0.98,3.55395
1,3.1521
1.02,2.69161
1.04,2.25787
1.06,1.88799
1.08,1.58771
1.1,1.3492
1.12,1.16112
1.14,1.01279
1.16,0.895457
1.18,0.802357
1.2,0.728401
1.22,0.669825
1.24,0.62388
1.26,0.588604
1.28,0.562649
1.3,0.545175
1.32,0.535781
1.34,0.534475
1.36,0.54168
1.38,0.558253
1.4,0.585552
1.42,0.625561
1.44,0.681107
1.46,0.756061
1.48,0.855222
1.5,0.983423
1.52,1.14318
1.54,1.32964
1.56,1.52241
1.58,1.67943
1.6,1.74741
1.62,1.69612
1.64,1.54467
1.66,1.34456
1.68,1.14283
1.7,0.964868
1.72,0.818131
1.74,0.70093
1.76,0.608531
1.78,0.536034
1.8,0.479309
1.82,0.435127
1.84,0.401052
1.86,0.375308
1.88,0.356655
1.9,0.344293
1.92,0.337804
1.94,0.337107
1.96,0.342473
1.98,0.354559
2,0.374474
2.02,0.403835
2.04,0.444761
2.06,0.499684
2.08,0.570667
2.1,0.657616
2.12,0.754782
2.14,0.846414
2.16,0.90682
2.18,0.912358
2.2,0.859739
2.22,0.76878
2.24,0.665845
2.26,0.56925
2.28,0.486993
2.3,0.420512
2.32,0.368324
2.34,0.328124
2.36,0.297719
2.38,0.275355
2.4,0.259772
2.42,0.250167
2.44,0.246147
2.46,0.247673
2.48,0.255027
2.5,0.268772
2.52,0.289685
2.54,0.318516
2.56,0.355187
2.58,0.397102
2.6,0.437007
2.62,0.462928
2.64,0.463697
2.66,0.437617
2.68,0.393996
2.7,0.345415
2.72,0.300669
2.74,0.263558
2.76,0.234748
2.78,0.213602
2.8,0.199198
2.82,0.19071
2.84,0.187421
2.86,0.188552
2.88,0.193023
2.9,0.199314
2.92,0.205313
2.94,0.208068
2.96,0.204367
2.98,0.192877
3,0.175567
3.02,0.156174
3.04,0.137753
3.06,0.121787
3.08,0.108588
3.1,0.0979115
3.12,0.0893452
3.14,0.0824651
3.16,0.0768691
3.18,0.0721639
3.2,0.0679847
3.22,0.0640809
3.24,0.0603836
3.26,0.0569496
3.28,0.0538466
3.3,0.0510962
3.32,0.0486798
3.34,0.0465613
3.36,0.0447033
3.38,0.0430734
3.4,0.0416448
3.42,0.0403929
3.44,0.039287
3.46,0.0382806
3.48,0.0373095
3.5,0.0363131
3.52,0.0352733
3.54,0.0342233
3.56,0.0332146
3.58,0.0322817
3.6,0.0314324
3.62,0.0306507
3.64,0.0299049
3.66,0.0291635
3.68,0.0284149
3.7,0.0276712
3.72,0.0269527
3.74,0.0262733
3.76,0.0256373
3.78,0.0250427
3.8,0.0244855
3.82,0.0239614
3.84,0.0234661
3.86,0.0229965
3.88,0.0225492
3.9,0.0221216
3.92,0.0217104
3.94,0.0213134
3.96,0.020929
3.98,0.0205571
4,0.0201976
