0,1.27249
0.02,1.44443
0.04,1.65226
0.06,1.9059
0.08,2.21851
0.1,2.60751
0.12,3.09574
0.14,3.71222
0.16,4.49135
0.18,5.46731
0.2,6.65721
0.22,8.02347
0.24,9.41444
0.26,10.5255
0.28,10.9871
0.3,10.611
0.32,9.55567
0.34,8.18562
0.36,6.81831
0.38,5.61933
0.4,4.63435
0.42,3.84957
0.44,3.23158
0.46,2.74581
0.48,2.36283
0.5,2.05949
0.52,1.81815
0.54,1.62563
0.56,1.47212
0.58,1.35039
0.6,1.25517
0.62,1.18269
0.64,1.13039
0.66,1.09678
0.68,1.08124
0.7,1.08412
0.72,1.10671
0.74,1.15146
0.76,1.22217
0.78,1.3243
0.8,1.46531
0.82,1.65477
0.84,1.90367
0.86,2.22158
0.88,2.60919
0.9,3.04323
0.92,3.45692
0.94,3.73781
0.96,3.77743
0.98,3.55404
1,3.1522
1.02,2.6917
1.04,2.25795
1.06,1.88806
1.08,1.58776
1.1,1.34924
1.12,1.16115
1.14,1.01281
1.16,0.895475
1.18,0.80237
1.2,0.728409
1.22,0.669827
1.24,0.623877
1.26,0.588596
1.28,0.562634
1.3,0.545154
1.32,0.535755
1.34,0.534453
1.36,0.54168
1.38,0.558317
1.4,0.585745
1.42,0.625927
1.44,0.681566
1.46,0.756336
1.48,0.854964
1.5,0.982497
1.52,1.14186
1.54,1.32856
1.56,1.52218
1.58,1.6802
1.6,1.74883
1.62,1.69758
1.64,1.54572
1.66,1.34497
1.68,1.14252
1.7,0.963884
1.72,0.816665
1.74,0.699292
1.76,0.607068
1.78,0.535017
1.8,0.478883
1.82,0.435324
1.84,0.401809
1.86,0.376463
1.88,0.357963
1.9,0.345498
1.92,0.33872
1.94,0.33766
1.96,0.34267
1.98,0.354444
2,0.374077
2.02,0.403149
2.04,0.443747
2.06,0.498306
2.08,0.568942
2.1,0.655715
2.12,0.753169
2.14,0.845895
2.16,0.908179
2.18,0.915521
2.2,0.863437
2.22,0.771502
2.24,0.666958
2.26,0.569068
2.28,0.486151
2.3,0.419494
2.32,0.367371
2.34,0.327309
2.36,0.297035
2.38,0.274759
2.4,0.259207
2.42,0.249575
2.44,0.245486
2.46,0.246952
2.48,0.254354
2.5,0.268399
2.52,0.290001
2.54,0.319907
2.56,0.357793
2.58,0.40054
2.6,0.440235
2.62,0.464555
2.64,0.462908
2.66,0.434859
2.68,0.390527
2.7,0.342371
2.72,0.298649
2.74,0.262685
2.76,0.23481
2.78,0.214181
2.8,0.199822
2.82,0.191069
2.84,0.187561
2.86,0.188973
2.88,0.194563
2.9,0.202494
2.92,0.209286
2.94,0.210477
2.96,0.203228
2.98,0.188593
3,0.170429
3.02,0.15241
3.04,0.136426
3.06,0.122774
3.08,0.110998
3.1,0.100639
3.12,0.0915252
3.14,0.083647
3.16,0.0769663
3.18,0.0713689
3.2,0.0667
3.22,0.0627981
3.24,0.0595019
3.26,0.0566445
3.28,0.0540586
3.3,0.0516192
3.32,0.0492861
3.34,0.0470896
3.36,0.0450723
3.38,0.0432547
3.4,0.0416341
3.42,0.0401968
3.44,0.0389273
3.46,0.0378112
3.48,0.0368341
3.5,0.0359749
3.52,0.0351954
3.54,0.034434
3.56,0.0336214
3.58,0.0327226
3.6,0.0317618
3.62,0.0307966
3.64,0.0298754
3.66,0.0290218
3.68,0.0282396
3.7,0.0275223
3.72,0.0268587
3.74,0.0262352
3.76,0.02564
3.78,0.0250666
3.8,0.024515
3.82,0.0239874
3.84,0.0234852
3.86,0.0230079
3.88,0.0225539
3.9,0.0221211
3.92,0.0217075
3.94,0.0213113
3.96,0.0209301
3.98,0.0205619
4,0.020205
