2.20572,2.20572,4.4608e-14,0.0571265
1.64179,1.64179,1.92694e-11,0.17076
0.935622,0.935622,1.36116e-08,0.157587
0.252803,0.252804,4.16605e-07,0.143151
-0.591189,-0.591191,6.37668e-05,0.127349
-0.900827,-0.900824,0.00019708,0.195004
-1.37474,-1.37475,0.0131637,0.00515639
-1.81023,-1.81022,0.0383389,0.00181589
-2.4166,-2.41661,0.0855218,0.00442787
-2.52975,-2.52975,0.00161002,0.18545
-3.14334,-3.14334,0.0348439,0.0324183
-3.15262,-3.15262,0.172528,0.00599204
-3.93067,-3.93067,0.653732,7.49793e-08
