2.23572,2.23572,2.73256e-13,0.0163066
1.74242,1.74242,1.49146e-12,0.0574096
1.05812,1.05812,5.94699e-09,0.0857592
0.420826,0.42083,1.80364e-07,0.150417
-0.191368,-0.191359,2.14824e-06,0.338423
-0.700893,-0.700891,0.000145944,0.0632464
-1.20519,-1.20518,0.000767498,0.274143
-1.38544,-1.38544,0.0127061,0.0224041
-1.81165,-1.81164,0.0381981,0.00117457
-2.41788,-2.41788,0.0866277,0.000390989
-2.62073,-2.62073,0.000458299,0.0446279
-3.15019,-3.15019,0.192543,0.000623896
-3.16255,-3.16255,0.0148185,0.00706638
-3.93067,-3.93067,0.653732,7.49317e-08
