2.2428,2.2428,2.2042e-17,0.00641491
1.77334,1.77334,4.17242e-12,0.0341073
1.13051,1.13052,2.87206e-09,0.115945
0.609024,0.609054,5.8286e-08,0.328788
0.129557,0.129591,5.23765e-07,0.325455
-0.590911,-0.590885,5.68576e-05,0.225276
-0.853394,-0.853349,0.000164371,0.302717
-1.36911,-1.36912,0.0127597,0.0218854
-1.65161,-1.65148,0.00168478,0.68301
-1.81456,-1.81455,0.0371837,0.0149116
-2.41813,-2.41814,0.0867131,0.000351692
-2.64854,-2.64852,0.000345741,0.0355277
-3.15042,-3.15042,0.198618,0.000179242
-3.16594,-3.16593,0.00874126,0.00338717
-3.93067,-3.93067,0.653732,7.17278e-08
