2.24714,2.24714,2.73126e-13,0.00334025
1.81144,1.81146,1.41334e-11,0.0452085
1.39114,1.39134,2.23472e-11,0.293535
0.97271,0.972801,9.82868e-09,0.127444
0.381272,0.381343,2.02966e-07,0.0856597
-0.183023,-0.182877,1.77014e-06,0.15616
-0.685093,-0.685058,0.000130392,0.0295454
-1.08589,-1.08576,0.000266932,0.110353
-1.37786,-1.37786,0.0130807,0.00382692
-1.81028,-1.81026,0.0382296,0.0013517
-2.15769,-2.15717,0.000267655,0.260631
-2.41852,-2.41852,0.086674,0.000475144
-2.67549,-2.67543,0.00025936,0.022362
-3.1505,-3.1505,0.20037,4.03214e-05
-3.16759,-3.16759,0.00698742,0.000921918
-3.93067,-3.93067,0.653732,7.18096e-08
