2.2489,2.2489,5.3489e-14,0.00100218
1.84811,1.84828,4.08295e-12,0.0300997
1.567,1.56754,1.24609e-11,0.0925003
1.03858,1.03879,5.92519e-09,0.0328247
0.463609,0.46414,1.29398e-07,0.0731594
0.0178739,0.0193339,6.06467e-07,0.181104
-0.55973,-0.557539,3.12642e-05,0.232163
-0.772198,-0.770599,0.000141846,0.156622
-1.24188,-1.23988,0.000885977,0.166648
-1.38481,-1.38466,0.0125055,0.0126492
-1.81108,-1.81106,0.0382148,0.000506438
-2.31978,-2.31789,0.000859133,0.0944888
-2.41916,-2.41915,0.0860559,0.000878218
-2.69071,-2.69043,0.000216155,0.0107052
-3.15052,-3.15052,0.200738,8.77969e-06
-3.16802,-3.16801,0.00661829,0.000207392
-3.93067,-3.93067,0.653732,6.72266e-08
