2.24936,2.24937,6.9328e-15,0.000419823
1.86659,1.86717,3.09027e-13,0.0221662
1.61973,1.62127,2.68579e-11,0.056544
1.06663,1.06804,4.15502e-09,0.0476022
0.596404,0.607335,4.32217e-08,0.336402
0.270205,0.281053,2.28415e-07,0.294599
-0.23128,-0.219952,1.8725e-06,0.269489
-0.681457,-0.678981,0.000122029,0.0526536
-1.02992,-1.01796,0.000170642,0.227954
-1.37325,-1.37211,0.0127333,0.0208874
-1.59119,-1.55673,0.000714149,0.497102
-1.81194,-1.81176,0.0380582,0.00188565
-2.3911,-2.38275,0.00554023,0.0781511
-2.42141,-2.42069,0.0813745,0.00507821
-2.69855,-2.69736,0.000196173,0.00854395
-3.15052,-3.15052,0.200817,3.59415e-06
-3.16812,-3.1681,0.00653915,8.10979e-05
-3.93067,-3.93067,0.653732,6.72467e-08
