2.24962,2.24965,5.60637e-15,0.000208492
1.88693,1.89151,2.60261e-14,0.0274823
1.67241,1.68389,2.45833e-11,0.0648891
1.20695,1.26039,1.34863e-10,0.2642
0.97058,0.993993,7.34666e-09,0.0837569
0.430368,0.441564,1.42838e-07,0.0423735
-0.0198781,0.00663018,5.84807e-07,0.0930941
-0.550391,-0.507341,1.52288e-05,0.132925
-0.752856,-0.73315,0.000140345,0.0452906
-1.18775,-1.15915,0.000378875,0.0645534
-1.38087,-1.37952,0.012959,0.00272882
-1.81055,-1.80988,0.0380163,0.00202644
-2.08978,-1.95614,0.000322159,0.208357
-2.41784,-2.41637,0.0823175,0.00317537
-2.52192,-2.45512,0.00458453,0.0513509
-2.71305,-2.70363,0.000176906,0.00497327
-3.15053,-3.15052,0.200849,8.86462e-07
-3.16818,-3.16814,0.00650717,1.87372e-05
-3.93067,-3.93067,0.653732,6.74074e-08
