2.24974,2.24978,1.28951e-15,0.000126983
1.90608,1.91706,1.75157e-12,0.0382216
1.71709,1.73948,2.53436e-11,0.0700797
1.38064,1.44206,7.74624e-12,0.1592
1.02204,1.03373,5.91236e-09,0.0288838
0.466325,0.497935,9.36443e-08,0.109125
0.0746599,0.186173,2.33754e-07,0.322072
-0.391162,-0.209832,1.42327e-06,0.337304
-0.702229,-0.649306,8.69243e-05,0.116483
-1.08134,-0.850112,9.78764e-05,0.262365
-1.3751,-1.23301,0.000697132,0.123337
-1.6037,-1.38265,0.0126485,0.00612402
-1.81174,-1.81063,0.0381882,0.000476392
-2.35091,-2.08053,0.000141123,0.113997
-2.41947,-2.41749,0.0856126,0.000662191
-2.68972,-2.48742,0.00126983,0.0332687
-3.0665,-2.70646,0.000167612,0.00276531
-3.15054,-3.15052,0.200856,2.69961e-07
-3.1685,-3.16815,0.00650065,5.18236e-06
-3.93067,-3.93067,0.653732,6.57679e-08
