2.24983,2.24986,8.06574e-17,7.34987e-05
1.93836,1.95921,6.00824e-12,0.049392
1.77371,1.7984,1.6134e-11,0.0481105
1.51134,1.55324,8.31878e-12,0.0733077
1.05012,1.07173,3.73975e-09,0.0523871
0.62833,0.813379,7.39118e-09,0.270494
0.364503,0.421167,1.5052e-07,0.045848
-0.0671995,-0.00572802,5.88309e-07,0.0641165
-0.567957,-0.486823,1.1227e-05,0.0947227
-0.755946,-0.720669,0.000136952,0.0293385
-1.17657,-1.1113,0.000248359,0.0840074
-1.38008,-1.37539,0.0128005,0.00981559
-1.81004,-1.536,0.000418642,0.29992
-1.96358,-1.81113,0.0381495,0.000652996
-2.41588,-2.17451,0.000140998,0.0830555
-2.44786,-2.4179,0.0861967,0.000316219
-2.70227,-2.51252,0.000646942,0.0223859
-3.15052,-2.7083,0.000161057,0.00149688
-3.16812,-3.15052,0.200858,8.53339e-08
-3.75049,-3.16815,0.00649864,1.26687e-06
-3.93067,-3.93067,0.653732,6.55503e-08
