2.24989,2.24992,6.81275e-16,6.68885e-05
1.98178,2.00814,2.81288e-12,0.0687109
1.81775,1.83545,3.05423e-12,0.039595
1.58345,1.61369,2.442e-11,0.0681334
1.10878,1.1995,2.17801e-10,0.228046
0.92583,0.998504,6.86873e-09,0.0831134
0.441092,0.471766,1.0998e-07,0.0731016
0.0334709,0.164116,2.10007e-07,0.313541
-0.409418,-0.152886,9.00667e-07,0.282641
-0.696845,-0.584207,3.45871e-05,0.117643
-0.999317,-0.75728,0.000125224,0.0625578
-1.29747,-1.16146,0.00036232,0.0430702
-1.38663,-1.37895,0.0129382,0.00203893
-1.81073,-1.73153,0.000822106,0.162726
-2.09045,-1.81222,0.0375004,0.0028806
-2.41745,-2.22656,0.000171981,0.0491167
-2.48505,-2.41808,0.0863161,0.000169528
-2.70596,-2.52525,0.000481374,0.0114614
-3.15052,-2.70906,0.000158122,0.000617495
-3.16814,-3.15052,0.200858,3.88089e-08
-3.90317,-3.16815,0.00649824,2.83482e-07
-3.93067,-3.93067,0.653732,6.49671e-08
