2.24994,2.24995,1.23127e-15,4.84806e-05
2.03329,2.03849,1.08693e-12,0.0563071
1.849,1.85165,4.60713e-13,0.0278527
1.63884,1.64434,3.35941e-11,0.0568518
1.28794,1.3075,1.0741e-11,0.190032
1.02183,1.0258,6.21493e-09,0.035967
0.51768,0.538323,5.12012e-08,0.202703
0.300306,0.331562,1.42623e-07,0.243466
-0.0686551,-0.0528675,6.80928e-07,0.117724
-0.538588,-0.52347,1.64219e-05,0.11736
-0.736554,-0.7303,0.00013514,0.0463251
-1.13875,-1.12322,0.000264133,0.134639
-1.37755,-1.37562,0.0127545,0.0233045
-1.61957,-1.51579,0.000416623,0.7695
-1.81133,-1.81094,0.0381582,0.00242554
-2.18612,-2.0957,0.000104905,0.790586
-2.41791,-2.39691,0.00717913,0.99588
-2.51336,-2.42011,0.0795331,0.0969264
-2.70825,-2.56351,0.000196348,0.448348
-3.15052,-2.71034,0.000152316,0.0115008
-3.16815,-3.15052,0.200858,7.06421e-08
-3.92857,-3.16815,0.00649805,9.15186e-07
-3.93067,-3.93067,0.653732,6.49584e-08
