2.24997,2.24997,1.47696e-15,1.76248e-05
2.06413,2.06413,4.25274e-13,0.0226137
1.86467,1.86467,1.64466e-15,0.0117799
1.67424,1.67424,3.7153e-11,0.0293902
1.40311,1.40312,5.15596e-13,0.0827126
1.04563,1.04563,5.15604e-09,0.0205492
0.72557,0.725599,7.98119e-09,0.196413
0.422938,0.422945,1.42556e-07,0.0424557
0.0279412,0.0279548,4.56425e-07,0.0833585
-0.333803,-0.333757,2.00289e-06,0.238531
-0.636437,-0.636414,6.26555e-05,0.106573
-0.787285,-0.787265,0.000100084,0.0937872
-1.16973,-1.16972,0.000378712,0.0273825
-1.37919,-1.3792,0.0129228,0.0010731
-1.7367,-1.73668,0.000882701,0.0730833
-1.81227,-1.81226,0.0374337,0.00140345
-2.22267,-2.22266,0.000166665,0.0219296
-2.41805,-2.41806,0.0863035,7.89181e-05
-2.52349,-2.52348,0.000499501,0.00558564
-2.70893,-2.70893,0.000158602,0.000342423
-3.15052,-3.15052,0.200858,4.74785e-08
-3.16815,-3.16815,0.00649837,2.92151e-07
-3.93067,-3.93067,0.653732,9.15269e-08
-3.93069,-3.95452,1.21745e-08,0.941077
