2.24998,2.24998,1.93353e-15,9.26016e-06
2.07616,2.07743,9.20008e-14,0.0140764
1.87175,1.87264,3.35362e-13,0.00967825
1.69415,1.69701,3.90692e-11,0.0305817
1.45924,1.46718,2.33996e-13,0.0804398
1.06968,1.07662,3.06954e-09,0.0721132
0.890318,0.914645,4.75361e-09,0.209972
0.460063,0.468259,1.07378e-07,0.0705836
0.174899,0.213518,1.35001e-07,0.286045
-0.103749,-0.0802657,6.80586e-07,0.140172
-0.537468,-0.520242,1.48944e-05,0.102731
-0.731994,-0.724021,0.000131589,0.0450544
-1.09986,-1.04297,9.75912e-05,0.318509
-1.31425,-1.2381,0.000509229,0.213577
-1.38427,-1.38091,0.0127394,0.00492879
-1.80738,-1.79274,0.00896126,0.0636158
-1.83638,-1.81622,0.0293332,0.0177472
-2.24238,-2.23527,0.000177221,0.0130616
-2.41812,-2.4181,0.0863175,3.66466e-05
-2.52748,-2.52606,0.000470812,0.00217531
-2.70914,-2.70907,0.000158055,0.000101295
-3.15052,-3.15052,0.200858,2.74035e-08
-3.16815,-3.16815,0.00649828,4.63058e-08
-3.93067,-3.93067,0.653732,6.37721e-08
-3.93089,-4.22427,1.14331e-10,0.129071
