2.24998,2.24998,3.61609e-15,8.90697e-06
2.08595,2.09458,4.08662e-13,0.0201172
1.87994,1.89223,5.48941e-12,0.0352616
1.72337,1.7683,3.68477e-11,0.103694
1.53178,1.59863,4.75091e-12,0.0995279
1.18885,1.30368,2.77388e-11,0.131989
1.0135,1.03441,5.55939e-09,0.0174376
0.566786,0.674741,1.0498e-08,0.114211
0.378785,0.418728,1.39604e-07,0.0259912
-0.00693415,0.0378478,4.09697e-07,0.0457951
-0.402321,-0.266691,1.10231e-06,0.108618
-0.659766,-0.593272,3.54837e-05,0.0383034
-0.805723,-0.754814,0.000121678,0.0179491
-1.17075,-1.14628,0.000309757,0.0175314
-1.37916,-1.37708,0.012812,0.00285006
-1.72401,-1.51203,0.000266859,0.14288
-1.81202,-1.81,0.0376946,0.0014926
-2.21156,-1.88021,0.000550542,0.0670215
-2.41799,-2.24409,0.000183224,0.00592928
-2.51722,-2.41812,0.0863198,1.17904e-05
-2.70797,-2.52719,0.000458133,0.000585147
-2.84704,-2.70911,0.000157865,2.06962e-05
-3.15052,-3.15052,0.200858,2.80509e-08
-3.16815,-3.16815,0.00649827,4.47749e-09
-3.93067,-3.93067,0.653732,6.30084e-08
-3.931,-4.25602,4.85242e-12,0.00760614
