2.24999,2.24999,1.50465e-15,5.44716e-06
2.10339,2.11376,1.83597e-13,0.017332
1.91201,1.94214,3.68098e-13,0.0483865
1.80854,1.83472,3.41567e-13,0.026524
1.6302,1.64871,4.44554e-11,0.0201176
1.34748,1.37869,1.12686e-12,0.0360711
1.04072,1.04722,5.14885e-09,0.00907314
0.723048,0.78612,4.33473e-09,0.0858511
0.429581,0.447144,1.25578e-07,0.0276801
0.0648595,0.167242,1.29903e-07,0.180992
-0.205961,-0.0723223,6.04913e-07,0.119782
-0.569877,-0.456631,5.65187e-06,0.146486
-0.743795,-0.668819,7.9766e-05,0.0884559
-1.12636,-0.800209,7.78386e-05,0.0862867
-1.35646,-1.16126,0.000347375,0.0124797
-1.39206,-1.37845,0.0129104,0.000657702
-1.80563,-1.61025,0.000191009,0.0591061
-1.82752,-1.81077,0.0380347,0.000397332
-2.23707,-1.93343,0.000147514,0.0393052
-2.4181,-2.24785,0.000184501,0.00242398
-2.52614,-2.41813,0.0863194,3.67606e-06
-2.70906,-2.52748,0.000454713,0.000150139
-3.15052,-2.70912,0.000157826,4.22349e-06
-3.16815,-3.15052,0.200858,2.16153e-08
-3.93028,-3.16815,0.00649826,1.31861e-09
-3.93067,-3.93067,0.653732,6.1569e-08
-4.07448,-4.2579,1.24742e-12,0.000502518
