2.24999,2.25,5.44385e-16,3.40162e-06
2.12064,2.12943,2.0104e-12,0.0135197
1.9609,1.98248,1.44815e-12,0.0296877
1.84342,1.85104,8.58044e-13,0.00922281
1.6562,1.66539,6.32175e-11,0.0130676
1.39388,1.4198,1.19191e-11,0.0417283
1.05227,1.08059,2.93508e-09,0.0874586
0.834789,0.971735,3.27036e-09,0.161377
0.469612,0.613261,1.60118e-08,0.150998
0.284076,0.412321,1.34204e-07,0.0342484
-0.0181901,0.0450822,3.71738e-07,0.0418315
-0.37054,-0.221769,8.05576e-07,0.0861563
-0.625475,-0.561189,2.27909e-05,0.038785
-0.769376,-0.734876,0.000125899,0.0215246
-1.15364,-0.991715,3.6939e-05,0.165553
-1.37788,-1.18128,0.000365958,0.0275342
-1.55758,-1.37904,0.0128954,0.000494147
-1.81035,-1.65265,0.000224539,0.0263173
-1.8971,-1.81103,0.0380309,0.000158531
-2.2449,-1.9594,9.25917e-05,0.0150461
-2.41812,-2.24918,0.000184553,0.000645034
-2.52721,-2.41813,0.086319,7.48427e-07
-2.70911,-2.52755,0.000453883,2.61139e-05
-3.15052,-2.70912,0.000157819,5.8967e-07
-3.16815,-3.15052,0.200858,2.16338e-08
-3.93066,-3.16815,0.00649826,6.4124e-10
-3.93067,-3.93067,0.653732,5.90898e-08
-4.24497,-4.25801,2.17283e-12,0.00010681
