2.25,2.25,1.63616e-15,1.54778e-06
2.1347,2.14018,3.99543e-14,0.00730361
1.99378,2.00502,4.45253e-13,0.0142204
1.85454,1.8582,2.861e-15,0.00472378
1.67118,1.68006,3.45982e-11,0.0136105
1.44137,1.48495,4.59679e-12,0.0669828
1.14794,1.26099,3.35085e-13,0.108072
1.0197,1.03701,5.75651e-09,0.00995964
0.672574,0.733265,4.87709e-09,0.0542276
0.424469,0.43881,1.32139e-07,0.0151862
0.068249,0.153326,1.16082e-07,0.120696
-0.17431,-0.0562509,5.43036e-07,0.0905559
-0.53385,-0.377094,1.93376e-06,0.121712
-0.71717,-0.611662,4.0442e-05,0.0430746
-0.887123,-0.75768,0.000114852,0.0181615
-1.16854,-1.12303,0.00020442,0.0449209
-1.37871,-1.25454,0.000305735,0.0959563
-1.62975,-1.37981,0.0127936,0.00105727
-1.81089,-1.67415,0.000254794,0.0158566
-1.94347,-1.81115,0.0380017,8.63552e-05
-2.24827,-1.96908,7.84628e-05,0.00623134
-2.41812,-2.24951,0.000184486,0.000196166
-2.52749,-2.41813,0.0863188,1.86171e-07
-2.70912,-2.52756,0.000453746,6.55514e-06
-3.15052,-2.70912,0.000157818,1.44262e-07
-3.16815,-3.15052,0.200858,2.136e-08
-3.93067,-3.16815,0.00649826,5.41132e-10
-3.93067,-3.93067,0.653732,4.92443e-08
-4.25729,-4.25803,8.62047e-13,4.17973e-05
