2.25,2.25,1.07688e-15,5.66172e-07
2.14267,2.14414,5.39376e-13,0.00303474
2.00994,2.01298,1.5475e-14,0.00623357
1.85994,1.86118,2.55302e-13,0.00261199
1.68586,1.69138,4.0449e-11,0.0125502
1.51323,1.53821,2.99481e-12,0.0503388
1.29915,1.32487,3.6271e-14,0.0437081
1.04062,1.04376,5.30437e-09,0.00590735
0.757386,0.789508,3.59326e-09,0.0659864
0.447404,0.474692,8.27325e-08,0.0815947
0.223417,0.345528,7.64732e-08,0.168738
-0.0167762,0.0291885,3.88105e-07,0.0565783
-0.319538,-0.226062,7.54063e-07,0.117039
-0.592128,-0.542535,1.61782e-05,0.0855468
-0.74914,-0.710744,0.000104395,0.0907362
-1.08662,-0.830429,4.13001e-05,0.199578
-1.21015,-1.15191,0.000307827,0.0292434
-1.37937,-1.35613,0.00258386,0.163556
-1.66448,-1.38406,0.0104155,0.0363309
-1.81111,-1.68423,0.000268342,0.0245374
-1.96484,-1.81119,0.037983,0.00011611
-2.24938,-1.97144,7.50139e-05,0.00670843
-2.41812,-2.24956,0.00018448,0.000184685
-2.52755,-2.41813,0.0863188,1.59768e-07
-2.70912,-2.52756,0.000453736,6.13922e-06
-3.15052,-2.70912,0.000157817,1.38496e-07
-3.16815,-3.15052,0.200858,1.22982e-08
-3.93067,-3.16815,0.00649826,2.52307e-10
-3.93067,-3.93067,0.653732,3.58793e-08
-4.25799,-4.25803,3.56852e-13,2.3932e-05
