2.25,2.25,2.0339e-15,2.53391e-07
2.14521,2.14586,6.86952e-14,0.00154655
2.01528,2.0168,2.12908e-12,0.00361067
1.86222,1.86305,4.84604e-13,0.00202608
1.69701,1.70307,4.55943e-12,0.0153816
1.55906,1.5784,8.98032e-11,0.0417596
1.34207,1.35869,4.73936e-11,0.0327203
1.04661,1.05274,5.27656e-09,0.0162906
0.824452,0.905745,8.7313e-10,0.151319
0.528882,0.644899,1.15568e-08,0.112668
0.397404,0.427316,1.28724e-07,0.0155269
0.0504685,0.117113,1.68325e-07,0.0627641
-0.185802,-0.0644408,4.48953e-07,0.0612253
-0.515523,-0.335499,1.22023e-06,0.0788629
-0.68769,-0.579704,2.59462e-05,0.0432018
-0.801221,-0.735168,0.00011741,0.0413141
-1.15089,-0.889945,1.96371e-05,0.272404
-1.36753,-1.15414,0.00031106,0.0348976
-1.39056,-1.35888,0.00304107,0.169267
-1.69377,-1.38458,0.00995327,0.0463557
-1.81127,-1.6843,0.000268834,0.0237116
-1.97624,-1.81119,0.0379827,0.000107807
-2.24975,-1.97165,7.4818e-05,0.00593945
-2.41812,-2.24957,0.000184467,0.000146057
-2.52757,-2.41813,0.0863188,1.3203e-07
-2.70912,-2.52756,0.000453728,4.19905e-06
-3.15052,-2.70912,0.000157818,8.58274e-08
-3.16815,-3.15052,0.200858,7.55187e-09
-3.93067,-3.16815,0.00649827,1.77089e-10
-3.93067,-3.93067,0.653732,1.06731e-08
-4.25802,-4.25803,3.21084e-14,5.95505e-06
