2.25,2.25,1.5175e-15,1.02106e-07
2.1465,2.14686,5.94948e-14,0.000741099
2.0184,2.0194,3.72458e-13,0.00214799
1.86406,1.86487,8.05195e-16,0.00187188
1.71193,1.72127,9.83063e-12,0.0228246
1.59922,1.61584,3.87388e-11,0.0338885
1.37582,1.39303,3.00807e-12,0.0369691
1.06914,1.12402,3.96212e-10,0.132364
0.981966,1.02476,5.54722e-09,0.0346986
0.688149,0.724025,4.49599e-09,0.0507969
0.432909,0.441869,1.2944e-07,0.0177758
0.135064,0.225287,4.3217e-08,0.203254
-0.0588753,0.0205544,3.63341e-07,0.185201
-0.358956,-0.114621,2.27955e-07,0.29725
-0.600383,-0.335504,1.21768e-06,0.0799903
-0.751605,-0.585159,2.89207e-05,0.0206318
-1.08567,-0.742672,0.000121464,0.011427
-1.20548,-0.98305,2.52883e-05,0.111289
-1.37926,-1.16995,0.000343596,0.0182002
-1.65592,-1.37825,0.0128438,0.00136526
-1.81103,-1.49482,0.000126506,0.134562
-1.95433,-1.70423,0.000299793,0.0293734
-2.24725,-1.81128,0.0379354,0.000115631
-2.34296,-1.97521,7.00252e-05,0.00360594
-2.41813,-2.24964,0.000184414,5.39386e-05
-2.52761,-2.41813,0.0863188,3.7934e-08
-2.70913,-2.52756,0.000453704,1.07587e-06
-3.15052,-2.70912,0.000157818,1.82513e-08
-3.16815,-3.15052,0.200858,2.43031e-09
-3.93067,-3.16815,0.00649827,8.0032e-11
-3.93067,-3.93067,0.653732,9.31394e-10
-4.25803,-4.25804,1.60791e-16,4.36425e-07
