2.25,2.25,1.58028e-15,2.51228e-08
2.14715,2.14751,2.79259e-14,0.000235748
2.0203,2.02169,5.55396e-13,0.000996839
1.86577,1.86798,1.23515e-14,0.00209415
1.73325,1.76627,4.89242e-13,0.0279177
1.63088,1.65589,4.39488e-11,0.0143974
1.41173,1.46218,1.31503e-12,0.0344036
1.18499,1.285,3.12502e-12,0.0396038
1.03438,1.043,5.53214e-09,0.00337653
0.74413,0.811382,2.01938e-09,0.040917
0.449147,0.57056,1.69059e-08,0.0681407
0.269272,0.419014,1.25954e-07,0.012022
0.0152189,0.101239,1.87562e-07,0.0209591
-0.236654,-0.0814684,4.79691e-07,0.0209349
-0.536895,-0.183519,1.25555e-08,0.662649
-0.697362,-0.366879,1.57522e-06,0.0185018
-0.802224,-0.598392,3.38214e-05,0.00490724
-1.14407,-0.74942,0.000119058,0.00197104
-1.30887,-1.04596,4.79485e-05,0.0142495
-1.38053,-1.18322,0.000341727,0.00398979
-1.67694,-1.37879,0.0128816,9.05035e-05
-1.81117,-1.56838,9.87103e-05,0.0149448
-1.96868,-1.72741,0.000346753,0.00709778
-2.24944,-1.81137,0.0378578,3.00118e-05
-2.41812,-1.97726,6.7057e-05,0.000481196
-2.52755,-2.24966,0.000184392,4.51751e-06
-2.70912,-2.41813,0.0863188,5.89371e-09
-2.93478,-2.52756,0.000453699,6.54341e-08
-3.15052,-2.70912,0.000157818,9.29573e-10
-3.16815,-3.15052,0.200858,2.42595e-09
-3.93067,-3.16815,0.00649827,7.69234e-11
-3.93067,-3.93067,0.653732,1.95577e-11
-4.25803,-4.25804,7.02749e-20,8.62889e-09
