2.25,2.25,1.56469e-15,2.88399e-09
2.14759,2.14762,3.50958e-14,3.07629e-05
2.02203,2.02219,4.83834e-13,0.000156991
1.86881,1.86927,3.24601e-16,0.000499083
1.77689,1.78233,5.16559e-13,0.00568046
1.66105,1.66353,3.76286e-11,0.00250948
1.47556,1.48304,7.12584e-12,0.00769775
1.29964,1.3075,1.05827e-11,0.00778221
1.04444,1.04553,5.41194e-09,0.00120014
0.831039,0.848996,1.41597e-09,0.020307
0.601278,0.626865,9.82448e-09,0.0264027
0.42393,0.427889,1.3058e-07,0.00412579
0.112791,0.131986,1.26635e-07,0.0284069
-0.0698725,-0.0471325,4.68811e-07,0.044811
-0.355262,-0.170519,7.56284e-09,0.640805
-0.59482,-0.320592,1.05187e-06,0.0706964
-0.7478,-0.557741,1.56117e-05,0.127783
-1.0311,-0.664513,3.82522e-05,0.210082
-1.17903,-0.761047,0.000101187,0.0381833
-1.37866,-1.07188,6.79578e-05,0.0272259
-1.54449,-1.19028,0.000328559,0.00757673
-1.7163,-1.3789,0.0128794,7.64633e-05
-1.81133,-1.58253,0.000103512,0.008155
-1.97617,-1.73393,0.000365445,0.00368072
-2.24965,-1.8114,0.0378287,1.47584e-05
-2.41812,-1.97761,6.65221e-05,0.000157543
-2.52756,-2.24967,0.000184389,9.76091e-07
-2.70912,-2.41813,0.0863188,4.73722e-09
-3.14208,-2.52756,0.000453698,9.98424e-09
-3.15052,-2.70912,0.000157818,1.34436e-10
-3.16815,-3.15052,0.200858,2.35802e-09
-3.93067,-3.16815,0.00649827,7.58646e-11
-3.93067,-3.93067,0.653732,6.92779e-13
-4.25804,-4.25804,1.88646e-20,3.73582e-10
