2.25,2.25,1.56188e-15,1.30885e-09
2.14763,2.14763,3.65922e-14,1.58709e-05
2.02224,2.02228,4.68855e-13,9.64617e-05
1.86947,1.86961,6.90866e-17,0.000407862
1.78461,1.78634,5.49649e-13,0.0048971
1.66457,1.66544,3.59319e-11,0.00250251
1.4865,1.48996,9.66684e-12,0.0107204
1.31119,1.31558,1.30454e-11,0.0144531
1.04622,1.0477,5.23291e-09,0.00683382
0.861764,0.897791,1.01383e-09,0.169488
0.644182,0.700909,4.5857e-09,0.241464
0.431004,0.47502,5.85636e-08,0.354896
0.163244,0.39773,8.21056e-08,0.245326
-0.00855892,0.0996801,1.86316e-07,0.0610606
-0.192359,-0.0769718,4.57227e-07,0.0464177
-0.409404,-0.198536,3.02396e-08,0.641484
-0.605323,-0.357838,1.42827e-06,0.037864
-0.751424,-0.593777,3.19152e-05,0.0122846
-1.05465,-0.746444,0.000119519,0.00806675
-1.18536,-0.977269,1.69705e-05,0.212301
-1.37882,-1.13863,0.000184219,0.147001
-1.57262,-1.21768,0.000213129,0.125446
-1.72889,-1.37901,0.0128685,0.000284879
-1.81139,-1.59025,0.000105793,0.0124435
-1.9773,-1.73698,0.000373756,0.0043542
-2.24966,-1.81141,0.0378145,1.5602e-05
-2.41812,-1.97772,6.63559e-05,0.000112877
-2.52756,-2.24967,0.000184389,4.6391e-07
-2.70912,-2.41813,0.0863188,3.24629e-09
-3.1498,-2.52756,0.000453698,3.54156e-09
-3.15052,-2.70912,0.000157818,3.55431e-11
-3.16815,-3.15052,0.200858,2.33931e-09
-3.93067,-3.16815,0.00649827,7.39249e-11
-3.93067,-3.93067,0.653732,1.91847e-13
-4.25804,-4.25804,1.628e-20,4.82743e-11
