2.25,2.25,1.56212e-15,3.8583e-10
2.14764,2.14764,3.64502e-14,5.20403e-06
2.02231,2.02231,4.6982e-13,3.66312e-05
1.86977,1.86978,7.21882e-17,0.000195937
1.7883,1.78839,4.97945e-13,0.00255903
1.66654,1.66659,3.53223e-11,0.00158484
1.49562,1.49598,1.10647e-11,0.00992249
1.32509,1.32589,1.36402e-11,0.0212096
1.07911,1.08749,7.76998e-10,0.217458
1.02978,1.03292,4.86074e-09,0.0647816
0.800694,0.803483,1.85431e-09,0.0618047
0.582722,0.585189,1.37766e-08,0.0520923
0.422813,0.423101,1.27394e-07,0.00582548
0.11529,0.115975,1.57032e-07,0.013132
-0.0645236,-0.0637654,4.69803e-07,0.0138047
-0.342785,-0.195512,1.37784e-08,0.628232
-0.586008,-0.341808,1.26235e-06,0.0195028
-0.736977,-0.585039,2.79568e-05,0.0174052
-0.83025,-0.734558,0.000106647,0.0446637
-1.08513,-0.816759,2.14457e-05,0.203568
-1.1936,-1.08221,7.69191e-05,0.0393011
-1.37891,-1.19272,0.000320182,0.011296
-1.58429,-1.37891,0.012878,9.61348e-05
-1.73454,-1.58338,0.000103461,0.0109379
-1.81141,-1.73403,0.000364959,0.00580528
-1.97763,-1.8114,0.0378287,2.62708e-05
-2.24967,-1.97759,6.65466e-05,0.000389652
-2.41812,-2.24967,0.00018439,6.9529e-06
-2.52756,-2.41813,0.0863188,8.24616e-09
-2.70912,-2.52756,0.000453697,1.11854e-05
-3.15049,-2.54939,1.76384e-09,2.10854
-3.15052,-2.70912,0.000157818,2.10763e-09
-3.16815,-3.15052,0.200858,2.28395e-09
-3.93067,-3.16815,0.00649827,7.33635e-11
-3.93067,-3.93067,0.653732,1.54898e-12
-4.25804,-4.25804,1.85429e-20,2.4464e-11
