2.25,2.25,1.56532e-15,6.7228e-11
2.14764,2.14764,3.44366e-14,1.05958e-06
2.02233,2.02233,4.9299e-13,9.23466e-06
1.8699,1.86991,1.61852e-15,6.97339e-05
1.79008,1.79023,2.22651e-13,0.00107979
1.66784,1.66798,3.69318e-11,0.000990026
1.50726,1.50909,7.62041e-12,0.0134454
1.3652,1.37317,2.36454e-13,0.0554398
1.25381,1.26291,9.54587e-12,0.0534206
1.04385,1.04408,5.54682e-09,0.0013037
0.834726,0.837123,1.33869e-09,0.013493
0.617347,0.620772,1.06202e-08,0.0184116
0.427461,0.428162,1.28387e-07,0.00372485
0.142273,0.157451,8.29775e-08,0.0884087
-0.0149117,0.0243029,2.06543e-07,0.175298
-0.148588,-0.100454,3.93768e-07,0.129242
-0.37247,-0.230398,2.82553e-08,0.50926
-0.596228,-0.368078,1.49711e-06,0.0324618
-0.747432,-0.595014,3.21595e-05,0.00450129
-0.98739,-0.746735,0.000119201,0.00234168
-1.13959,-0.968554,1.42574e-05,0.0530609
-1.21611,-1.12628,0.000142231,0.029116
-1.37899,-1.20758,0.000252938,0.0139172
-1.58924,-1.37898,0.0128723,3.3169e-05
-1.73655,-1.58808,0.00010501,0.0016094
-1.81142,-1.73607,0.000371098,0.000570327
-1.9777,-1.8114,0.0378189,2.07107e-06
-2.24967,-1.97768,6.64085e-05,1.68641e-05
-2.41812,-2.24967,0.000184389,8.63673e-08
-2.52756,-2.41813,0.0863188,3.07477e-09
-2.70912,-2.52756,0.000453698,8.87189e-10
-3.15052,-2.70912,0.000157818,1.86695e-11
-3.15054,-3.15052,0.200858,2.29646e-09
-3.16815,-3.16815,0.00649827,7.50404e-11
-3.93067,-3.44534,4.29767e-12,0.219478
-3.93067,-3.93067,0.653732,5.15143e-13
-4.25804,-4.25804,1.84524e-20,1.97318e-11
