2.25,2.25,1.56615e-15,2.17746e-11
2.14764,2.14764,3.38262e-14,3.83524e-07
2.02234,2.02234,5.02263e-13,4.23877e-06
1.86994,1.86997,4.6694e-15,4.78861e-05
1.79084,1.79135,9.58598e-14,0.000942413
1.66862,1.66936,3.86519e-11,0.00156372
1.52034,1.53981,1.20582e-12,0.0443565
1.41181,1.44585,1.03327e-11,0.0483448
1.28705,1.2994,2.02964e-11,0.015587
1.04488,1.0459,5.45086e-09,0.00204124
0.848061,0.876436,7.90636e-10,0.072644
0.63953,0.717607,3.39951e-09,0.161176
0.434771,0.552681,1.41294e-08,0.118044
0.313846,0.421578,1.25196e-07,0.00917359
0.0982819,0.117959,1.50166e-07,0.0111701
-0.0746433,-0.0589603,4.62135e-07,0.0124926
-0.350861,-0.210173,9.31267e-09,0.598865
-0.589793,-0.315722,8.60103e-07,0.0566037
-0.741986,-0.467985,1.86255e-06,0.148945
-0.866221,-0.603977,3.35979e-05,0.0148128
-1.08741,-0.749409,0.000117733,0.00255731
-1.19352,-1.01058,2.44694e-05,0.0243167
-1.3789,-1.15262,0.000223137,0.0166454
-1.58112,-1.22633,0.000166066,0.0184218
-1.73131,-1.37901,0.0128676,2.19022e-05
-1.81139,-1.58915,0.000105128,0.000578974
-1.92207,-1.7364,0.000371838,0.000158833
-1.97829,-1.81141,0.0378174,5.38285e-07
-2.24967,-1.97769,6.63943e-05,3.30464e-06
-2.41812,-2.24967,0.000184389,1.26787e-08
-2.52756,-2.41813,0.0863188,2.49417e-09
-2.70912,-2.52756,0.000453698,1.32344e-10
-3.15052,-2.70912,0.000157818,2.85105e-12
-3.15055,-3.15052,0.200858,2.00597e-09
-3.16815,-3.16815,0.00649827,6.21334e-11
-3.93067,-3.50654,4.03449e-13,0.0129331
-3.93067,-3.93067,0.653732,4.26326e-13
-4.25804,-4.25804,1.95623e-20,1.37135e-11
