2.25,2.25,1.56641e-15,9.02745e-12
2.14764,2.14764,3.36079e-14,2.05865e-07
2.02234,2.02234,5.06386e-13,2.69692e-06
1.86999,1.87,7.30548e-15,4.22181e-05
1.79174,1.79202,3.66856e-14,0.0010416
1.67013,1.67091,4.06669e-11,0.00333885
1.56172,1.58116,5.51192e-14,0.0720285
1.46296,1.47188,1.57247e-11,0.026427
1.30542,1.30963,2.12717e-11,0.0142186
1.04723,1.05072,4.79647e-09,0.0234525
0.927087,0.991332,8.33142e-10,0.205909
0.78078,0.808408,1.75825e-09,0.0569426
0.586298,0.600398,1.16365e-08,0.0331727
0.424194,0.425632,1.28606e-07,0.00386183
0.123187,0.131343,1.24086e-07,0.0334013
-0.0518535,-0.0316313,3.68218e-07,0.107143
-0.271407,-0.160934,2.23714e-07,0.321316
-0.406658,-0.210219,1.27123e-08,0.594193
-0.599003,-0.367642,1.44832e-06,0.057864
-0.748267,-0.593955,3.16426e-05,0.0137104
-0.996274,-0.745381,0.000118309,0.0134471
-1.14273,-0.902055,7.3977e-06,0.442269
-1.21727,-1.07846,6.29451e-05,0.200136
-1.37899,-1.1858,0.000314884,0.0759093
-1.58883,-1.31741,6.85771e-05,0.480723
-1.73633,-1.37911,0.0128308,0.00108913
-1.81142,-1.59009,0.000104872,0.00332805
-1.97769,-1.73659,0.000372126,0.000507889
-2.24967,-1.81141,0.0378166,1.34581e-06
-2.41812,-1.97769,6.63892e-05,5.4659e-06
-2.52756,-2.24967,0.000184388,1.22992e-08
-2.70912,-2.41813,0.0863188,2.04428e-09
-3.15047,-2.52756,0.000453698,6.96758e-11
-3.15052,-2.70912,0.000157818,1.9984e-12
-3.16815,-3.15052,0.200858,1.42034e-09
-3.28742,-3.16815,0.00649827,4.69456e-11
-3.93067,-3.51106,1.48557e-13,0.00382556
-3.93067,-3.93067,0.653732,5.68434e-13
-4.25804,-4.25804,1.92134e-20,1.69962e-11
