2.25,2.25,1.56652e-15,2.37144e-12
2.14764,2.14764,3.3495e-14,8.01024e-08
2.02234,2.02234,5.09001e-13,1.49333e-06
1.87002,1.87002,1.00796e-14,3.39235e-05
1.79238,1.79268,4.08741e-15,0.00110479
1.67239,1.67454,4.3454e-11,0.0101285
1.60598,1.62567,1.32099e-15,0.0648644
1.47946,1.48435,1.61307e-11,0.0148261
1.31465,1.3199,2.04768e-11,0.0190101
1.08232,1.14167,8.20005e-11,0.175422
1.03668,1.0422,5.43969e-09,0.00661419
0.822613,0.832004,1.45054e-09,0.0236055
0.610357,0.621502,9.88086e-09,0.0334063
0.427014,0.430133,1.26572e-07,0.0136957
0.153342,0.282434,1.06804e-08,0.371606
0.0342684,0.104124,1.66274e-07,0.0469213
-0.0921328,-0.067205,4.52744e-07,0.02396
-0.354515,-0.209273,3.17162e-08,0.565636
-0.589469,-0.337212,1.11501e-06,0.0419544
-0.737442,-0.533325,5.26367e-06,0.186029
-0.804088,-0.613642,3.13012e-05,0.0581033
-1.05635,-0.750314,0.000116516,0.00473897
-1.17994,-1.01458,2.56193e-05,0.0289988
-1.30618,-1.15429,0.000228089,0.0196918
-1.37912,-1.2276,0.00015988,0.0230512
-1.59102,-1.37901,0.0128675,2.72284e-05
-1.73694,-1.58909,0.000105088,0.00081983
-1.81142,-1.73637,0.000371747,0.000267424
-1.97771,-1.81141,0.0378176,1.02071e-06
-2.24967,-1.97769,6.63968e-05,8.89098e-06
-2.41812,-2.24967,0.000184388,9.52915e-08
-2.52756,-2.41813,0.0863188,2.91235e-09
-2.70912,-2.52756,0.000453698,7.74567e-08
-3.15052,-2.55407,3.10251e-11,1.57556
-3.15052,-2.70912,0.000157818,3.48326e-11
-3.16815,-3.15052,0.200858,8.28564e-10
-3.50736,-3.16815,0.00649827,2.7125e-11
-3.93067,-3.51379,1.23113e-13,0.00500774
-3.93067,-3.93067,0.653732,6.64357e-13
-4.25804,-4.25804,1.93766e-20,1.41753e-11
