0,4.58453
0.02,5.43346
0.04,6.50439
0.06,7.85641
0.08,9.54753
0.1,11.6047
0.12,13.9581
0.14,16.3387
0.16,18.2171
0.18,18.9666
0.2,18.2893
0.22,16.4794
0.24,14.164
0.26,11.8759
0.28,9.88829
0.3,8.27421
0.32,7.0096
0.34,6.03953
0.36,5.30866
0.38,4.77171
0.4,4.39557
0.42,4.15848
0.44,4.04871
0.46,4.06344
0.48,4.20749
0.5,4.49093
0.52,4.92301
0.54,5.4978
0.56,6.16664
0.58,6.80427
0.6,7.20925
0.62,7.19701
0.64,6.74184
0.66,5.99869
0.68,5.17396
0.7,4.41006
0.72,3.7668
0.74,3.25208
0.76,2.85207
0.78,2.54798
0.8,2.32291
0.82,2.16405
0.84,2.06286
0.86,2.01482
0.88,2.01909
0.9,2.07823
0.92,2.19766
0.94,2.3842
0.96,2.64186
0.98,2.96258
1,3.31029
1.02,3.60703
1.04,3.74795
1.06,3.66368
1.08,3.3782
1.1,2.98685
1.12,2.5851
1.14,2.22864
1.16,1.93649
1.18,1.70783
1.2,1.53471
1.22,1.40839
1.24,1.32179
1.26,1.27015
1.28,1.25108
1.3,1.26444
1.32,1.31213
1.34,1.39765
1.36,1.52479
1.38,1.69442
1.4,1.89787
1.42,2.10731
1.44,2.27045
1.46,2.32602
1.48,2.24403
1.5,2.05199
1.52,1.81134
1.54,1.57542
1.56,1.37218
1.58,1.20961
1.6,1.0859
1.62,0.996264
1.64,0.936064
1.66,0.902013
1.68,0.892466
1.7,0.907398
1.72,0.948196
1.74,1.01703
1.76,1.11524
1.78,1.23972
1.8,1.37669
1.82,1.49587
1.84,1.55563
1.86,1.52726
1.88,1.41894
1.9,1.26832
1.92,1.11391
1.94,0.978515
1.96,0.870269
1.98,0.789423
2,0.733508
2.02,0.699945
2.04,0.68706
2.06,0.69433
2.08,0.722178
2.1,0.77121
2.12,0.840391
2.14,0.923552
2.16,1.00497
2.18,1.05899
2.2,1.06141
2.22,1.00786
2.24,0.917679
2.26,0.817767
2.28,0.727312
2.3,0.654953
2.32,0.60267
2.34,0.569765
2.36,0.555077
2.38,0.557778
2.4,0.577183
2.42,0.611603
2.44,0.656048
2.46,0.699569
2.48,0.725723
2.5,0.720535
2.52,0.683428
2.54,0.62768
2.56,0.56976
2.58,0.520855
2.6,0.485949
2.62,0.466241
2.64,0.461074
2.66,0.468322
2.68,0.483432
2.7,0.498284
2.72,0.502561
2.74,0.489492
2.76,0.461195
2.78,0.42658
2.8,0.394685
2.82,0.370934
2.84,0.357272
2.86,0.353204
2.88,0.356019
2.9,0.360391
2.92,0.359112
2.94,0.346656
2.96,0.32322
2.98,0.294118
3,0.265359
3.02,0.240662
3.04,0.221314
3.06,0.207027
3.08,0.196508
3.1,0.187724
3.12,0.178439
3.14,0.167334
3.16,0.154717
3.18,0.14188
3.2,0.129983
3.22,0.119574
3.24,0.110718
3.26,0.103254
3.28,0.0969561
3.3,0.0916143
3.32,0.0870549
3.34,0.083144
3.36,0.0797819
3.38,0.076895
3.4,0.0744249
3.42,0.0723115
3.44,0.0704672
3.46,0.0687528
3.48,0.0669913
3.5,0.0650519
3.52,0.0629392
3.54,0.0607717
3.56,0.0586782
3.58,0.0567329
3.6,0.0549572
3.62,0.0533429
3.64,0.051872
3.66,0.0505254
3.68,0.0492869
3.7,0.0481432
3.72,0.0470834
3.74,0.0460963
3.76,0.0451676
3.78,0.0442772
3.8,0.0434023
3.82,0.0425287
3.84,0.0416594
3.86,0.040808
3.88,0.0399873
3.9,0.0392031
3.92,0.0384559
3.94,0.0377433
3.96,0.0370622
3.98,0.0364094
4,0.0357822
