0,4.58443
0.02,5.43333
0.04,6.50423
0.06,7.85621
0.08,9.54728
0.1,11.6045
0.12,13.9578
0.14,16.3384
0.16,18.2169
0.18,18.9667
0.2,18.2896
0.22,16.4798
0.24,14.1644
0.26,11.8763
0.28,9.88859
0.3,8.27445
0.32,7.00979
0.34,6.03968
0.36,5.30877
0.38,4.7718
0.4,4.39564
0.42,4.15852
0.44,4.04874
0.46,4.06347
0.48,4.20751
0.5,4.49094
0.52,4.92301
0.54,5.4978
0.56,6.16662
0.58,6.8042
0.6,7.20907
0.62,7.19668
0.64,6.74148
0.66,5.99844
0.68,5.17385
0.7,4.41004
0.72,3.76681
0.74,3.25209
0.76,2.85207
0.78,2.54794
0.8,2.32284
0.82,2.16394
0.84,2.0627
0.86,2.0146
0.88,2.01879
0.9,2.07783
0.92,2.19717
0.94,2.38363
0.96,2.64136
0.98,2.96244
1,3.31103
1.02,3.60908
1.04,3.75097
1.06,3.66637
1.08,3.37938
1.1,2.98648
1.12,2.5839
1.14,2.22728
1.16,1.93534
1.18,1.70702
1.2,1.53427
1.22,1.40831
1.24,1.32208
1.26,1.27082
1.28,1.2522
1.3,1.26611
1.32,1.3145
1.34,1.40093
1.36,1.52926
1.38,1.70022
1.4,1.90441
1.42,2.11203
1.44,2.26814
1.46,2.31187
1.48,2.21938
1.5,2.02496
1.52,1.79103
1.54,1.56731
1.56,1.37733
1.58,1.2256
1.6,1.10834
1.62,1.02071
1.64,0.959557
1.66,0.923353
1.68,0.911443
1.7,0.923674
1.72,0.959901
1.74,1.01899
1.76,1.09775
1.78,1.19109
1.8,1.29319
1.82,1.39517
1.84,1.47745
1.86,1.50915
1.88,1.46691
1.9,1.3572
1.92,1.21224
1.94,1.06572
1.96,0.937777
1.98,0.835538
2,0.759048
2.02,0.705925
2.04,0.67372
2.06,0.660856
2.08,0.666883
2.1,0.692387
2.12,0.738502
2.14,0.805625
2.16,0.890654
2.18,0.982484
2.2,1.05854
2.22,1.09012
2.24,1.06042
2.26,0.978908
2.28,0.872738
2.3,0.767163
2.32,0.676158
2.34,0.604245
2.36,0.551168
2.38,0.515176
2.4,0.494608
2.42,0.48849
2.44,0.496638
2.46,0.51944
2.48,0.557158
2.5,0.608362
2.52,0.667133
2.54,0.7202
2.56,0.748449
2.58,0.737277
2.6,0.688458
2.62,0.618418
2.64,0.545332
2.66,0.480522
2.68,0.428312
2.7,0.389108
2.72,0.361895
2.74,0.345543
2.76,0.339293
2.78,0.342803
2.8,0.355839
2.82,0.377481
2.84,0.404651
2.86,0.430429
2.88,0.444365
2.9,0.437551
2.92,0.409526
2.94,0.368521
2.96,0.32467
2.98,0.28465
3,0.251127
3.02,0.224364
3.04,0.203658
3.06,0.188097
3.08,0.176814
3.1,0.168943
3.12,0.163406
3.14,0.158715
3.16,0.153176
3.18,0.145709
3.2,0.136538
3.22,0.126794
3.24,0.117562
3.26,0.109386
3.28,0.102329
3.3,0.0962069
3.32,0.0907967
3.34,0.0859595
3.36,0.0816391
3.38,0.0778032
3.4,0.0744082
3.42,0.0713998
3.44,0.0687235
3.46,0.0663314
3.48,0.0641852
3.5,0.0622557
3.52,0.0605215
3.54,0.0589671
3.56,0.0575784
3.58,0.0563352
3.6,0.0551984
3.62,0.0541002
3.64,0.0529558
3.66,0.0517098
3.68,0.0503772
3.7,0.0490238
3.72,0.0477135
3.74,0.0464808
3.76,0.0453343
3.78,0.0442691
3.8,0.0432759
3.82,0.0423448
3.84,0.0414672
3.86,0.0406361
3.88,0.0398459
3.9,0.0390918
3.92,0.0383703
3.94,0.0376781
3.96,0.0370129
3.98,0.0363724
4,0.0357549
