0,15.1342
0.02,15.0119
0.04,14.2
0.06,13.1409
0.08,12.2206
0.1,11.6584
0.12,11.5501
0.14,11.9361
0.16,12.8404
0.18,14.2707
0.2,16.1735
0.22,18.3426
0.24,20.3204
0.26,21.4472
0.28,21.2137
0.3,19.6689
0.32,17.3656
0.34,14.9217
0.36,12.726
0.38,10.9313
0.4,9.55482
0.42,8.56057
0.44,7.90336
0.46,7.54686
0.48,7.46645
0.5,7.64145
0.52,8.03488
0.54,8.55854
0.56,9.03981
0.58,9.24571
0.6,9.01098
0.62,8.37004
0.64,7.52043
0.66,6.66671
0.68,5.92494
0.7,5.3258
0.72,4.85663
0.74,4.50003
0.76,4.25158
0.78,4.117
0.8,4.10357
0.82,4.21476
0.84,4.44366
0.86,4.75881
0.88,5.08408
0.9,5.29595
0.92,5.27491
0.94,4.9935
0.96,4.5389
0.98,4.03835
1,3.58438
1.02,3.21921
1.04,2.95268
1.06,2.78143
1.08,2.69986
1.1,2.70417
1.12,2.79191
1.14,2.95704
1.16,3.17939
1.18,3.41039
1.2,3.56946
1.22,3.57587
1.24,3.40747
1.26,3.11956
1.28,2.79752
1.3,2.50539
1.32,2.27355
1.34,2.11017
1.36,2.01428
1.38,1.98322
1.4,2.01525
1.42,2.10853
1.44,2.25627
1.46,2.4374
1.48,2.60657
1.5,2.69836
1.52,2.66139
1.54,2.49929
1.56,2.26679
1.58,2.02627
1.6,1.81758
1.62,1.65687
1.64,1.54695
1.66,1.486
1.68,1.47202
1.7,1.50418
1.72,1.58188
1.74,1.70122
1.76,1.84809
1.78,1.98987
1.8,2.07647
1.82,2.06415
1.84,1.94945
1.86,1.77187
1.88,1.58149
1.9,1.4122
1.92,1.27853
1.94,1.18334
1.96,1.12511
1.98,1.10186
2,1.11268
2.02,1.15769
2.04,1.23655
2.06,1.3448
2.08,1.46765
2.1,1.57438
2.12,1.62384
2.14,1.58862
2.16,1.47781
2.18,1.32855
2.2,1.17811
2.22,1.04831
2.24,0.946968
2.26,0.874525
2.28,0.829048
2.3,0.808694
2.32,0.812611
2.34,0.8409
2.36,0.893723
2.38,0.96904
2.4,1.05844
2.42,1.14243
2.44,1.19155
2.46,1.18112
2.48,1.1107
2.5,1.00433
2.52,0.891006
2.54,0.789838
2.56,0.708658
2.58,0.648693
2.6,0.608683
2.62,0.587096
2.64,0.582974
2.66,0.595987
2.68,0.625795
2.7,0.67045
2.72,0.723571
2.74,0.771476
2.76,0.794852
2.78,0.779243
2.8,0.726729
2.82,0.65383
2.84,0.578556
2.86,0.51201
2.88,0.458391
2.9,0.418055
2.92,0.389966
2.94,0.372882
2.96,0.365637
2.98,0.366768
3,0.373572
3.02,0.381016
3.04,0.38197
3.06,0.370522
3.08,0.346341
3.1,0.314631
3.12,0.281705
3.14,0.251625
3.16,0.22591
3.18,0.204571
3.2,0.18702
3.22,0.172552
3.24,0.160537
3.26,0.15046
3.28,0.141928
3.3,0.134642
3.32,0.128378
3.34,0.122973
3.36,0.118311
3.38,0.114306
3.4,0.110897
3.42,0.108016
3.44,0.105556
3.46,0.103325
3.48,0.101034
3.5,0.0984101
3.52,0.0953796
3.54,0.092111
3.56,0.088855
3.58,0.085788
3.6,0.0829802
3.62,0.0804332
3.64,0.0781198
3.66,0.0760061
3.68,0.0740608
3.7,0.0722575
3.72,0.0705753
3.74,0.0689975
3.76,0.0675111
3.78,0.0661057
3.8,0.0647732
3.82,0.063507
3.84,0.0623022
3.86,0.0611548
3.88,0.0600617
3.9,0.0590195
3.92,0.0580234
3.94,0.0570648
3.96,0.0561303
3.98,0.0552056
4,0.0542835
