0,15.1364
0.02,15.0146
0.04,14.2018
0.06,13.1407
0.08,12.2173
0.1,11.6515
0.12,11.5388
0.14,11.9199
0.16,12.8192
0.18,14.2458
0.2,16.1499
0.22,18.3315
0.24,20.3385
0.26,21.507
0.28,21.3063
0.3,19.7635
0.32,17.4321
0.34,14.9496
0.36,12.7211
0.38,10.9034
0.4,9.51017
0.42,8.50038
0.44,7.82559
0.46,7.44778
0.48,7.34271
0.5,7.49393
0.52,7.87622
0.54,8.42407
0.56,8.99181
0.58,9.34824
0.6,9.2732
0.62,8.71919
0.64,7.84876
0.66,6.89471
0.68,6.02389
0.7,5.31022
0.72,4.76817
0.74,4.38765
0.76,4.15373
0.78,4.05413
0.8,4.07901
0.82,4.21452
0.84,4.42965
0.86,4.66108
0.88,4.81618
0.9,4.81858
0.92,4.66947
0.94,4.44812
0.96,4.2486
0.98,4.12643
1,4.08343
1.02,4.07134
1.04,4.01103
1.06,3.83939
1.08,3.5571
1.1,3.22184
1.12,2.899
1.14,2.62917
1.16,2.42781
1.18,2.29695
1.2,2.23469
1.22,2.23998
1.24,2.31406
1.26,2.45919
1.28,2.67384
1.3,2.9424
1.32,3.22021
1.34,3.42668
1.36,3.47299
1.38,3.32417
1.4,3.02938
1.42,2.67864
1.44,2.34413
1.46,2.06123
1.48,1.83878
1.5,1.6735
1.52,1.55883
1.54,1.48902
1.56,1.46059
1.58,1.47265
1.6,1.52672
1.62,1.62592
1.64,1.7728
1.66,1.96418
1.68,2.18181
1.7,2.38199
1.72,2.49889
1.74,2.47846
1.76,2.3218
1.78,2.08386
1.8,1.82935
1.82,1.60004
1.84,1.4124
1.86,1.26813
1.88,1.1632
1.9,1.09278
1.92,1.05315
1.94,1.04238
1.96,1.06042
1.98,1.1088
2,1.1899
2.02,1.3049
2.04,1.4493
2.06,1.60556
2.08,1.73696
2.1,1.79552
2.12,1.75146
2.14,1.61848
2.16,1.44133
2.18,1.26288
2.2,1.10732
2.22,0.982609
2.24,0.888324
2.26,0.82124
2.28,0.778102
2.3,0.75668
2.32,0.756065
2.34,0.776618
2.36,0.819621
2.38,0.886298
2.4,0.975523
2.42,1.07948
2.44,1.17836
2.46,1.24065
2.48,1.2379
2.5,1.1668
2.52,1.05201
2.54,0.925763
2.56,0.81014
2.58,0.714457
2.6,0.640145
2.62,0.585444
2.64,0.547996
2.66,0.525945
2.68,0.518272
2.7,0.524797
2.72,0.545898
2.74,0.581789
2.76,0.630896
2.78,0.687045
2.8,0.73667
2.82,0.760658
2.84,0.744956
2.86,0.692056
2.88,0.618557
2.9,0.542226
2.92,0.473832
2.94,0.417257
2.96,0.372561
2.98,0.338397
3,0.31323
3.02,0.295773
3.04,0.284997
3.06,0.279866
3.08,0.278788
3.1,0.278972
3.12,0.276422
3.14,0.267609
3.16,0.25195
3.18,0.232079
3.2,0.211495
3.22,0.192551
3.24,0.176168
3.26,0.162378
3.28,0.150851
3.3,0.14118
3.32,0.132994
3.34,0.125991
3.36,0.119932
3.38,0.114635
3.4,0.109964
3.42,0.105811
3.44,0.102097
3.46,0.0987619
3.48,0.0957619
3.5,0.0930649
3.52,0.0906478
3.54,0.0884905
3.56,0.0865646
3.58,0.0848148
3.6,0.0831411
3.62,0.0814099
3.64,0.0795222
3.66,0.0774857
3.68,0.0753985
3.7,0.0733662
3.72,0.0714503
3.74,0.0696691
3.76,0.0680168
3.78,0.0664791
3.8,0.0650403
3.82,0.0636867
3.84,0.0624068
3.86,0.0611913
3.88,0.0600329
3.9,0.0589254
3.92,0.0578641
3.94,0.0568448
3.96,0.0558641
3.98,0.0549193
4,0.0540078
