0,84.4873
0.02,124.518
0.04,171.894
0.06,191.777
0.08,161.631
0.1,116.343
0.12,82.8723
0.14,63.2312
0.16,53.4456
0.18,49.3234
0.2,46.8543
0.22,45.966
0.24,48.3171
0.26,51.0314
0.28,51.1744
0.3,52.8358
0.32,57.0517
0.34,55.7949
0.36,46.3747
0.38,37.0614
0.4,32.1185
0.42,30.4105
0.44,28.0088
0.46,23.1872
0.48,18.5715
0.5,15.6925
0.52,14.5487
0.54,14.8712
0.56,15.8577
0.58,15.5535
0.6,13.4492
0.62,11.3625
0.64,10.2489
0.66,10.1947
0.68,11.2385
0.7,13.3683
0.72,15.5737
0.74,15.4992
0.76,13.306
0.78,11.4045
0.8,10.7852
0.82,11.5849
0.84,13.9442
0.86,17.5983
0.88,20.1345
0.9,18.4283
0.92,14.5059
0.94,11.4797
0.96,10.0049
0.98,9.93686
1,11.1898
1.02,13.3193
1.04,14.3156
1.06,12.4249
1.08,9.47461
1.1,7.22938
1.12,5.86557
1.14,5.15367
1.16,4.94124
1.18,5.20637
1.2,6.02444
1.22,7.36441
1.24,8.43463
1.26,7.9075
1.28,6.30323
1.3,4.91035
1.32,4.04426
1.34,3.59856
1.36,3.47053
1.38,3.63445
1.4,4.14525
1.42,5.12983
1.44,6.64701
1.46,8.08538
1.48,7.98493
1.5,6.46776
1.52,4.99031
1.54,4.06767
1.56,3.62767
1.58,3.56543
1.6,3.86396
1.62,4.60691
1.64,5.9607
1.66,7.94209
1.68,9.57778
1.7,9.08235
1.72,7.04093
1.74,5.20566
1.76,4.04136
1.78,3.40928
1.8,3.16032
1.82,3.23853
1.84,3.6795
1.86,4.58365
1.88,5.91991
1.9,6.91047
1.92,6.36477
1.94,4.86734
1.96,3.57589
1.98,2.73697
2,2.23296
2.02,1.94646
2.04,1.81152
2.06,1.80311
2.08,1.92947
2.1,2.23401
2.12,2.79586
2.14,3.65937
2.16,4.50189
2.18,4.48024
2.2,3.59604
2.22,2.69121
2.24,2.08528
2.26,1.73187
2.28,1.54971
2.3,1.49229
2.32,1.54652
2.34,1.72952
2.36,2.09321
2.38,2.72619
2.4,3.67835
2.42,4.60262
2.44,4.58935
2.46,3.64079
2.48,2.6663
2.5,2.01087
2.52,1.62419
2.54,1.41812
2.56,1.3419
2.58,1.38085
2.6,1.55235
2.62,1.906
2.64,2.49549
2.66,3.19499
2.68,3.41877
2.7,2.85884
2.72,2.10852
2.74,1.55886
2.76,1.217
2.78,1.01507
2.8,0.905318
2.82,0.86464
2.84,0.888899
2.86,0.991331
2.88,1.20234
2.9,1.54556
2.92,1.91081
2.94,1.94344
2.96,1.57359
2.98,1.15803
3,0.863257
3.02,0.675505
3.04,0.5562
3.06,0.479154
3.08,0.429767
3.1,0.400846
3.12,0.390263
3.14,0.400115
3.16,0.435148
3.18,0.491023
3.2,0.522962
3.22,0.477413
3.24,0.393647
3.26,0.324088
3.28,0.276675
3.3,0.244798
3.32,0.222513
3.34,0.206177
3.36,0.193699
3.38,0.18387
3.4,0.175995
3.42,0.169695
3.44,0.164825
3.46,0.161471
3.48,0.160004
3.5,0.16114
3.52,0.165474
3.54,0.170753
3.56,0.169005
3.58,0.157951
3.6,0.145623
3.62,0.136123
3.64,0.129216
3.66,0.123996
3.68,0.119829
3.7,0.116342
3.72,0.113317
3.74,0.110626
3.76,0.108193
3.78,0.105969
3.8,0.103929
3.82,0.102062
3.84,0.100378
3.86,0.098908
3.88,0.0977235
3.9,0.096947
3.92,0.0967015
3.94,0.0967244
3.96,0.0957733
3.98,0.0931908
4,0.0902341
