0,81.6138
0.02,120.754
0.04,171.288
0.06,202.007
0.08,177.906
0.1,128.068
0.12,87.7646
0.14,61.9698
0.16,46.2642
0.18,36.8006
0.2,31.3305
0.22,28.7164
0.24,28.5538
0.26,31.0418
0.28,37.0571
0.3,48.2588
0.32,66.109
0.34,85.8986
0.36,89.8794
0.38,72.1552
0.4,50.7183
0.42,35.2561
0.44,25.3891
0.46,19.0968
0.48,14.9494
0.5,12.1092
0.52,10.0958
0.54,8.62758
0.56,7.53411
0.58,6.70887
0.6,6.08374
0.62,5.61468
0.64,5.27361
0.66,5.04388
0.68,4.9179
0.7,4.89643
0.72,4.98923
0.74,5.21756
0.76,5.6192
0.78,6.25788
0.8,7.24087
0.82,8.75186
0.84,11.112
0.86,14.8837
0.88,20.9741
0.9,30.2743
0.92,40.9846
0.94,44.5444
0.96,36.5242
0.98,25.648
1,17.6094
1.02,12.4852
1.04,9.24787
1.06,7.13792
1.08,5.70793
1.1,4.70203
1.12,3.97095
1.14,3.42467
1.16,3.00696
1.18,2.68155
1.2,2.42433
1.22,2.21889
1.24,2.05384
1.26,1.92117
1.28,1.81522
1.3,1.73204
1.32,1.66895
1.34,1.62433
1.36,1.59746
1.38,1.58847
1.4,1.59844
1.42,1.6295
1.44,1.68519
1.46,1.77092
1.48,1.89486
1.5,2.0693
1.52,2.31302
1.54,2.65538
1.56,3.14365
1.58,3.85643
1.6,4.92872
1.62,6.59683
1.64,9.26208
1.66,13.4678
1.68,19.1744
1.7,23.3722
1.72,21.4425
1.74,15.7221
1.76,10.7422
1.78,7.45688
1.8,5.39409
1.82,4.07292
1.84,3.19462
1.86,2.58793
1.88,2.15408
1.9,1.83441
1.92,1.5928
1.94,1.40627
1.96,1.25974
1.98,1.14301
2,1.04904
2.02,0.972892
2.04,0.911018
2.06,0.860884
2.08,0.820672
2.1,0.789111
2.12,0.765356
2.14,0.74893
2.16,0.739683
2.18,0.737803
2.2,0.743845
2.22,0.758812
2.24,0.784286
2.26,0.822655
2.28,0.87747
2.3,0.954043
2.32,1.06044
2.34,1.20921
2.36,1.42045
2.38,1.72743
2.4,2.18704
2.42,2.8988
2.44,4.03326
2.46,5.83429
2.48,8.36242
2.5,10.4866
2.52,9.98904
2.54,7.47672
2.56,5.13036
2.58,3.55529
2.6,2.56547
2.62,1.93384
2.64,1.51577
2.66,1.22811
2.68,1.02301
2.7,0.872203
2.72,0.758357
2.74,0.670499
2.76,0.601459
2.78,0.546428
2.8,0.502112
2.82,0.466224
2.84,0.437176
2.86,0.413884
2.88,0.395662
2.9,0.382161
2.92,0.373371
2.94,0.369669
2.96,0.371952
2.98,0.381899
3,0.402469
3.02,0.438842
3.04,0.500171
3.06,0.602556
3.08,0.771956
3.1,1.03345
3.12,1.3335
3.14,1.42571
3.16,1.18929
3.18,0.875386
3.2,0.643429
3.22,0.494449
3.24,0.399101
3.26,0.335838
3.28,0.291974
3.3,0.260249
3.32,0.236419
3.34,0.21792
3.36,0.203142
3.38,0.191043
3.4,0.180926
3.42,0.172309
3.44,0.164853
3.46,0.158313
3.48,0.152508
3.5,0.147302
3.52,0.14259
3.54,0.138293
3.56,0.134346
3.58,0.1307
3.6,0.127312
3.62,0.124151
3.64,0.121188
3.66,0.1184
3.68,0.115769
3.7,0.113278
3.72,0.110913
3.74,0.108662
3.76,0.106516
3.78,0.104464
3.8,0.102501
3.82,0.100617
3.84,0.0988084
3.86,0.0970685
3.88,0.0953929
3.9,0.0937773
3.92,0.0922177
3.94,0.0907107
3.96,0.089253
3.98,0.0878419
4,0.0864747
