0,48.7388
0.02,65.026
0.04,83.7338
0.06,97.6026
0.08,97.2652
0.1,83.6185
0.12,66.5251
0.14,52.6468
0.16,43.4474
0.18,38.3925
0.2,36.6518
0.22,37.1978
0.24,38.5552
0.26,39.6069
0.28,40.1031
0.3,39.0519
0.32,35.508
0.34,30.8886
0.36,27.2034
0.38,24.9763
0.4,23.336
0.42,21.1317
0.44,18.388
0.46,15.9749
0.48,14.4255
0.5,13.8041
0.52,13.8834
0.54,14.0765
0.56,13.6495
0.58,12.5701
0.6,11.5143
0.62,11.0082
0.64,11.1994
0.66,11.9327
0.68,12.6374
0.7,12.5325
0.72,11.5701
0.74,10.5053
0.76,9.94647
0.78,10.0992
0.8,10.9153
0.82,11.9981
0.84,12.4655
0.86,11.6729
0.88,10.1142
0.9,8.66121
0.92,7.72411
0.94,7.36795
0.96,7.55301
0.98,8.14248
1,8.72689
1.02,8.66302
1.04,7.77422
1.06,6.58509
1.08,5.58093
1.1,4.91007
1.12,4.56242
1.14,4.51057
1.16,4.74871
1.18,5.26781
1.2,5.9515
1.22,6.43133
1.24,6.27542
1.26,5.56027
1.28,4.74821
1.3,4.13238
1.32,3.77745
1.34,3.67197
1.36,3.81006
1.38,4.20886
1.4,4.88181
1.42,5.73476
1.44,6.39744
1.46,6.36371
1.48,5.63721
1.5,4.72506
1.52,3.99305
1.54,3.53202
1.56,3.3267
1.58,3.3584
1.6,3.63111
1.62,4.15401
1.64,4.86071
1.66,5.45895
1.68,5.48945
1.7,4.87216
1.72,4.02405
1.74,3.29458
1.76,2.77873
1.78,2.45651
1.8,2.29286
1.82,2.2681
1.84,2.38249
1.86,2.65154
1.88,3.08304
1.9,3.60575
1.92,3.9698
1.94,3.87639
1.96,3.37619
1.98,2.78854
2,2.31416
2.02,1.99093
2.04,1.79844
2.06,1.71383
2.08,1.72691
2.1,1.8422
2.12,2.07699
2.14,2.44895
2.16,2.92955
2.18,3.35075
2.2,3.42321
2.22,3.071
2.24,2.54827
2.26,2.0886
2.28,1.76173
2.3,1.55776
2.32,1.4544
2.34,1.4384
2.36,1.50946
2.38,1.67939
2.4,1.96497
2.42,2.3581
2.44,2.75211
2.46,2.90673
2.48,2.67813
2.5,2.23356
2.52,1.80359
2.54,1.47944
2.56,1.26145
2.58,1.12851
2.6,1.06383
2.62,1.06005
2.64,1.11897
2.66,1.24868
2.68,1.45164
2.7,1.68932
2.72,1.83915
2.74,1.77077
2.76,1.52526
2.78,1.25058
2.8,1.03086
2.82,0.878984
2.84,0.784288
2.86,0.735915
2.88,0.728635
2.9,0.76315
2.92,0.843747
2.94,0.968908
2.96,1.1062
2.98,1.17134
3,1.096
3.02,0.925768
3.04,0.749758
3.06,0.609264
3.08,0.506679
3.1,0.433199
3.12,0.380248
3.14,0.34172
3.16,0.31371
3.18,0.29392
3.2,0.281197
3.22,0.275086
3.24,0.27487
3.26,0.277284
3.28,0.274606
3.3,0.260545
3.32,0.238895
3.34,0.217372
3.36,0.199526
3.38,0.185488
3.4,0.174407
3.42,0.165462
3.44,0.158053
3.46,0.151775
3.48,0.146358
3.5,0.141626
3.52,0.137465
3.54,0.13381
3.56,0.130637
3.58,0.127963
3.6,0.125837
3.62,0.124295
3.64,0.123189
3.66,0.121887
3.68,0.119472
3.7,0.115871
3.72,0.111947
3.74,0.10835
3.76,0.105227
3.78,0.102509
3.8,0.100098
3.82,0.0979158
3.84,0.0959074
3.86,0.0940359
3.88,0.0922763
3.9,0.0906108
3.92,0.0890273
3.94,0.0875169
3.96,0.0860736
3.98,0.0846938
4,0.0833762
