0,48.3645
0.02,64.6781
0.04,83.9063
0.06,99.1799
0.08,100.365
0.1,86.8293
0.12,68.466
0.14,52.7852
0.16,41.6107
0.18,34.3596
0.2,30.149
0.22,28.3971
0.24,28.8931
0.26,31.7241
0.28,37.0061
0.3,44.0256
0.32,49.7273
0.34,49.5003
0.36,42.7706
0.38,33.806
0.4,25.9906
0.42,20.1534
0.44,15.9944
0.46,13.0426
0.48,10.9246
0.5,9.38583
0.52,8.25977
0.54,7.43936
0.56,6.85675
0.58,6.4711
0.6,6.26169
0.62,6.22494
0.64,6.37463
0.66,6.74543
0.68,7.40041
0.7,8.44382
0.72,10.038
0.74,12.4119
0.76,15.8027
0.78,20.1511
0.8,24.3446
0.82,25.9253
0.84,23.5359
0.86,18.9701
0.88,14.5399
0.9,11.1151
0.92,8.66083
0.94,6.92559
0.96,5.68515
0.98,4.78134
1,4.1094
1.02,3.60072
1.04,3.21
1.06,2.90694
1.08,2.67101
1.1,2.48821
1.12,2.34903
1.14,2.24722
1.16,2.17902
1.18,2.1428
1.2,2.13886
1.22,2.16961
1.24,2.23997
1.26,2.35812
1.28,2.53686
1.3,2.79589
1.32,3.16534
1.34,3.69159
1.36,4.4458
1.38,5.53405
1.4,7.09796
1.42,9.25953
1.44,11.8861
1.46,14.1207
1.48,14.5073
1.5,12.7069
1.52,10.0233
1.54,7.61457
1.56,5.80609
1.58,4.52215
1.6,3.61561
1.62,2.96655
1.64,2.49237
1.66,2.13866
1.68,1.86972
1.7,1.6619
1.72,1.49923
1.74,1.37079
1.76,1.26896
1.78,1.18844
1.8,1.1255
1.82,1.07757
1.84,1.043
1.86,1.02086
1.88,1.01088
1.9,1.01344
1.92,1.02965
1.94,1.06148
1.96,1.11208
1.98,1.18622
2,1.29102
2.02,1.43719
2.04,1.64093
2.06,1.92703
2.08,2.33339
2.1,2.91645
2.12,3.75176
2.14,4.90526
2.16,6.30986
2.18,7.51508
2.2,7.74289
2.22,6.79712
2.24,5.36744
2.26,4.07869
2.28,3.10993
2.3,2.42222
2.32,1.937
2.34,1.58994
2.36,1.33669
2.38,1.14804
2.4,1.00484
2.42,0.894411
2.44,0.808225
2.46,0.740463
2.48,0.687115
2.5,0.645415
2.52,0.613486
2.54,0.590124
2.56,0.574673
2.58,0.566975
2.6,0.567376
2.62,0.576809
2.64,0.596965
2.66,0.63059
2.68,0.681993
2.7,0.757866
2.72,0.868575
2.74,1.02998
2.76,1.26511
2.78,1.60193
2.8,2.05332
2.82,2.55193
2.84,2.87056
2.86,2.76696
2.88,2.32041
2.9,1.80895
2.92,1.38913
2.94,1.08266
2.96,0.865486
2.98,0.710662
3,0.598125
3.02,0.514384
3.04,0.450585
3.06,0.400888
3.08,0.36138
3.1,0.329392
3.12,0.303061
3.14,0.281065
3.16,0.262446
3.18,0.246498
3.2,0.232691
3.22,0.220624
3.24,0.209987
3.26,0.20054
3.28,0.192093
3.3,0.184496
3.32,0.177627
3.34,0.171391
3.36,0.165711
3.38,0.160526
3.4,0.155789
3.42,0.151466
3.44,0.147536
3.46,0.143992
3.48,0.140847
3.5,0.138138
3.52,0.135935
3.54,0.134362
3.56,0.133617
3.58,0.133972
3.6,0.135686
3.62,0.138557
3.64,0.140978
3.66,0.139928
3.68,0.13433
3.7,0.126697
3.72,0.119572
3.74,0.113756
3.76,0.109125
3.78,0.105369
3.8,0.10223
3.82,0.0995254
3.84,0.0971341
3.86,0.0949759
3.88,0.0929967
3.9,0.0911591
3.92,0.0894368
3.94,0.0878104
3.96,0.0862659
3.98,0.0847924
4,0.0833814
