0,76.0989
0.02,88.5488
0.04,98.1331
0.06,101.835
0.08,98.609
0.1,90.3425
0.12,80.2664
0.14,70.9008
0.16,63.3931
0.18,57.8848
0.2,54.0771
0.22,51.597
0.24,50.0677
0.26,49.0794
0.28,48.276
0.3,47.3819
0.32,46.0515
0.34,43.9185
0.36,40.9613
0.38,37.6051
0.4,34.3326
0.42,31.3295
0.44,28.5268
0.46,25.8689
0.48,23.4524
0.5,21.4286
0.52,19.864
0.54,18.6923
0.56,17.7468
0.58,16.858
0.6,15.971
0.62,15.1689
0.64,14.579
0.66,14.2772
0.68,14.247
0.7,14.3718
0.72,14.4661
0.74,14.3818
0.76,14.1315
0.78,13.8804
0.8,13.8117
0.82,14.0114
0.84,14.4182
0.86,14.8198
0.88,14.9308
0.9,14.5837
0.92,13.873
0.94,13.0676
0.96,12.4099
0.98,12.004
1,11.8028
1.02,11.6365
1.04,11.2955
1.06,10.673
1.08,9.8433
1.1,8.98126
1.12,8.23667
1.14,7.68643
1.16,7.34895
1.18,7.20419
1.2,7.19617
1.22,7.22652
1.24,7.17192
1.26,6.94915
1.28,6.57668
1.3,6.15256
1.32,5.77911
1.34,5.52014
1.36,5.40313
1.38,5.43326
1.4,5.59783
1.42,5.85675
1.44,6.1274
1.46,6.29243
1.48,6.25969
1.5,6.03614
1.52,5.72296
1.54,5.439
1.56,5.26558
1.58,5.24184
1.6,5.37782
1.62,5.6576
1.64,6.026
1.66,6.37141
1.68,6.54385
1.7,6.43896
1.72,6.083
1.74,5.60863
1.76,5.15526
1.78,4.80952
1.8,4.60677
1.82,4.55063
1.84,4.62186
1.86,4.77197
1.88,4.91348
1.9,4.93657
1.92,4.77067
1.94,4.43876
1.96,4.03244
1.98,3.64217
2,3.32055
2.02,3.08691
2.04,2.94363
2.06,2.88743
2.08,2.91319
2.1,3.01115
2.12,3.15829
2.14,3.30789
2.16,3.39211
2.18,3.35507
2.2,3.19612
2.22,2.96975
2.24,2.74207
2.26,2.5578
2.28,2.43752
2.3,2.38804
2.32,2.41082
2.34,2.50477
2.36,2.66289
2.38,2.863
2.4,3.0566
2.42,3.17186
2.44,3.14936
2.46,2.98898
2.48,2.74978
2.5,2.50303
2.52,2.29653
2.54,2.15154
2.56,2.07367
2.58,2.06167
2.6,2.10962
2.62,2.20305
2.64,2.31117
2.66,2.3844
2.68,2.37249
2.7,2.25947
2.72,2.07638
2.74,1.87379
2.76,1.69046
2.78,1.54513
2.8,1.44301
2.82,1.38333
2.84,1.36323
2.86,1.37776
2.88,1.41684
2.9,1.46076
2.92,1.48013
2.94,1.44847
2.96,1.36134
2.98,1.23907
3,1.10907
3.02,0.990209
3.04,0.890322
3.06,0.810385
3.08,0.74856
3.1,0.702352
3.12,0.669293
3.14,0.646714
3.16,0.630953
3.18,0.616712
3.2,0.59803
3.22,0.571433
3.24,0.538227
3.26,0.502768
3.28,0.469018
3.3,0.439004
3.32,0.413178
3.34,0.391212
3.36,0.372539
3.38,0.356604
3.4,0.342949
3.42,0.331228
3.44,0.321187
3.46,0.312637
3.48,0.305391
3.5,0.299172
3.52,0.293498
3.54,0.287667
3.56,0.281025
3.58,0.273409
3.6,0.265232
3.62,0.257097
3.64,0.249421
3.66,0.24237
3.68,0.235946
3.7,0.230086
3.72,0.224712
3.74,0.219751
3.76,0.215145
3.78,0.210849
3.8,0.206832
3.82,0.203069
3.84,0.199546
3.86,0.196252
3.88,0.193172
3.9,0.190274
3.92,0.187492
3.94,0.184719
3.96,0.181843
3.98,0.178828
4,0.175734
