0,76.0074
0.02,89.089
0.04,99.7214
0.06,104.529
0.08,101.765
0.1,92.8567
0.12,81.1623
0.14,69.6495
0.16,59.9117
0.18,52.4547
0.2,47.254
0.22,44.1262
0.24,42.8916
0.26,43.3996
0.28,45.4479
0.3,48.5945
0.32,51.9094
0.34,53.9371
0.36,53.289
0.38,49.6442
0.4,43.9869
0.42,37.742
0.44,31.9254
0.46,26.971
0.48,22.9354
0.5,19.7125
0.52,17.1562
0.54,15.1303
0.56,13.5236
0.58,12.2508
0.6,11.2482
0.62,10.4699
0.64,9.88371
0.66,9.469
0.68,9.21474
0.7,9.11892
0.72,9.18861
0.74,9.44075
0.76,9.90363
0.78,10.6186
0.8,11.6408
0.82,13.0354
0.84,14.8624
0.86,17.1336
0.88,19.7247
0.9,22.2537
0.92,24.0454
0.94,24.4014
0.96,23.1143
0.98,20.6534
1,17.7619
1.02,14.9988
1.04,12.6202
1.06,10.6753
1.08,9.12008
1.1,7.88457
1.12,6.90121
1.14,6.11401
1.16,5.47927
1.18,4.96382
1.2,4.54274
1.22,4.19737
1.24,3.91375
1.26,3.68148
1.28,3.49284
1.3,3.34224
1.32,3.22576
1.34,3.14091
1.36,3.08647
1.38,3.06242
1.4,3.07001
1.42,3.11186
1.44,3.19226
1.46,3.31753
1.48,3.49661
1.5,3.74185
1.52,4.07008
1.54,4.5037
1.56,5.07171
1.58,5.8092
1.6,6.75266
1.62,7.92476
1.64,9.29891
1.66,10.7391
1.68,11.9491
1.7,12.5348
1.72,12.247
1.74,11.1942
1.76,9.74474
1.78,8.2549
1.8,6.92563
1.82,5.82122
1.84,4.93367
1.86,4.22915
1.88,3.67054
1.9,3.22556
1.92,2.86852
1.94,2.57971
1.96,2.3443
1.98,2.15112
2,1.99183
2.02,1.86012
2.04,1.75127
2.06,1.66172
2.08,1.58885
2.1,1.53075
2.12,1.48613
2.14,1.4542
2.16,1.43467
2.18,1.42771
2.2,1.434
2.22,1.45482
2.24,1.4921
2.26,1.54869
2.28,1.62852
2.3,1.73705
2.32,1.88162
2.34,2.07209
2.36,2.32119
2.38,2.64453
2.4,3.0588
2.42,3.57573
2.44,4.18746
2.46,4.84053
2.48,5.41027
2.5,5.71957
2.52,5.64004
2.54,5.19929
2.56,4.55581
2.58,3.87688
2.6,3.26287
2.62,2.74912
2.64,2.33474
2.66,2.00519
2.68,1.74358
2.7,1.53497
2.72,1.36738
2.74,1.2316
2.76,1.12069
2.78,1.02946
2.8,0.954033
2.82,0.89152
2.84,0.839792
2.86,0.797311
2.88,0.763016
2.9,0.736255
2.92,0.716754
2.94,0.704612
2.96,0.700323
2.98,0.704814
3,0.719447
3.02,0.745908
3.04,0.785747
3.06,0.839142
3.08,0.902359
3.1,0.96428
3.12,1.00547
3.14,1.00603
3.16,0.960244
3.18,0.881683
3.2,0.791501
3.22,0.705494
3.24,0.630823
3.26,0.568803
3.28,0.518127
3.3,0.476764
3.32,0.442765
3.34,0.414511
3.36,0.390734
3.38,0.370465
3.4,0.352972
3.42,0.337697
3.44,0.324214
3.46,0.312196
3.48,0.301389
3.5,0.291595
3.52,0.282654
3.54,0.274441
3.56,0.266853
3.58,0.259807
3.6,0.253234
3.62,0.247079
3.64,0.241292
3.66,0.235834
3.68,0.230671
3.7,0.225773
3.72,0.221116
3.74,0.216678
3.76,0.212441
3.78,0.208386
3.8,0.204501
3.82,0.200772
3.84,0.197187
3.86,0.193737
3.88,0.190413
3.9,0.187206
3.92,0.184108
3.94,0.181114
3.96,0.178216
3.98,0.17541
4,0.172691
