0,14.1705
0.02,14.409
0.04,14.3108
0.06,14.0505
0.08,13.8197
0.1,13.7702
0.12,13.9965
0.14,14.5394
0.16,15.3891
0.18,16.4746
0.2,17.6461
0.22,18.6688
0.24,19.2672
0.26,19.2281
0.28,18.5113
0.3,17.2681
0.32,15.7517
0.34,14.2027
0.36,12.787
0.38,11.5924
0.4,10.6521
0.42,9.96762
0.44,9.5243
0.46,9.29629
0.48,9.24422
0.5,9.30771
0.52,9.40003
0.54,9.41654
0.56,9.26553
0.58,8.9091
0.6,8.3807
0.62,7.76186
0.64,7.14031
0.66,6.58139
0.68,6.12176
0.7,5.77557
0.72,5.54226
0.74,5.41108
0.76,5.36172
0.78,5.36337
0.8,5.37674
0.82,5.36359
0.84,5.30152
0.86,5.19247
0.88,5.05526
0.9,4.90755
0.92,4.75287
0.94,4.58165
0.96,4.38397
0.98,4.16257
1,3.9351
1.02,3.72581
1.04,3.55589
1.06,3.4388
1.08,3.38004
1.1,3.37787
1.12,3.42275
1.14,3.49538
1.16,3.56581
1.18,3.59785
1.2,3.56152
1.22,3.44768
1.24,3.27258
1.26,3.06797
1.28,2.86597
1.3,2.68996
1.32,2.55322
1.34,2.46162
1.36,2.41654
1.38,2.41653
1.4,2.45713
1.42,2.52912
1.44,2.61604
1.46,2.69321
1.48,2.73168
1.5,2.7088
1.52,2.61968
1.54,2.4796
1.56,2.31504
1.58,2.15157
1.6,2.00718
1.62,1.89174
1.64,1.80942
1.66,1.76127
1.68,1.74687
1.7,1.76467
1.72,1.81144
1.74,1.88052
1.76,1.95971
1.78,2.03028
1.8,2.06979
1.82,2.06018
1.84,1.99689
1.86,1.89132
1.88,1.76409
1.9,1.63553
1.92,1.52007
1.94,1.42568
1.96,1.35573
1.98,1.3111
2,1.29157
2.02,1.29644
2.04,1.32436
2.06,1.37242
2.08,1.43463
2.1,1.50026
2.12,1.55364
2.14,1.57746
2.16,1.55983
2.18,1.5006
2.2,1.41132
2.22,1.3087
2.24,1.2076
2.26,1.11783
2.28,1.04438
2.3,0.989055
2.32,0.952089
2.34,0.93309
2.36,0.931486
2.38,0.946447
2.4,0.976352
2.42,1.01779
2.44,1.06429
2.46,1.10573
2.48,1.12972
2.5,1.12599
2.52,1.09153
2.54,1.03231
2.56,0.959657
2.58,0.884973
2.6,0.816425
2.62,0.758511
2.64,0.713064
2.66,0.680436
2.68,0.660308
2.7,0.652063
2.72,0.654765
2.74,0.666783
2.76,0.685133
2.78,0.704835
2.8,0.718972
2.82,0.720322
2.84,0.70439
2.86,0.671782
2.88,0.627691
2.9,0.578992
2.92,0.531485
2.94,0.488785
2.96,0.452547
2.98,0.423137
3,0.400195
3.02,0.38292
3.04,0.370125
3.06,0.36017
3.08,0.350987
3.1,0.340437
3.12,0.327033
3.14,0.310545
3.16,0.291946
3.18,0.272724
3.2,0.254181
3.22,0.237112
3.24,0.22184
3.26,0.208378
3.28,0.196577
3.3,0.186235
3.32,0.177141
3.34,0.169106
3.36,0.161969
3.38,0.155594
3.4,0.149874
3.42,0.144718
3.44,0.140058
3.46,0.135834
3.48,0.131998
3.5,0.128506
3.52,0.125308
3.54,0.122345
3.56,0.119539
3.58,0.116807
3.6,0.114079
3.62,0.111325
3.64,0.108562
3.66,0.10584
3.68,0.103207
3.7,0.100694
3.72,0.0983145
3.74,0.0960691
3.76,0.0939498
3.78,0.0919461
3.8,0.0900469
3.82,0.0882418
3.84,0.0865215
3.86,0.0848782
3.88,0.0833047
3.9,0.0817952
3.92,0.0803446
3.94,0.0789483
3.96,0.0776027
3.98,0.0763042
4,0.0750501
