0,14.1731
0.02,14.4107
0.04,14.31
0.06,14.0452
0.08,13.8085
0.1,13.7521
0.12,13.9715
0.14,14.509
0.16,15.3572
0.18,16.449
0.2,17.6389
0.22,18.6949
0.24,19.337
0.26,19.3393
0.28,18.6448
0.3,17.3951
0.32,15.846
0.34,14.2478
0.36,12.7757
0.38,11.5232
0.4,10.5248
0.42,9.78264
0.44,9.28374
0.46,9.00863
0.48,8.93146
0.5,9.0139
0.52,9.19519
0.54,9.38522
0.56,9.47288
0.58,9.35918
0.6,9.00225
0.62,8.43768
0.64,7.75416
0.66,7.04765
0.68,6.38968
0.7,5.82025
0.72,5.35532
0.74,4.99715
0.76,4.74206
0.78,4.58502
0.8,4.5213
0.82,4.54626
0.84,4.65288
0.86,4.8273
0.88,5.0425
0.9,5.25319
0.92,5.39843
0.94,5.41872
0.96,5.28316
0.98,5.00631
1,4.63866
1.02,4.23991
1.04,3.85733
1.06,3.51895
1.08,3.23704
1.1,3.01429
1.12,2.84904
1.14,2.73841
1.16,2.6799
1.18,2.67195
1.2,2.71366
1.22,2.80357
1.24,2.93745
1.26,3.10462
1.28,3.28368
1.3,3.44039
1.32,3.53281
1.34,3.52646
1.36,3.41197
1.38,3.21036
1.4,2.96058
1.42,2.70123
1.44,2.45959
1.46,2.25025
1.48,2.07862
1.5,1.94508
1.52,1.84794
1.54,1.7852
1.56,1.75535
1.58,1.75761
1.6,1.79177
1.62,1.85748
1.64,1.95285
1.66,2.07222
1.68,2.20318
1.7,2.32445
1.72,2.40787
1.74,2.42725
1.76,2.37107
1.78,2.24908
1.8,2.0864
1.82,1.91083
1.84,1.74355
1.86,1.59678
1.88,1.47566
1.9,1.38122
1.92,1.31265
1.94,1.26868
1.96,1.24823
1.98,1.25064
2,1.27545
2.02,1.32178
2.04,1.38715
2.06,1.46576
2.08,1.54661
2.1,1.61321
2.12,1.64699
2.14,1.6349
2.16,1.57648
2.18,1.48406
2.2,1.37588
2.22,1.26836
2.24,1.17244
2.26,1.09376
2.28,1.03441
2.3,0.994602
2.32,0.973783
2.34,0.970964
2.36,0.984549
2.38,1.01161
2.4,1.04679
2.42,1.08152
2.44,1.10469
2.46,1.10596
2.48,1.08061
2.5,1.03216
2.52,0.970138
2.54,0.905327
2.56,0.846109
2.58,0.797509
2.6,0.761873
2.62,0.739885
2.64,0.731246
2.66,0.734821
2.68,0.748293
2.7,0.767494
2.72,0.785945
2.74,0.795559
2.76,0.789178
2.78,0.763959
2.8,0.722839
2.82,0.672655
2.84,0.620711
2.86,0.572432
2.88,0.530867
2.9,0.497234
2.92,0.471638
2.94,0.453549
2.96,0.441962
2.98,0.435295
3,0.431196
3.02,0.426561
3.04,0.418153
3.06,0.403805
3.08,0.383409
3.1,0.35879
3.12,0.332553
3.14,0.306933
3.16,0.283307
3.18,0.262256
3.2,0.243844
3.22,0.227869
3.24,0.214032
3.26,0.20202
3.28,0.191549
3.3,0.182377
3.32,0.174303
3.34,0.167166
3.36,0.160837
3.38,0.155211
3.4,0.150199
3.42,0.145723
3.44,0.141697
3.46,0.138017
3.48,0.134557
3.5,0.131179
3.52,0.127775
3.54,0.124304
3.56,0.120801
3.58,0.117345
3.6,0.114014
3.62,0.110855
3.64,0.107889
3.66,0.105114
3.68,0.102518
3.7,0.100084
3.72,0.0977957
3.74,0.0956372
3.76,0.0935943
3.78,0.0916551
3.8,0.0898091
3.82,0.0880476
3.84,0.0863632
3.86,0.0847493
3.88,0.0832004
3.9,0.0817118
3.92,0.0802792
3.94,0.078899
3.96,0.0775681
3.98,0.0762836
4,0.075043
