0,3.25295
0.02,3.30011
0.04,3.3277
0.06,3.33866
0.08,3.33717
0.1,3.32813
0.12,3.31665
0.14,3.30761
0.16,3.30532
0.18,3.31335
0.2,3.33447
0.22,3.37061
0.24,3.42286
0.26,3.49147
0.28,3.57582
0.3,3.67429
0.32,3.78426
0.34,3.90192
0.36,4.0223
0.38,4.13931
0.4,4.24602
0.42,4.33513
0.44,4.3996
0.46,4.43353
0.48,4.43288
0.5,4.39607
0.52,4.32419
0.54,4.2208
0.56,4.09131
0.58,3.94231
0.6,3.78066
0.62,3.61294
0.64,3.44492
0.66,3.28137
0.68,3.12599
0.7,2.98143
0.72,2.84951
0.74,2.7313
0.76,2.6273
0.78,2.53756
0.8,2.46178
0.82,2.39936
0.84,2.34943
0.86,2.31083
0.88,2.28215
0.9,2.26164
0.92,2.24727
0.94,2.23671
0.96,2.22744
0.98,2.21688
1,2.20258
1.02,2.18246
1.04,2.15501
1.06,2.11941
1.08,2.07563
1.1,2.02435
1.12,1.9668
1.14,1.9046
1.16,1.83956
1.18,1.77349
1.2,1.7081
1.22,1.64491
1.24,1.58517
1.26,1.52986
1.28,1.47969
1.3,1.43513
1.32,1.39642
1.34,1.3636
1.36,1.33653
1.38,1.31487
1.4,1.29812
1.42,1.28562
1.44,1.27652
1.46,1.2698
1.48,1.26434
1.5,1.25892
1.52,1.25236
1.54,1.24361
1.56,1.23183
1.58,1.21647
1.6,1.19736
1.62,1.17465
1.64,1.14877
1.66,1.12038
1.68,1.09027
1.7,1.0593
1.72,1.0283
1.74,0.998085
1.76,0.969332
1.78,0.942618
1.8,0.91837
1.82,0.89687
1.84,0.878249
1.86,0.86249
1.88,0.849433
1.9,0.838785
1.92,0.830127
1.94,0.822937
1.96,0.816614
1.98,0.810523
2,0.804044
2.02,0.796622
2.04,0.787823
2.06,0.777368
2.08,0.765158
2.1,0.75127
2.12,0.735941
2.14,0.71953
2.16,0.702478
2.18,0.685252
2.2,0.6683
2.22,0.652011
2.24,0.636682
2.26,0.622511
2.28,0.609584
2.3,0.597891
2.32,0.587335
2.34,0.577751
2.36,0.568926
2.38,0.560614
2.4,0.552551
2.42,0.544477
2.44,0.536153
2.46,0.527379
2.48,0.518023
2.5,0.508034
2.52,0.497451
2.54,0.486395
2.56,0.475046
2.58,0.463611
2.6,0.45229
2.62,0.441246
2.64,0.43058
2.66,0.420329
2.68,0.410462
2.7,0.400899
2.72,0.391532
2.74,0.382245
2.76,0.372943
2.78,0.363563
2.8,0.354084
2.82,0.344518
2.84,0.3349
2.86,0.325273
2.88,0.315671
2.9,0.306116
2.92,0.296616
2.94,0.287167
2.96,0.27777
2.98,0.268431
3,0.259173
3.02,0.250031
3.04,0.241048
3.06,0.232272
3.08,0.223747
3.1,0.215507
3.12,0.207577
3.14,0.19997
3.16,0.192691
3.18,0.185739
3.2,0.179111
3.22,0.1728
3.24,0.166802
3.26,0.16111
3.28,0.155715
3.3,0.150611
3.32,0.145785
3.34,0.141226
3.36,0.13692
3.38,0.132851
3.4,0.129004
3.42,0.125363
3.44,0.121913
3.46,0.118637
3.48,0.115522
3.5,0.112557
3.52,0.109729
3.54,0.107029
3.56,0.104449
3.58,0.101982
3.6,0.099622
3.62,0.0973618
3.64,0.0951962
3.66,0.0931197
3.68,0.0911272
3.7,0.0892134
3.72,0.0873738
3.74,0.0856039
3.76,0.0838995
3.78,0.0822569
3.8,0.0806728
3.82,0.0791442
3.84,0.0776682
3.86,0.0762424
3.88,0.0748642
3.9,0.0735315
3.92,0.0722421
3.94,0.070994
3.96,0.0697852
3.98,0.0686138
4,0.0674781
