0,3.25295
0.02,3.30011
0.04,3.3277
0.06,3.33866
0.08,3.33717
0.1,3.32813
0.12,3.31666
0.14,3.30761
0.16,3.30532
0.18,3.31335
0.2,3.33447
0.22,3.37061
0.24,3.42286
0.26,3.49148
0.28,3.57582
0.3,3.6743
0.32,3.78426
0.34,3.90192
0.36,4.0223
0.38,4.13931
0.4,4.24602
0.42,4.33512
0.44,4.39959
0.46,4.43352
0.48,4.43286
0.5,4.39605
0.52,4.32418
0.54,4.22078
0.56,4.0913
0.58,3.94229
0.6,3.78064
0.62,3.61292
0.64,3.44491
0.66,3.28136
0.68,3.12597
0.7,2.98142
0.72,2.8495
0.74,2.73129
0.76,2.62729
0.78,2.53755
0.8,2.46178
0.82,2.39936
0.84,2.34943
0.86,2.31084
0.88,2.28216
0.9,2.26166
0.92,2.24729
0.94,2.23673
0.96,2.22746
0.98,2.2169
1,2.2026
1.02,2.18248
1.04,2.15503
1.06,2.11943
1.08,2.07567
1.1,2.0244
1.12,1.96686
1.14,1.90468
1.16,1.83965
1.18,1.77358
1.2,1.70819
1.22,1.64499
1.24,1.58521
1.26,1.52987
1.28,1.47966
1.3,1.43506
1.32,1.39632
1.34,1.36348
1.36,1.33641
1.38,1.31477
1.4,1.29807
1.42,1.28565
1.44,1.27663
1.46,1.27001
1.48,1.26462
1.5,1.25923
1.52,1.25265
1.54,1.24377
1.56,1.23177
1.58,1.21614
1.6,1.19675
1.62,1.17381
1.64,1.14785
1.66,1.11956
1.68,1.08975
1.7,1.05922
1.72,1.02874
1.74,0.99898
1.76,0.970542
1.78,0.943924
1.8,0.919525
1.82,0.897647
1.84,0.878479
1.86,0.862093
1.88,0.848435
1.9,0.837315
1.92,0.82841
1.94,0.82126
1.96,0.815287
1.98,0.809818
2,0.804139
2.02,0.797559
2.04,0.789484
2.06,0.779495
2.08,0.767405
2.1,0.753271
2.12,0.737386
2.14,0.720215
2.16,0.702329
2.18,0.684322
2.2,0.666747
2.22,0.650063
2.24,0.634612
2.26,0.620601
2.28,0.608101
2.3,0.597055
2.32,0.587291
2.34,0.578539
2.36,0.570461
2.38,0.562682
2.4,0.554837
2.42,0.54661
2.44,0.537776
2.46,0.528223
2.48,0.517962
2.5,0.507104
2.52,0.495838
2.54,0.484386
2.56,0.472969
2.58,0.461771
2.6,0.450927
2.62,0.440502
2.64,0.430497
2.66,0.42085
2.68,0.411454
2.7,0.40218
2.72,0.392898
2.74,0.383503
2.76,0.373935
2.78,0.364184
2.8,0.354289
2.82,0.344321
2.84,0.334365
2.86,0.324499
2.88,0.314777
2.9,0.305226
2.92,0.29584
2.94,0.286592
2.96,0.277446
2.98,0.268373
3,0.259354
3.02,0.250396
3.04,0.241525
3.06,0.232785
3.08,0.224225
3.1,0.215897
3.12,0.207847
3.14,0.20011
3.16,0.192708
3.18,0.185655
3.2,0.178954
3.22,0.172604
3.24,0.166596
3.26,0.160919
3.28,0.155558
3.3,0.150499
3.32,0.145723
3.34,0.141212
3.36,0.136947
3.38,0.132909
3.4,0.129082
3.42,0.125448
3.44,0.121994
3.46,0.118706
3.48,0.115576
3.5,0.112592
3.52,0.109747
3.54,0.107033
3.56,0.104442
3.58,0.101969
3.6,0.0996051
3.62,0.0973447
3.64,0.0951808
3.66,0.0931072
3.68,0.091118
3.7,0.0892074
3.72,0.0873706
3.74,0.0856027
3.76,0.0838999
3.78,0.0822583
3.8,0.080675
3.82,0.0791468
3.84,0.0776711
3.86,0.0762455
3.88,0.0748676
3.9,0.0735351
3.92,0.0722458
3.94,0.0709976
3.96,0.0697887
3.98,0.068617
4,0.0674809
