0,7.88838
0.02,8.84811
0.04,9.89077
0.06,10.9829
0.08,12.0658
0.1,13.0545
0.12,13.8461
0.14,14.341
0.16,14.4735
0.18,14.2355
0.2,13.6804
0.22,12.9039
0.24,12.0138
0.26,11.1052
0.28,10.2483
0.3,9.48709
0.32,8.84481
0.34,8.32993
0.36,7.9415
0.38,7.67219
0.4,7.50942
0.42,7.43482
0.44,7.42288
0.46,7.44019
0.48,7.4471
0.5,7.40344
0.52,7.27781
0.54,7.05666
0.56,6.74794
0.58,6.37685
0.6,5.9764
0.62,5.57813
0.64,5.20661
0.66,4.87799
0.68,4.60113
0.7,4.37964
0.72,4.21364
0.74,4.10085
0.76,4.03694
0.78,4.01517
0.8,4.0256
0.82,4.05428
0.84,4.08335
0.86,4.09284
0.88,4.06467
0.9,3.98774
0.92,3.86139
0.94,3.69527
0.96,3.50547
0.98,3.30944
1,3.12214
1.02,2.95434
1.04,2.81269
1.06,2.70056
1.08,2.61903
1.1,2.5675
1.12,2.54395
1.14,2.54475
1.16,2.56415
1.18,2.59386
1.2,2.62301
1.22,2.63933
1.24,2.6316
1.26,2.59285
1.28,2.52265
1.3,2.42711
1.32,2.31647
1.34,2.20196
1.36,2.09325
1.38,1.99738
1.4,1.91869
1.42,1.85938
1.44,1.81998
1.46,1.79972
1.48,1.79653
1.5,1.80683
1.52,1.82527
1.54,1.84476
1.56,1.85715
1.58,1.85482
1.6,1.83285
1.62,1.7906
1.64,1.73185
1.66,1.66334
1.68,1.59257
1.7,1.52605
1.72,1.46847
1.74,1.42251
1.76,1.38912
1.78,1.36788
1.8,1.35727
1.82,1.35495
1.84,1.35801
1.86,1.36314
1.88,1.36676
1.9,1.36512
1.92,1.3548
1.94,1.33352
1.96,1.30108
1.98,1.25967
2,1.21325
2.02,1.16647
2.04,1.12352
2.06,1.08752
2.08,1.06033
2.1,1.04261
2.12,1.03389
2.14,1.03258
2.16,1.03599
2.18,1.04042
2.2,1.04166
2.22,1.03585
2.24,1.02064
2.26,0.995941
2.28,0.963875
2.3,0.927977
2.32,0.892071
2.34,0.859408
2.36,0.832252
2.38,0.811812
2.4,0.798319
2.42,0.7911
2.44,0.788604
2.46,0.788463
2.48,0.787718
2.5,0.783338
2.52,0.773003
2.54,0.755827
2.56,0.732626
2.58,0.705547
2.6,0.677302
2.62,0.650424
2.64,0.626815
2.66,0.607586
2.68,0.593075
2.7,0.582909
2.72,0.576048
2.74,0.570872
2.76,0.565366
2.78,0.55751
2.8,0.545807
2.82,0.529737
2.84,0.509887
2.86,0.487653
2.88,0.464726
2.9,0.442611
2.92,0.422353
2.94,0.404448
2.96,0.388881
2.98,0.375204
3,0.362658
3.02,0.350347
3.04,0.33747
3.06,0.323547
3.08,0.308534
3.1,0.292774
3.12,0.276813
3.14,0.26121
3.16,0.246399
3.18,0.232649
3.2,0.22008
3.22,0.208704
3.24,0.198468
3.26,0.189283
3.28,0.181045
3.3,0.173649
3.32,0.166989
3.34,0.160965
3.36,0.155475
3.38,0.150418
3.4,0.145702
3.42,0.141242
3.44,0.136977
3.46,0.132875
3.48,0.128928
3.5,0.125144
3.52,0.121535
3.54,0.118114
3.56,0.114881
3.58,0.111836
3.6,0.108968
3.62,0.106268
3.64,0.103723
3.66,0.101321
3.68,0.0990476
3.7,0.0968919
3.72,0.0948411
3.74,0.0928827
3.76,0.091005
3.78,0.0891973
3.8,0.0874517
3.82,0.085763
3.84,0.0841285
3.86,0.0825477
3.88,0.0810203
3.9,0.0795458
3.92,0.0781232
3.94,0.0767505
3.96,0.0754258
3.98,0.0741464
4,0.0729101
