0,7.88815
0.02,8.84785
0.04,9.8905
0.06,10.9826
0.08,12.0655
0.1,13.0543
0.12,13.8459
0.14,14.3409
0.16,14.4735
0.18,14.2356
0.2,13.6806
0.22,12.9041
0.24,12.014
0.26,11.1054
0.28,10.2484
0.3,9.48716
0.32,8.84482
0.34,8.32989
0.36,7.9414
0.38,7.67206
0.4,7.50929
0.42,7.43473
0.44,7.42288
0.46,7.44036
0.48,7.4475
0.5,7.40412
0.52,7.27876
0.54,7.05784
0.56,6.74924
0.58,6.37816
0.6,5.9776
0.62,5.5791
0.64,5.20723
0.66,4.87814
0.68,4.60074
0.7,4.37865
0.72,4.21202
0.74,4.09862
0.76,4.0342
0.78,4.01211
0.8,4.02253
0.82,4.05165
0.84,4.0817
0.86,4.09268
0.88,4.06632
0.9,3.99116
0.92,3.86617
0.94,3.70073
0.96,3.51088
0.98,3.31417
1,3.12575
1.02,2.95656
1.04,2.81338
1.06,2.69968
1.08,2.61658
1.1,2.56356
1.12,2.53871
1.14,2.53853
1.16,2.55751
1.18,2.58758
1.2,2.61807
1.22,2.63671
1.24,2.63201
1.26,2.59644
1.28,2.52889
1.3,2.43492
1.32,2.32456
1.34,2.2091
1.36,2.09847
1.38,2.00001
1.4,1.91833
1.42,1.85586
1.44,1.81337
1.46,1.79033
1.48,1.78503
1.5,1.79435
1.52,1.81349
1.54,1.83579
1.56,1.85319
1.58,1.85752
1.6,1.84261
1.62,1.80624
1.64,1.75087
1.66,1.68262
1.68,1.60915
1.7,1.5377
1.72,1.47387
1.74,1.42132
1.76,1.38197
1.78,1.35631
1.8,1.34357
1.82,1.34178
1.84,1.34768
1.86,1.35675
1.88,1.36358
1.9,1.36289
1.92,1.35087
1.94,1.32648
1.96,1.29169
1.98,1.25068
2,1.2084
2.02,1.16921
2.04,1.13612
2.06,1.11049
2.08,1.09206
2.1,1.07917
2.12,1.06907
2.14,1.05859
2.16,1.04498
2.18,1.02684
2.2,1.00453
2.22,0.979998
2.24,0.955946
2.26,0.934924
2.28,0.91865
2.3,0.907653
2.32,0.901155
2.34,0.89716
2.36,0.892779
2.38,0.884885
2.4,0.871024
2.42,0.850245
2.44,0.82342
2.46,0.792861
2.48,0.761499
2.5,0.732092
2.52,0.706738
2.54,0.686717
2.56,0.672515
2.58,0.663883
2.6,0.659861
2.62,0.658782
2.64,0.658352
2.66,0.655938
2.68,0.649117
2.7,0.636358
2.72,0.617517
2.74,0.593815
2.76,0.567349
2.78,0.540403
2.8,0.514913
2.82,0.49222
2.84,0.47303
2.86,0.457484
2.88,0.445229
2.9,0.435472
2.92,0.427047
2.94,0.418548
2.96,0.408596
2.98,0.396179
3,0.380939
3.02,0.363234
3.04,0.343932
3.06,0.324078
3.08,0.304609
3.1,0.2862
3.12,0.269246
3.14,0.253911
3.16,0.240197
3.18,0.228002
3.2,0.217166
3.22,0.207489
3.24,0.198756
3.26,0.190754
3.28,0.183296
3.3,0.176245
3.32,0.169525
3.34,0.163117
3.36,0.157036
3.38,0.151308
3.4,0.145948
3.42,0.140961
3.44,0.136336
3.46,0.132051
3.48,0.12808
3.5,0.124393
3.52,0.120957
3.54,0.117738
3.56,0.114704
3.58,0.111827
3.6,0.109081
3.62,0.106451
3.64,0.10393
3.66,0.101513
3.68,0.0992018
3.7,0.0969938
3.72,0.0948873
3.74,0.0928781
3.76,0.0909606
3.78,0.0891283
3.8,0.087374
3.82,0.0856903
3.84,0.0840701
3.86,0.0825072
3.88,0.080997
3.9,0.0795363
3.92,0.0781231
3.94,0.076756
3.96,0.0754339
3.98,0.0741552
4,0.0729184
