0,107.481
0.02,121.626
0.04,130.136
0.06,130.979
0.08,125.489
0.1,117.034
0.12,108.305
0.14,100.182
0.16,92.4722
0.18,84.9972
0.2,77.9307
0.22,71.5648
0.24,66.0511
0.26,61.2492
0.28,56.8589
0.3,52.7809
0.32,49.2072
0.34,46.2978
0.36,43.8893
0.38,41.5755
0.4,39.087
0.42,36.5522
0.44,34.3302
0.46,32.6637
0.48,31.4926
0.5,30.484
0.52,29.2569
0.54,27.6901
0.56,26.0093
0.58,24.5623
0.6,23.5702
0.62,23.0319
0.64,22.7283
0.66,22.3092
0.68,21.5057
0.7,20.339
0.72,19.0823
0.74,18.0368
0.76,17.3798
0.78,17.1371
0.8,17.1894
0.82,17.2818
0.84,17.1051
0.86,16.4866
0.88,15.5248
0.9,14.4917
0.92,13.6384
0.94,13.1041
0.96,12.9225
0.98,13.0391
1,13.3021
1.02,13.4676
1.04,13.2936
1.06,12.7073
1.08,11.8593
1.1,10.9911
1.12,10.2889
1.14,9.84627
1.16,9.69011
1.18,9.80254
1.2,10.1152
1.22,10.4852
1.24,10.6996
1.26,10.5696
1.28,10.0692
1.3,9.35351
1.32,8.62975
1.34,8.04509
1.36,7.66953
1.38,7.52413
1.4,7.60339
1.42,7.87525
1.44,8.26038
1.46,8.61064
1.48,8.73697
1.5,8.51855
1.52,8.00028
1.54,7.34963
1.56,6.73262
1.58,6.24825
1.6,5.93646
1.62,5.8066
1.64,5.85563
1.66,6.06992
1.68,6.41143
1.7,6.79346
1.72,7.07158
1.74,7.0952
1.76,6.81287
1.78,6.31552
1.8,5.75736
1.82,5.2598
1.84,4.88413
1.86,4.65061
1.88,4.56171
1.9,4.61444
1.92,4.80067
1.94,5.09619
1.96,5.44032
1.98,5.72171
2,5.80727
2.02,5.62697
2.04,5.23256
2.06,4.75044
2.08,4.29341
2.1,3.92319
2.12,3.66127
2.14,3.51006
2.16,3.46674
2.18,3.52836
2.2,3.68972
2.22,3.93406
2.24,4.21674
2.26,4.45298
2.28,4.53789
2.3,4.41184
2.32,4.11055
2.34,3.73257
2.36,3.36892
2.38,3.07063
2.4,2.85595
2.42,2.72718
2.44,2.68205
2.46,2.71825
2.48,2.83243
2.5,3.01365
2.52,3.23127
2.54,3.42348
2.56,3.50737
2.58,3.42621
2.6,3.1957
2.62,2.88882
2.64,2.58021
2.66,2.31423
2.68,2.10718
2.7,1.9605
2.72,1.8708
2.74,1.83459
2.76,1.84942
2.78,1.91219
2.8,2.01431
2.82,2.13389
2.84,2.23002
2.86,2.25294
2.88,2.17528
2.9,2.01487
2.92,1.81823
2.94,1.62742
2.96,1.46531
2.98,1.33919
3,1.2484
3.02,1.18914
3.04,1.15563
3.06,1.13882
3.08,1.12487
3.1,1.0974
3.12,1.04608
3.14,0.973735
3.16,0.892405
3.18,0.813666
3.2,0.743763
3.22,0.684335
3.24,0.63465
3.26,0.593191
3.28,0.558405
3.3,0.528969
3.32,0.503837
3.34,0.482213
3.36,0.463505
3.38,0.447288
3.4,0.433261
3.42,0.42122
3.44,0.411012
3.46,0.402454
3.48,0.395193
3.5,0.388538
3.52,0.381435
3.54,0.372894
3.56,0.362684
3.58,0.351472
3.6,0.340215
3.62,0.329583
3.64,0.319846
3.66,0.311017
3.68,0.303001
3.7,0.295681
3.72,0.288946
3.74,0.282705
3.76,0.276888
3.78,0.271441
3.8,0.266322
3.82,0.261502
3.84,0.256962
3.86,0.252692
3.88,0.248686
3.9,0.244949
3.92,0.241483
3.94,0.238281
3.96,0.235295
3.98,0.23241
4,0.229431
