0,107.328
0.02,122.411
0.04,131.905
0.06,132.836
0.08,125.819
0.1,114.61
0.12,103.281
0.14,94.3288
0.16,88.5387
0.18,85.4061
0.2,83.4436
0.22,80.6509
0.24,75.5673
0.26,68.2435
0.28,59.9525
0.3,52.0608
0.32,45.3629
0.34,40.1112
0.36,36.2746
0.38,33.7354
0.4,32.3818
0.42,32.1274
0.44,32.8732
0.46,34.4098
0.48,36.2664
0.5,37.628
0.52,37.5781
0.54,35.6997
0.56,32.4135
0.58,28.5863
0.6,24.9385
0.62,21.8304
0.64,19.3545
0.66,17.4771
0.68,16.1307
0.7,15.2549
0.72,14.8116
0.74,14.7871
0.76,15.1867
0.78,16.0178
0.8,17.2519
0.82,18.7527
0.84,20.1901
0.86,21.0468
0.88,20.8608
0.9,19.5825
0.92,17.6136
0.94,15.4735
0.96,13.5146
0.98,11.8827
1,10.5968
1.02,9.62406
1.04,8.92176
1.06,8.4542
1.08,8.1985
1.1,8.14567
1.12,8.30017
1.14,8.67836
1.16,9.30359
1.18,10.1931
1.2,11.327
1.22,12.5928
1.24,13.7275
1.26,14.3464
1.28,14.1517
1.3,13.175
1.32,11.7473
1.34,10.2372
1.36,8.87428
1.38,7.74373
1.4,6.84862
1.42,6.1605
1.44,5.64571
1.46,5.27564
1.48,5.02972
1.5,4.89555
1.52,4.86857
1.54,4.9516
1.56,5.1547
1.58,5.49436
1.6,5.99059
1.62,6.65813
1.64,7.48542
1.66,8.39651
1.68,9.21117
1.7,9.6654
1.72,9.55526
1.74,8.90389
1.76,7.94
1.78,6.91785
1.8,5.99551
1.82,5.23187
1.84,4.62922
1.86,4.16821
1.88,3.82594
1.9,3.58303
1.92,3.42566
1.94,3.3457
1.96,3.34051
1.98,3.41264
2,3.56965
2.02,3.82342
2.04,4.18763
2.06,4.6705
2.08,5.2583
2.1,5.88723
2.12,6.41918
2.14,6.66952
2.16,6.51897
2.18,6.01476
2.2,5.32762
2.22,4.62471
2.24,4.0013
2.26,3.48864
2.28,3.084
2.3,2.77259
2.32,2.53836
2.34,2.36797
2.36,2.25177
2.38,2.18377
2.4,2.16139
2.42,2.18522
2.44,2.25895
2.46,2.38916
2.48,2.58448
2.5,2.85266
2.52,3.19333
2.54,3.58344
2.56,3.95835
2.58,4.20951
2.6,4.23183
2.62,4.00347
2.64,3.60529
2.66,3.15269
2.68,2.72828
2.7,2.36821
2.72,2.07852
2.74,1.85224
2.76,1.67923
2.78,1.55029
2.8,1.45847
2.82,1.39924
2.84,1.37033
2.86,1.37138
2.88,1.40334
2.9,1.46713
2.92,1.5606
2.94,1.67289
2.96,1.7779
2.98,1.83533
3,1.81031
3.02,1.70057
3.04,1.53803
3.06,1.36243
3.08,1.20008
3.1,1.0614
3.12,0.947199
3.14,0.854324
3.16,0.778754
3.18,0.716815
3.2,0.66551
3.22,0.622513
3.24,0.586052
3.26,0.554784
3.28,0.527692
3.3,0.504001
3.32,0.483118
3.34,0.464589
3.36,0.448068
3.38,0.433291
3.4,0.420065
3.42,0.408254
3.44,0.397772
3.46,0.38857
3.48,0.380609
3.5,0.373799
3.52,0.367894
3.54,0.362345
3.56,0.356299
3.58,0.348963
3.6,0.340177
3.62,0.330523
3.64,0.32081
3.66,0.311596
3.68,0.303104
3.7,0.295348
3.72,0.288251
3.74,0.281716
3.76,0.275652
3.78,0.269986
3.8,0.264657
3.82,0.259617
3.84,0.254828
3.86,0.250262
3.88,0.245894
3.9,0.241703
3.92,0.237675
3.94,0.233795
3.96,0.23005
3.98,0.226433
4,0.222933
