0,5.23218
0.02,5.31533
0.04,5.34796
0.06,5.34141
0.08,5.31111
0.1,5.27381
0.12,5.24525
0.14,5.23869
0.16,5.26423
0.18,5.3287
0.2,5.43574
0.22,5.58586
0.24,5.77615
0.26,5.99991
0.28,6.24601
0.3,6.49856
0.32,6.73721
0.34,6.93861
0.36,7.07925
0.38,7.13948
0.4,7.10755
0.42,6.98223
0.44,6.77291
0.46,6.49721
0.48,6.17701
0.5,5.83452
0.52,5.48935
0.54,5.15699
0.56,4.84854
0.58,4.57113
0.6,4.32875
0.62,4.12304
0.64,3.95395
0.66,3.8202
0.68,3.71954
0.7,3.64875
0.72,3.60359
0.74,3.57863
0.76,3.56713
0.78,3.56125
0.8,3.55249
0.82,3.53263
0.84,3.49489
0.86,3.43503
0.88,3.35199
0.9,3.24779
0.92,3.12689
0.94,2.99515
0.96,2.85883
0.98,2.72384
1,2.59517
1.02,2.47671
1.04,2.37123
1.06,2.28045
1.08,2.20521
1.1,2.14562
1.12,2.10116
1.14,2.0707
1.16,2.0525
1.18,2.04411
1.2,2.04239
1.22,2.0436
1.24,2.04358
1.26,2.03829
1.28,2.02427
1.3,1.99923
1.32,1.96236
1.34,1.91438
1.36,1.8573
1.38,1.79402
1.4,1.72781
1.42,1.66187
1.44,1.59902
1.46,1.54146
1.48,1.49074
1.5,1.44779
1.52,1.41298
1.54,1.38625
1.56,1.36717
1.58,1.35497
1.6,1.34848
1.62,1.34612
1.64,1.34587
1.66,1.34533
1.68,1.34194
1.7,1.33337
1.72,1.31798
1.74,1.29512
1.76,1.26537
1.78,1.23029
1.8,1.19207
1.82,1.15311
1.84,1.11559
1.86,1.08126
1.88,1.05129
1.9,1.02632
1.92,1.00645
1.94,0.991316
1.96,0.980132
1.98,0.97181
2,0.965065
2.02,0.958596
2.04,0.951272
2.06,0.942288
2.08,0.931222
2.1,0.917984
2.12,0.902685
2.14,0.885518
2.16,0.866708
2.18,0.846543
2.2,0.825443
2.22,0.804004
2.24,0.782966
2.26,0.763118
2.28,0.745163
2.3,0.729598
2.32,0.716626
2.34,0.706109
2.36,0.697566
2.38,0.690218
2.4,0.683085
2.42,0.675149
2.44,0.665547
2.46,0.653759
2.48,0.639723
2.5,0.623833
2.52,0.606812
2.54,0.589533
2.56,0.572833
2.58,0.557364
2.6,0.543516
2.62,0.531383
2.64,0.520774
2.66,0.511252
2.68,0.502211
2.7,0.492987
2.72,0.48299
2.74,0.471833
2.76,0.459409
2.78,0.445897
2.8,0.431691
2.82,0.41728
2.84,0.403126
2.86,0.389573
2.88,0.376791
2.9,0.364773
2.92,0.353352
2.94,0.342259
2.96,0.331192
2.98,0.319897
3,0.308227
3.02,0.296177
3.04,0.283865
3.06,0.271498
3.08,0.259308
3.1,0.24751
3.12,0.236266
3.14,0.225682
3.16,0.215799
3.18,0.206614
3.2,0.198085
3.22,0.190151
3.24,0.182742
3.26,0.175794
3.28,0.169253
3.3,0.16308
3.32,0.157252
3.34,0.151754
3.36,0.146576
3.38,0.141708
3.4,0.13714
3.42,0.132857
3.44,0.128844
3.46,0.125082
3.48,0.121552
3.5,0.118234
3.52,0.115109
3.54,0.112157
3.56,0.109359
3.58,0.106698
3.6,0.104157
3.62,0.101726
3.64,0.0993936
3.66,0.0971536
3.68,0.0950014
3.7,0.0929336
3.72,0.0909477
3.74,0.0890408
3.76,0.0872102
3.78,0.0854524
3.8,0.083764
3.82,0.0821415
3.84,0.0805812
3.86,0.0790794
3.88,0.0776328
3.9,0.0762378
3.92,0.0748915
3.94,0.0735907
3.96,0.0723326
3.98,0.0711146
4,0.0699344
