0,5.23216
0.02,5.31532
0.04,5.34796
0.06,5.34141
0.08,5.31111
0.1,5.27381
0.12,5.24526
0.14,5.2387
0.16,5.26424
0.18,5.3287
0.2,5.43574
0.22,5.58585
0.24,5.77615
0.26,5.99991
0.28,6.246
0.3,6.49855
0.32,6.73721
0.34,6.93861
0.36,7.07925
0.38,7.13949
0.4,7.10757
0.42,6.98225
0.44,6.77294
0.46,6.49724
0.48,6.17704
0.5,5.83455
0.52,5.48938
0.54,5.15701
0.56,4.84855
0.58,4.57114
0.6,4.32875
0.62,4.12303
0.64,3.95394
0.66,3.82019
0.68,3.71953
0.7,3.64876
0.72,3.60362
0.74,3.57867
0.76,3.56719
0.78,3.5613
0.8,3.5525
0.82,3.53255
0.84,3.4947
0.86,3.43473
0.88,3.35164
0.9,3.2475
0.92,3.12679
0.94,2.99532
0.96,2.8593
0.98,2.72451
1,2.59588
1.02,2.47729
1.04,2.3715
1.06,2.28028
1.08,2.20455
1.1,2.1445
1.12,2.09971
1.14,2.06917
1.16,2.05122
1.18,2.04349
1.2,2.04284
1.22,2.04539
1.24,2.04671
1.26,2.04231
1.28,2.02828
1.3,2.00207
1.32,1.96295
1.34,1.91215
1.36,1.85245
1.38,1.78752
1.4,1.72115
1.42,1.65667
1.44,1.5966
1.46,1.54258
1.48,1.49545
1.5,1.45541
1.52,1.42223
1.54,1.39544
1.56,1.37451
1.58,1.35887
1.6,1.34787
1.62,1.34073
1.64,1.33632
1.66,1.33316
1.68,1.32939
1.7,1.32296
1.72,1.31188
1.74,1.29469
1.76,1.27076
1.78,1.24045
1.8,1.20513
1.82,1.16676
1.84,1.1276
1.86,1.08978
1.88,1.05505
1.9,1.02473
1.92,0.99961
1.94,0.980035
1.96,0.965907
1.98,0.956716
2,0.951541
2.02,0.949072
2.04,0.947665
2.06,0.945478
2.08,0.940712
2.1,0.931913
2.12,0.918264
2.14,0.899751
2.16,0.877143
2.18,0.85178
2.2,0.825272
2.22,0.799202
2.24,0.774913
2.26,0.753394
2.28,0.735245
2.3,0.720684
2.32,0.709569
2.34,0.70142
2.36,0.69545
2.38,0.690617
2.4,0.685725
2.42,0.679586
2.44,0.671225
2.46,0.660068
2.48,0.646057
2.5,0.629634
2.52,0.611608
2.54,0.592948
2.56,0.574586
2.58,0.557275
2.6,0.541507
2.62,0.527508
2.64,0.515258
2.66,0.504547
2.68,0.495027
2.7,0.486272
2.72,0.477813
2.74,0.469173
2.76,0.459899
2.78,0.449616
2.8,0.438087
2.82,0.425268
2.84,0.411331
2.86,0.396624
2.88,0.381593
2.9,0.366692
2.92,0.352296
2.94,0.338654
2.96,0.325868
2.98,0.3139
3,0.302605
3.02,0.291772
3.04,0.281182
3.06,0.270653
3.08,0.260089
3.1,0.249485
3.12,0.238916
3.14,0.228506
3.16,0.218392
3.18,0.208696
3.2,0.199508
3.22,0.190881
3.24,0.182838
3.26,0.175375
3.28,0.168473
3.3,0.162098
3.32,0.156213
3.34,0.150776
3.36,0.145745
3.38,0.141079
3.4,0.136736
3.42,0.132677
3.44,0.128863
3.46,0.125261
3.48,0.121841
3.5,0.11858
3.52,0.115461
3.54,0.112474
3.56,0.109612
3.58,0.106873
3.6,0.104254
3.62,0.101752
3.64,0.0993643
3.66,0.0970855
3.68,0.0949109
3.7,0.0928347
3.72,0.0908512
3.74,0.0889545
3.76,0.0871387
3.78,0.0853983
3.8,0.0837279
3.82,0.0821224
3.84,0.080577
3.86,0.0790873
3.88,0.0776491
3.9,0.0762591
3.92,0.0749143
3.94,0.0736122
3.96,0.0723509
3.98,0.0711287
4,0.0699439
