0,5.51407
0.02,6.06733
0.04,6.66071
0.06,7.28192
0.08,7.91064
0.1,8.51752
0.12,9.06507
0.14,9.51137
0.16,9.81689
0.18,9.9531
0.2,9.90981
0.22,9.69819
0.24,9.34782
0.26,8.89941
0.28,8.39618
0.3,7.87706
0.32,7.37291
0.34,6.90563
0.36,6.4891
0.38,6.13087
0.4,5.83388
0.42,5.59787
0.44,5.42023
0.46,5.29638
0.48,5.21982
0.5,5.18174
0.52,5.17077
0.54,5.17288
0.56,5.17208
0.58,5.15201
0.6,5.09851
0.62,5.00239
0.64,4.86133
0.66,4.68017
0.68,4.46919
0.7,4.24143
0.72,4.00996
0.74,3.78599
0.76,3.57798
0.78,3.39166
0.8,3.23036
0.82,3.09566
0.84,2.98783
0.86,2.90619
0.88,2.84927
0.9,2.81478
0.92,2.79949
0.94,2.79896
0.96,2.80742
0.98,2.81783
1,2.82235
1.02,2.81336
1.04,2.78481
1.06,2.73355
1.08,2.65998
1.1,2.56785
1.12,2.46316
1.14,2.35277
1.16,2.24315
1.18,2.1396
1.2,2.046
1.22,1.96491
1.24,1.89773
1.26,1.84505
1.28,1.80673
1.3,1.78208
1.32,1.7698
1.34,1.76795
1.36,1.77374
1.38,1.78359
1.4,1.79314
1.42,1.79772
1.44,1.79293
1.46,1.77558
1.48,1.74436
1.5,1.70012
1.52,1.64562
1.54,1.58479
1.56,1.52187
1.58,1.4607
1.6,1.40435
1.62,1.35502
1.64,1.31405
1.66,1.28208
1.68,1.25919
1.7,1.2449
1.72,1.23821
1.74,1.23758
1.76,1.24086
1.78,1.24535
1.8,1.24801
1.82,1.24588
1.84,1.23656
1.86,1.2188
1.88,1.19278
1.9,1.15998
1.92,1.12282
1.94,1.08405
1.96,1.04627
1.98,1.01161
2,0.98158
2.02,0.957066
2.04,0.938396
2.06,0.925372
2.08,0.91731
2.1,0.913049
2.12,0.910996
2.14,0.909238
2.16,0.905773
2.18,0.898841
2.2,0.887297
2.22,0.870873
2.24,0.850213
2.26,0.826669
2.28,0.801946
2.3,0.77773
2.32,0.755419
2.34,0.735967
2.36,0.719837
2.38,0.707003
2.4,0.696993
2.42,0.688954
2.44,0.681769
2.46,0.674235
2.48,0.665293
2.5,0.654266
2.52,0.641007
2.54,0.625893
2.56,0.609684
2.58,0.593274
2.6,0.57746
2.62,0.562776
2.64,0.549403
2.66,0.537184
2.68,0.525699
2.7,0.514404
2.72,0.502795
2.74,0.490555
2.76,0.47764
2.78,0.464249
2.8,0.450727
2.82,0.437419
2.84,0.424546
2.86,0.412136
2.88,0.400031
2.9,0.387947
2.92,0.375583
2.94,0.362731
2.96,0.349343
2.98,0.335547
3,0.321586
3.02,0.307744
3.04,0.294264
3.06,0.281301
3.08,0.268917
3.1,0.257097
3.12,0.245792
3.14,0.234952
3.16,0.224554
3.18,0.214607
3.2,0.205141
3.22,0.196194
3.24,0.187799
3.26,0.179968
3.28,0.1727
3.3,0.165976
3.32,0.159767
3.34,0.154037
3.36,0.148745
3.38,0.14385
3.4,0.139308
3.42,0.135077
3.44,0.131116
3.46,0.127388
3.48,0.123858
3.5,0.120501
3.52,0.117297
3.54,0.114235
3.56,0.111307
3.58,0.108511
3.6,0.105842
3.62,0.103298
3.64,0.100874
3.66,0.0985654
3.68,0.0963653
3.7,0.094267
3.72,0.0922632
3.74,0.0903466
3.76,0.08851
3.78,0.0867466
3.8,0.0850503
3.82,0.083416
3.84,0.0818395
3.86,0.0803175
3.88,0.0788474
3.9,0.077427
3.92,0.0760543
3.94,0.0747273
3.96,0.0734441
3.98,0.0722027
4,0.0710011
