0,5.514
0.02,6.06727
0.04,6.66064
0.06,7.28185
0.08,7.91057
0.1,8.51746
0.12,9.06502
0.14,9.51134
0.16,9.81689
0.18,9.95312
0.2,9.90986
0.22,9.69826
0.24,9.34791
0.26,8.89951
0.28,8.39628
0.3,7.87716
0.32,7.373
0.34,6.90571
0.36,6.48918
0.38,6.13093
0.4,5.83394
0.42,5.59791
0.44,5.42026
0.46,5.2964
0.48,5.21983
0.5,5.18174
0.52,5.17075
0.54,5.17285
0.56,5.17204
0.58,5.15196
0.6,5.09845
0.62,5.00232
0.64,4.86126
0.66,4.6801
0.68,4.46912
0.7,4.24137
0.72,4.00991
0.74,3.78594
0.76,3.57794
0.78,3.39161
0.8,3.23032
0.82,3.09562
0.84,2.98779
0.86,2.90616
0.88,2.84925
0.9,2.81479
0.92,2.79953
0.94,2.79905
0.96,2.80758
0.98,2.81807
1,2.82266
1.02,2.81372
1.04,2.78519
1.06,2.7339
1.08,2.66027
1.1,2.56806
1.12,2.4633
1.14,2.35286
1.16,2.24321
1.18,2.13967
1.2,2.04612
1.22,1.96509
1.24,1.898
1.26,1.84539
1.28,1.80715
1.3,1.78254
1.32,1.77027
1.34,1.76833
1.36,1.77394
1.38,1.78346
1.4,1.79253
1.42,1.79649
1.44,1.79108
1.46,1.77323
1.48,1.74181
1.5,1.69782
1.52,1.64405
1.54,1.58435
1.56,1.52274
1.58,1.46284
1.6,1.40749
1.62,1.3587
1.64,1.31773
1.66,1.28517
1.68,1.26109
1.7,1.24508
1.72,1.23625
1.74,1.23327
1.76,1.23436
1.78,1.23734
1.8,1.23975
1.82,1.23901
1.84,1.23281
1.86,1.21942
1.88,1.19813
1.9,1.16944
1.92,1.13493
1.94,1.09693
1.96,1.05802
1.98,1.02059
2,0.986576
2.02,0.957359
2.04,0.933761
2.06,0.916095
2.08,0.904208
2.1,0.897502
2.12,0.894925
2.14,0.894979
2.16,0.895777
2.18,0.895215
2.2,0.891266
2.22,0.882373
2.24,0.867791
2.26,0.84776
2.28,0.823406
2.3,0.79643
2.32,0.768717
2.34,0.742005
2.36,0.717679
2.38,0.696697
2.4,0.679587
2.42,0.666484
2.44,0.657159
2.46,0.651033
2.48,0.647192
2.5,0.644428
2.52,0.641336
2.54,0.6365
2.56,0.628749
2.58,0.617404
2.6,0.602428
2.62,0.584412
2.64,0.56439
2.66,0.54358
2.68,0.523145
2.7,0.504029
2.72,0.48688
2.74,0.472043
2.76,0.459571
2.78,0.449255
2.8,0.440644
2.82,0.433085
2.84,0.425786
2.86,0.417917
2.88,0.408756
2.9,0.397833
2.92,0.385022
2.94,0.370548
2.96,0.354895
2.98,0.338669
3,0.322461
3.02,0.306754
3.04,0.291881
3.06,0.278022
3.08,0.265226
3.1,0.253438
3.12,0.242539
3.14,0.232379
3.16,0.222808
3.18,0.21371
3.2,0.20501
3.22,0.196681
3.24,0.188726
3.26,0.181162
3.28,0.174007
3.3,0.167271
3.32,0.160953
3.34,0.155043
3.36,0.149524
3.38,0.144377
3.4,0.139578
3.42,0.135105
3.44,0.130934
3.46,0.12704
3.48,0.1234
3.5,0.119993
3.52,0.116797
3.54,0.11379
3.56,0.110955
3.58,0.10827
3.6,0.105717
3.62,0.103281
3.64,0.100945
3.66,0.0986986
3.68,0.096534
3.7,0.0944464
3.72,0.0924333
3.74,0.0904937
3.76,0.0886265
3.78,0.0868304
3.8,0.0851034
3.82,0.083443
3.84,0.0818462
3.86,0.0803099
3.88,0.0788307
3.9,0.0774054
3.92,0.0760309
3.94,0.0747043
3.96,0.0734229
3.98,0.0721839
4,0.0709851
