0,91.2928
0.02,104.234
0.04,112.71
0.06,114.375
0.08,109.804
0.1,101.985
0.12,93.9152
0.14,87.037
0.16,81.3083
0.18,76.0448
0.2,70.7235
0.22,65.3314
0.24,60.1624
0.26,55.3831
0.28,50.9427
0.3,46.8574
0.32,43.333
0.34,40.537
0.36,38.3653
0.38,36.4772
0.4,34.5784
0.42,32.6742
0.44,30.9883
0.46,29.6648
0.48,28.59
0.5,27.4733
0.52,26.1173
0.54,24.6141
0.56,23.2424
0.58,22.2219
0.6,21.57
0.62,21.0946
0.64,20.5047
0.66,19.6233
0.68,18.5332
0.7,17.4862
0.72,16.7074
0.74,16.2869
0.76,16.1629
0.78,16.1345
0.8,15.9352
0.82,15.3985
0.84,14.5895
0.86,13.7366
0.88,13.0608
0.9,12.6817
0.92,12.6091
0.94,12.7474
0.96,12.8989
0.98,12.8233
1,12.3858
1.02,11.6633
1.04,10.8688
1.06,10.2
1.08,9.76812
1.1,9.60603
1.12,9.68491
1.14,9.90944
1.16,10.1101
1.18,10.0907
1.2,9.74937
1.22,9.15979
1.24,8.50126
1.26,7.93493
1.28,7.55164
1.3,7.38467
1.32,7.43113
1.34,7.65417
1.36,7.96596
1.38,8.21662
1.4,8.23931
1.42,7.95891
1.44,7.45354
1.46,6.88432
1.48,6.38878
1.5,6.04198
1.52,5.87185
1.54,5.88115
1.56,6.05436
1.58,6.34659
1.6,6.66329
1.62,6.86089
1.64,6.80973
1.66,6.49036
1.68,6.00832
1.7,5.50642
1.72,5.08639
1.74,4.79637
1.76,4.65137
1.78,4.6517
1.8,4.78858
1.82,5.03636
1.84,5.33438
1.86,5.57511
1.88,5.63408
1.9,5.45021
1.92,5.07683
1.94,4.63336
1.96,4.22389
1.98,3.905
2,3.69699
2.02,3.60314
2.04,3.62113
2.06,3.74471
2.08,3.95641
2.1,4.21252
2.12,4.43101
2.14,4.50983
2.16,4.38927
2.18,4.10158
2.2,3.74121
2.22,3.39692
2.24,3.11938
2.26,2.92751
2.28,2.82471
2.3,2.80958
2.32,2.87944
2.34,3.02742
2.36,3.23292
2.38,3.44819
2.4,3.59521
2.42,3.5967
2.44,3.43231
2.46,3.15574
2.48,2.84879
2.5,2.57255
2.52,2.35611
2.54,2.20755
2.56,2.12628
2.58,2.1096
2.6,2.15403
2.62,2.25205
2.64,2.3844
2.66,2.51135
2.68,2.57588
2.7,2.53245
2.72,2.3826
2.74,2.17255
2.76,1.95615
2.78,1.7682
2.8,1.62305
2.82,1.52342
2.84,1.46771
2.86,1.45336
2.88,1.4768
2.9,1.53041
2.92,1.59709
2.94,1.64683
2.96,1.64483
2.98,1.57368
3,1.44734
3.02,1.29791
3.04,1.15297
3.06,1.02662
3.08,0.922551
3.1,0.839382
3.12,0.774165
3.14,0.723935
3.16,0.686101
3.18,0.658193
3.2,0.637219
3.22,0.619058
3.24,0.598946
3.26,0.573693
3.28,0.543699
3.3,0.512024
3.32,0.481739
3.34,0.454513
3.36,0.430752
3.38,0.410207
3.4,0.392409
3.42,0.376889
3.44,0.363245
3.46,0.351159
3.48,0.340391
3.5,0.330764
3.52,0.322154
3.54,0.314475
3.56,0.307664
3.58,0.301648
3.6,0.296286
3.62,0.291293
3.64,0.286215
3.66,0.280592
3.68,0.274267
3.7,0.267497
3.72,0.26071
3.74,0.254222
3.76,0.248173
3.78,0.242575
3.8,0.23739
3.82,0.232562
3.84,0.228041
3.86,0.223784
3.88,0.219757
3.9,0.215934
3.92,0.212295
3.94,0.208826
3.96,0.205517
3.98,0.202361
4,0.199358
