0,91.1887
0.02,104.716
0.04,113.899
0.06,115.822
0.08,110.475
0.1,100.855
0.12,90.6235
0.14,82.2319
0.16,76.6482
0.18,73.7419
0.2,72.5432
0.22,71.4128
0.24,68.6298
0.26,63.4384
0.28,56.5039
0.3,49.1655
0.32,42.4842
0.34,36.949
0.36,32.6471
0.38,29.4921
0.4,27.3622
0.42,26.161
0.44,25.8316
0.46,26.3428
0.48,27.6412
0.5,29.5537
0.52,31.6455
0.54,33.152
0.56,33.2295
0.58,31.5293
0.6,28.4885
0.62,24.9336
0.64,21.5307
0.66,18.6033
0.68,16.2257
0.7,14.3556
0.72,12.9172
0.74,11.8378
0.76,11.0609
0.78,10.5481
0.8,10.2788
0.82,10.249
0.84,10.4703
0.86,10.9689
0.88,11.781
0.9,12.9392
0.92,14.4384
0.94,16.1686
0.96,17.8285
0.98,18.9178
1,18.9588
1.02,17.8607
1.04,15.9991
1.06,13.8999
1.08,11.9354
1.1,10.2663
1.12,8.91664
1.14,7.85204
1.16,7.02349
1.18,6.38568
1.2,5.90248
1.22,5.54741
1.24,5.30254
1.26,5.15735
1.28,5.10792
1.3,5.1566
1.32,5.31221
1.34,5.59042
1.36,6.01398
1.38,6.6113
1.4,7.41016
1.42,8.42008
1.44,9.59475
1.46,10.776
1.48,11.6663
1.5,11.9307
1.52,11.4313
1.54,10.3495
1.56,9.02688
1.58,7.74044
1.6,6.62612
1.62,5.71654
1.64,4.99545
1.66,4.43177
1.68,3.99475
1.7,3.65897
1.72,3.40513
1.74,3.21944
1.76,3.0927
1.78,3.01961
1.8,2.99832
1.82,3.03032
1.84,3.1205
1.86,3.27761
1.88,3.51452
1.9,3.84825
1.92,4.29812
1.94,4.8794
1.96,5.58734
1.98,6.36707
2,7.0794
2.02,7.51006
2.04,7.47935
2.06,6.98649
2.08,6.21005
2.1,5.36391
2.12,4.58707
2.14,3.93403
2.16,3.4089
2.18,2.99554
2.2,2.67352
2.22,2.42448
2.24,2.23386
2.26,2.09088
2.28,1.98802
2.3,1.92046
2.32,1.88572
2.34,1.88347
2.36,1.91545
2.38,1.98568
2.4,2.10058
2.42,2.26912
2.44,2.50216
2.46,2.80982
2.48,3.19436
2.5,3.63528
2.52,4.06848
2.54,4.37939
2.56,4.44737
2.58,4.23384
2.6,3.8167
2.62,3.32326
2.64,2.85071
2.66,2.44426
2.68,2.11321
2.7,1.85051
2.72,1.64454
2.74,1.48414
2.76,1.36024
2.78,1.26608
2.8,1.19698
2.82,1.15
2.84,1.12376
2.86,1.11822
2.88,1.13458
2.9,1.17483
2.92,1.24085
2.94,1.33191
2.96,1.43999
2.98,1.54374
3,1.60803
3.02,1.59959
3.04,1.51229
3.06,1.3724
3.08,1.21643
3.1,1.07003
3.12,0.94415
3.14,0.840274
3.16,0.755837
3.18,0.687254
3.2,0.63117
3.22,0.584826
3.24,0.546067
3.26,0.513253
3.28,0.485139
3.3,0.460777
3.32,0.439446
3.34,0.420589
3.36,0.403773
3.38,0.38866
3.4,0.374979
3.42,0.362515
3.44,0.351095
3.46,0.340576
3.48,0.330842
3.5,0.321798
3.52,0.313363
3.54,0.305471
3.56,0.298065
3.58,0.2911
3.6,0.284535
3.62,0.278338
3.64,0.272485
3.66,0.266953
3.68,0.261731
3.7,0.256809
3.72,0.252185
3.74,0.247859
3.76,0.243832
3.78,0.240086
3.8,0.236564
3.82,0.233134
3.84,0.229603
3.86,0.225807
3.88,0.221737
3.9,0.217539
3.92,0.213391
3.94,0.209406
3.96,0.205627
3.98,0.20205
4,0.198657
