0,2.05426
0.02,2.17491
0.04,2.30051
0.06,2.43015
0.08,2.56258
0.1,2.69614
0.12,2.82876
0.14,2.95796
0.16,3.08087
0.18,3.19439
0.2,3.29526
0.22,3.38035
0.24,3.44685
0.26,3.49251
0.28,3.5159
0.3,3.51652
0.32,3.49488
0.34,3.45245
0.36,3.39149
0.38,3.3149
0.4,3.2259
0.42,3.12785
0.44,3.024
0.46,2.91737
0.48,2.81059
0.5,2.70589
0.52,2.60509
0.54,2.50961
0.56,2.4205
0.58,2.33848
0.6,2.26404
0.62,2.19741
0.64,2.13865
0.66,2.08767
0.68,2.04422
0.7,2.00793
0.72,1.97832
0.74,1.95478
0.76,1.93656
0.78,1.92278
0.8,1.91246
0.82,1.90445
0.84,1.89756
0.86,1.8905
0.88,1.88201
0.9,1.87088
0.92,1.85608
0.94,1.83678
0.96,1.81245
0.98,1.78292
1,1.74831
1.02,1.70907
1.04,1.66591
1.06,1.61969
1.08,1.5714
1.1,1.52203
1.12,1.47253
1.14,1.42376
1.16,1.37646
1.18,1.33125
1.2,1.28862
1.22,1.24893
1.24,1.21244
1.26,1.1793
1.28,1.14957
1.3,1.12328
1.32,1.10034
1.34,1.08065
1.36,1.06401
1.38,1.0502
1.4,1.03892
1.42,1.02981
1.44,1.02248
1.46,1.01645
1.48,1.0112
1.5,1.00619
1.52,1.00085
1.54,0.994641
1.56,0.987068
1.58,0.977731
1.6,0.966345
1.62,0.952769
1.64,0.937011
1.66,0.919222
1.68,0.899681
1.7,0.878757
1.72,0.856878
1.74,0.834496
1.76,0.812052
1.78,0.789954
1.8,0.768563
1.82,0.748176
1.84,0.729029
1.86,0.711297
1.88,0.695093
1.9,0.680476
1.92,0.667455
1.94,0.655989
1.96,0.645994
1.98,0.637341
2,0.629862
2.02,0.623351
2.04,0.617566
2.06,0.612242
2.08,0.607096
2.1,0.601844
2.12,0.596219
2.14,0.589986
2.16,0.582961
2.18,0.575028
2.2,0.566144
2.22,0.556341
2.24,0.545721
2.26,0.53444
2.28,0.52269
2.3,0.510686
2.32,0.498641
2.34,0.486755
2.36,0.4752
2.38,0.464116
2.4,0.453605
2.42,0.443728
2.44,0.434508
2.46,0.42593
2.48,0.417944
2.5,0.410473
2.52,0.403415
2.54,0.39665
2.56,0.390052
2.58,0.383497
2.6,0.376871
2.62,0.370079
2.64,0.363057
2.66,0.355769
2.68,0.348214
2.7,0.340417
2.72,0.332427
2.74,0.324308
2.76,0.316127
2.78,0.307951
2.8,0.299836
2.82,0.291823
2.84,0.283942
2.86,0.276204
2.88,0.268609
2.9,0.261147
2.92,0.253805
2.94,0.246566
2.96,0.239419
2.98,0.232356
3,0.225377
3.02,0.218491
3.04,0.211712
3.06,0.205056
3.08,0.198546
3.1,0.192201
3.12,0.18604
3.14,0.180079
3.16,0.17433
3.18,0.168801
3.2,0.163497
3.22,0.158417
3.24,0.153561
3.26,0.148923
3.28,0.144499
3.3,0.140282
3.32,0.136262
3.34,0.132431
3.36,0.128782
3.38,0.125303
3.4,0.121986
3.42,0.118822
3.44,0.115801
3.46,0.112916
3.48,0.110157
3.5,0.107517
3.52,0.104988
3.54,0.102564
3.56,0.100239
3.58,0.0980055
3.6,0.0958593
3.62,0.093795
3.64,0.0918083
3.66,0.0898949
3.68,0.0880509
3.7,0.0862728
3.72,0.0845573
3.74,0.0829013
3.76,0.081302
3.78,0.0797568
3.8,0.078263
3.82,0.0768185
3.84,0.0754209
3.86,0.074068
3.88,0.072758
3.9,0.0714889
3.92,0.0702587
3.94,0.0690659
3.96,0.0679087
3.98,0.0667856
4,0.065695
