0,2.05425
0.02,2.17491
0.04,2.30051
0.06,2.43015
0.08,2.56258
0.1,2.69614
0.12,2.82876
0.14,2.95796
0.16,3.08087
0.18,3.19438
0.2,3.29526
0.22,3.38035
0.24,3.44685
0.26,3.49251
0.28,3.5159
0.3,3.51652
0.32,3.49488
0.34,3.45245
0.36,3.39149
0.38,3.3149
0.4,3.2259
0.42,3.12785
0.44,3.02401
0.46,2.91737
0.48,2.81059
0.5,2.70589
0.52,2.6051
0.54,2.50961
0.56,2.4205
0.58,2.33849
0.6,2.26404
0.62,2.19741
0.64,2.13866
0.66,2.08767
0.68,2.04422
0.7,2.00794
0.72,1.97833
0.74,1.95478
0.76,1.93656
0.78,1.92279
0.8,1.91246
0.82,1.90446
0.84,1.89757
0.86,1.89051
0.88,1.88202
0.9,1.87089
0.92,1.85609
0.94,1.83679
0.96,1.81247
0.98,1.78293
1,1.74832
1.02,1.70908
1.04,1.66592
1.06,1.61971
1.08,1.57142
1.1,1.52204
1.12,1.47254
1.14,1.42377
1.16,1.37647
1.18,1.33126
1.2,1.28863
1.22,1.24894
1.24,1.21244
1.26,1.1793
1.28,1.14958
1.3,1.12328
1.32,1.10034
1.34,1.08064
1.36,1.064
1.38,1.05019
1.4,1.03891
1.42,1.0298
1.44,1.02247
1.46,1.01644
1.48,1.01119
1.5,1.00617
1.52,1.00083
1.54,0.99462
1.56,0.987046
1.58,0.977708
1.6,0.96632
1.62,0.952741
1.64,0.93698
1.66,0.919188
1.68,0.899644
1.7,0.878717
1.72,0.856837
1.74,0.834456
1.76,0.812015
1.78,0.789922
1.8,0.768536
1.82,0.748156
1.84,0.729015
1.86,0.711288
1.88,0.695088
1.9,0.680474
1.92,0.667453
1.94,0.655986
1.96,0.645988
1.98,0.637333
2,0.629852
2.02,0.623339
2.04,0.617556
2.06,0.612235
2.08,0.607095
2.1,0.601853
2.12,0.596237
2.14,0.590013
2.16,0.582998
2.18,0.575072
2.2,0.566192
2.22,0.55639
2.24,0.545767
2.26,0.53448
2.28,0.522724
2.3,0.510711
2.32,0.498659
2.34,0.486765
2.36,0.475205
2.38,0.464119
2.4,0.453608
2.42,0.443734
2.44,0.434519
2.46,0.425946
2.48,0.417967
2.5,0.410501
2.52,0.403447
2.54,0.396683
2.56,0.390084
2.58,0.383524
2.6,0.37689
2.62,0.370089
2.64,0.363055
2.66,0.355757
2.68,0.348194
2.7,0.340392
2.72,0.332401
2.74,0.324283
2.76,0.316108
2.78,0.307939
2.8,0.299831
2.82,0.291826
2.84,0.283951
2.86,0.276216
2.88,0.268622
2.9,0.261159
2.92,0.253811
2.94,0.246566
2.96,0.239412
2.98,0.232343
3,0.225361
3.02,0.218473
3.04,0.211694
3.06,0.205041
3.08,0.198534
3.1,0.192193
3.12,0.186035
3.14,0.180076
3.16,0.174328
3.18,0.168799
3.2,0.163494
3.22,0.158414
3.24,0.153557
3.26,0.14892
3.28,0.144496
3.3,0.140279
3.32,0.136259
3.34,0.132429
3.36,0.128779
3.38,0.1253
3.4,0.121983
3.42,0.118818
3.44,0.115797
3.46,0.112912
3.48,0.110153
3.5,0.107514
3.52,0.104986
3.54,0.102564
3.56,0.100239
3.58,0.0980064
3.6,0.0958607
3.62,0.0937967
3.64,0.09181
3.66,0.0898963
3.68,0.088052
3.7,0.0862735
3.72,0.0845576
3.74,0.0829014
3.76,0.0813019
3.78,0.0797566
3.8,0.0782629
3.82,0.0768184
3.84,0.0754209
3.86,0.0740682
3.88,0.0727583
3.9,0.0714893
3.92,0.0702592
3.94,0.0690665
3.96,0.0679093
3.98,0.0667862
4,0.0656957
