0,13.7354
0.02,13.5703
0.04,12.7553
0.06,11.6954
0.08,10.7412
0.1,10.0882
0.12,9.81553
0.14,9.95209
0.16,10.5167
0.18,11.5303
0.2,13.0011
0.22,14.8729
0.24,16.9345
0.26,18.7355
0.28,19.663
0.3,19.2978
0.32,17.7588
0.34,15.5874
0.36,13.3355
0.38,11.3314
0.4,9.69535
0.42,8.43285
0.44,7.50567
0.46,6.86949
0.48,6.48912
0.5,6.34204
0.52,6.41517
0.54,6.69419
0.56,7.14187
0.58,7.66507
0.6,8.09352
0.62,8.22607
0.64,7.95886
0.66,7.36636
0.68,6.62242
0.7,5.87201
0.72,5.19089
0.74,4.61203
0.76,4.14983
0.78,3.80766
0.8,3.58217
0.82,3.46848
0.84,3.46377
0.86,3.56741
0.88,3.77635
0.9,4.07357
0.92,4.40916
0.94,4.68598
0.96,4.78283
0.98,4.63027
1,4.2691
1.02,3.81286
1.04,3.36617
1.06,2.98669
1.08,2.69335
1.1,2.48585
1.12,2.35821
1.14,2.30518
1.16,2.3241
1.18,2.41378
1.2,2.57005
1.22,2.77643
1.24,2.99143
1.26,3.14446
1.28,3.16262
1.3,3.0232
1.32,2.77338
1.34,2.48963
1.36,2.23073
1.38,2.02521
1.4,1.88121
1.42,1.7982
1.44,1.77371
1.46,1.80537
1.48,1.88925
1.5,2.01428
1.52,2.15369
1.54,2.2607
1.56,2.28369
1.58,2.20145
1.6,2.04131
1.62,1.85528
1.64,1.68622
1.66,1.55657
1.68,1.47402
1.7,1.43953
1.72,1.45172
1.74,1.50707
1.76,1.59626
1.78,1.69779
1.8,1.77482
1.82,1.78727
1.84,1.719
1.86,1.59142
1.88,1.44449
1.9,1.31082
1.92,1.20726
1.94,1.13942
1.96,1.10797
1.98,1.11237
2,1.15169
2.02,1.22299
2.04,1.31696
2.06,1.41213
2.08,1.47431
2.1,1.47133
2.12,1.39699
2.14,1.27622
2.16,1.14404
2.18,1.02549
2.2,0.93195
2.22,0.866163
2.24,0.827472
2.26,0.814733
2.28,0.827382
2.3,0.865181
2.32,0.926591
2.34,1.00533
2.36,1.08567
2.38,1.14126
2.4,1.14561
2.42,1.09135
2.44,0.996635
2.46,0.889489
2.48,0.790903
2.5,0.710698
2.52,0.651289
2.54,0.611978
2.56,0.591468
2.58,0.588902
2.6,0.603977
2.62,0.636273
2.64,0.683542
2.66,0.738724
2.68,0.787176
2.7,0.80901
2.72,0.790446
2.74,0.735124
2.76,0.660618
2.78,0.585019
2.8,0.519093
2.82,0.466753
2.84,0.428248
2.86,0.402575
2.88,0.388637
2.9,0.385513
2.92,0.392086
2.94,0.406021
2.96,0.422285
2.98,0.432552
3,0.428056
3.02,0.405578
3.04,0.369986
3.06,0.329779
3.08,0.291554
3.1,0.258376
3.12,0.230832
3.14,0.208373
3.16,0.190135
3.18,0.175287
3.2,0.163148
3.22,0.153196
3.24,0.145046
3.26,0.138416
3.28,0.133089
3.3,0.128841
3.32,0.125361
3.34,0.122167
3.36,0.118675
3.38,0.114491
3.4,0.109678
3.42,0.104645
3.44,0.0998046
3.46,0.095382
3.48,0.0914352
3.5,0.0879338
3.52,0.0848174
3.54,0.0820238
3.56,0.0794994
3.58,0.077201
3.6,0.0750949
3.62,0.0731554
3.64,0.0713631
3.66,0.0697037
3.68,0.0681665
3.7,0.0667419
3.72,0.0654177
3.74,0.064173
3.76,0.0629725
3.78,0.0617723
3.8,0.060543
3.82,0.0592898
3.84,0.0580442
3.86,0.0568374
3.88,0.055686
3.9,0.0545937
3.92,0.0535573
3.94,0.0525715
3.96,0.0516306
3.98,0.0507297
4,0.0498647
