0,13.7359
0.02,13.5712
0.04,12.7561
0.06,11.6957
0.08,10.7406
0.1,10.0864
0.12,9.8125
0.14,9.94755
0.16,10.5105
0.18,11.5227
0.2,12.9929
0.22,14.8668
0.24,16.9357
0.26,18.7503
0.28,19.6924
0.3,19.3304
0.32,17.7767
0.34,15.5815
0.36,13.3127
0.38,11.3067
0.4,9.68214
0.42,8.43881
0.44,7.5336
0.46,6.9174
0.48,6.54739
0.5,6.38835
0.52,6.41245
0.54,6.6017
0.56,6.94381
0.58,7.40442
0.6,7.88194
0.62,8.19137
0.64,8.13992
0.66,7.67077
0.68,6.91242
0.7,6.06663
0.72,5.28412
0.74,4.63379
0.76,4.12981
0.78,3.76287
0.8,3.51865
0.82,3.38578
0.84,3.35834
0.86,3.43516
0.88,3.61628
0.9,3.89417
0.92,4.23751
0.94,4.57138
0.96,4.77783
0.98,4.75034
1,4.47555
1.02,4.04422
1.04,3.57582
1.06,3.15273
1.08,2.81039
1.1,2.55537
1.12,2.38285
1.14,2.28628
1.16,2.26108
1.18,2.30496
1.2,2.41522
1.22,2.58215
1.24,2.77815
1.26,2.94875
1.28,3.02391
1.3,2.9606
1.32,2.77936
1.34,2.54628
1.36,2.32546
1.38,2.15473
1.4,2.04886
1.42,2.00963
1.44,2.03091
1.46,2.0967
1.48,2.17536
1.5,2.22014
1.52,2.18929
1.54,2.07623
1.56,1.91379
1.58,1.74627
1.6,1.60498
1.62,1.50444
1.64,1.44914
1.66,1.4399
1.68,1.47692
1.7,1.55967
1.72,1.68342
1.74,1.83205
1.76,1.97021
1.78,2.04636
1.8,2.01951
1.82,1.89175
1.84,1.70581
1.86,1.51084
1.88,1.3382
1.9,1.20021
1.92,1.09834
1.94,1.03009
1.96,0.992642
1.98,0.984345
2,1.00509
2.02,1.05597
2.04,1.138
2.06,1.24912
2.08,1.37845
2.1,1.49989
2.12,1.57326
2.14,1.56414
2.16,1.47103
2.18,1.32644
2.2,1.17047
2.22,1.02971
2.24,0.915096
2.26,0.828144
2.28,0.76675
2.3,0.728279
2.32,0.710862
2.34,0.713795
2.36,0.737456
2.38,0.782774
2.4,0.84982
2.42,0.934825
2.44,1.02552
2.46,1.09801
2.48,1.12331
2.5,1.08629
2.52,0.998702
2.54,0.888597
2.56,0.780741
2.58,0.688292
2.6,0.615209
2.62,0.560959
2.64,0.523676
2.66,0.501652
2.68,0.493866
2.7,0.500036
2.72,0.520309
2.74,0.554407
2.76,0.599832
2.78,0.64909
2.8,0.687835
2.82,0.698807
2.84,0.673056
2.86,0.617564
2.88,0.548894
2.9,0.481587
2.92,0.423303
2.94,0.376267
2.96,0.340041
2.98,0.313359
3,0.294946
3.02,0.283702
3.04,0.278491
3.06,0.277592
3.08,0.278027
3.1,0.27558
3.12,0.266567
3.14,0.250418
3.16,0.229913
3.18,0.208702
3.2,0.189224
3.22,0.172421
3.24,0.158319
3.26,0.146571
3.28,0.13675
3.3,0.128469
3.32,0.121414
3.34,0.115338
3.36,0.110052
3.38,0.105415
3.4,0.101318
3.42,0.0976822
3.44,0.0944473
3.46,0.0915711
3.48,0.0890233
3.5,0.0867786
3.52,0.0848039
3.54,0.0830376
3.56,0.0813661
3.58,0.0796332
3.6,0.0777138
3.62,0.0756042
3.64,0.0734143
3.66,0.0712717
3.68,0.0692548
3.7,0.0673889
3.72,0.0656694
3.74,0.06408
3.76,0.0626024
3.78,0.0612205
3.8,0.0599206
3.82,0.058692
3.84,0.0575259
3.86,0.0564154
3.88,0.0553548
3.9,0.0543395
3.92,0.0533658
3.94,0.0524306
3.96,0.0515313
3.98,0.0506659
4,0.0498325
