0,2.63784
0.02,3.06939
0.04,3.60647
0.06,4.28057
0.08,5.13159
0.1,6.20635
0.12,7.55025
0.14,9.1827
0.16,11.0435
0.18,12.9118
0.2,14.3615
0.22,14.9002
0.24,14.3095
0.26,12.8391
0.28,10.9872
0.3,9.16697
0.32,7.58561
0.34,6.2955
0.36,5.27462
0.38,4.4777
0.4,3.85919
0.42,3.38097
0.44,3.01361
0.46,2.73537
0.48,2.53084
0.5,2.3897
0.52,2.30589
0.54,2.2771
0.56,2.30455
0.58,2.39308
0.6,2.55121
0.62,2.79083
0.64,3.12522
0.66,3.56322
0.68,4.09509
0.7,4.66814
0.72,5.16361
0.74,5.41665
0.76,5.31226
0.78,4.88149
0.8,4.27295
0.82,3.63949
0.84,3.0712
0.86,2.599
0.88,2.22135
0.9,1.92472
0.92,1.69376
0.94,1.5151
0.96,1.37828
0.98,1.27558
1,1.20164
1.02,1.15302
1.04,1.12796
1.06,1.1262
1.08,1.14899
1.1,1.19915
1.12,1.28113
1.14,1.40088
1.16,1.56492
1.18,1.77766
1.2,2.03499
1.22,2.31303
1.24,2.55684
1.26,2.68799
1.28,2.64871
1.3,2.44999
1.32,2.1616
1.34,1.85808
1.36,1.58447
1.38,1.35681
1.4,1.1751
1.42,1.03325
1.44,0.924212
1.46,0.841775
1.48,0.781151
1.5,0.738937
1.52,0.712981
1.54,0.702232
1.56,0.706652
1.58,0.727181
1.6,0.765742
1.62,0.825232
1.64,0.90927
1.66,1.02115
1.68,1.16088
1.7,1.31931
1.72,1.47069
1.74,1.572
1.76,1.58225
1.78,1.49386
1.8,1.33946
1.82,1.16455
1.84,1.00135
1.86,0.863815
1.88,0.754178
1.9,0.669673
1.92,0.606329
1.94,0.560557
1.96,0.529643
1.98,0.511792
2,0.506061
2.02,0.512329
2.04,0.53134
2.06,0.564681
2.08,0.614404
2.1,0.681969
2.12,0.765932
2.14,0.857988
2.16,0.939083
2.18,0.982199
2.2,0.96767
2.22,0.899513
2.24,0.801746
2.26,0.699868
2.28,0.609308
2.3,0.53568
2.32,0.479176
2.34,0.438021
2.36,0.410243
2.38,0.394365
2.4,0.389607
2.42,0.395863
2.44,0.413511
2.46,0.442903
2.48,0.483212
2.5,0.530326
2.52,0.574456
2.54,0.600712
2.56,0.596596
2.58,0.561949
2.6,0.509069
2.62,0.452833
2.64,0.403091
2.66,0.363978
2.68,0.336276
2.7,0.319465
2.72,0.312724
2.74,0.31505
2.76,0.324681
2.78,0.338015
2.8,0.348947
2.82,0.35058
2.84,0.339704
2.86,0.319485
2.88,0.296613
2.9,0.276639
2.92,0.26193
2.94,0.251815
2.96,0.243387
2.98,0.233043
3,0.218858
3.02,0.201851
3.04,0.184631
3.06,0.16928
3.08,0.156466
3.1,0.145649
3.12,0.135728
3.14,0.125864
3.16,0.116001
3.18,0.106618
3.2,0.0981746
3.22,0.0908596
3.24,0.0846385
3.26,0.0793772
3.28,0.0749234
3.3,0.0711423
3.32,0.0679259
3.34,0.0651902
3.36,0.0628643
3.38,0.0608726
3.4,0.0591113
3.42,0.0574376
3.44,0.0557073
3.46,0.0538566
3.48,0.0519373
3.5,0.050056
3.52,0.0482955
3.54,0.046692
3.56,0.0452488
3.58,0.0439543
3.6,0.0427923
3.62,0.0417442
3.64,0.0407852
3.66,0.0398802
3.68,0.0389882
3.7,0.0380806
3.72,0.0371586
3.74,0.0362461
3.76,0.0353681
3.78,0.0345376
3.8,0.0337571
3.82,0.0330237
3.84,0.0323323
3.86,0.0316779
3.88,0.0310564
3.9,0.030464
3.92,0.0298979
3.94,0.0293558
3.96,0.0288357
3.98,0.028336
4,0.0278553
