0,2.63782
0.02,3.06937
0.04,3.60644
0.06,4.28054
0.08,5.13154
0.1,6.2063
0.12,7.55019
0.14,9.18262
0.16,11.0435
0.18,12.9118
0.2,14.3615
0.22,14.9002
0.24,14.3096
0.26,12.8392
0.28,10.9873
0.3,9.16703
0.32,7.58566
0.34,6.29554
0.36,5.27466
0.38,4.47773
0.4,3.85921
0.42,3.38099
0.44,3.01363
0.46,2.73539
0.48,2.53085
0.5,2.38971
0.52,2.3059
0.54,2.2771
0.56,2.30455
0.58,2.39308
0.6,2.55121
0.62,2.79082
0.64,3.12521
0.66,3.5632
0.68,4.09508
0.7,4.66814
0.72,5.16364
0.74,5.41671
0.76,5.31235
0.78,4.88162
0.8,4.27311
0.82,3.63964
0.84,3.07134
0.86,2.59911
0.88,2.22144
0.9,1.92479
0.92,1.69381
0.94,1.51513
0.96,1.37829
0.98,1.27558
1,1.20162
1.02,1.15298
1.04,1.12789
1.06,1.12611
1.08,1.14887
1.1,1.19902
1.12,1.28103
1.14,1.4009
1.16,1.56526
1.18,1.77859
1.2,2.03652
1.22,2.31439
1.24,2.55636
1.26,2.68483
1.28,2.64472
1.3,2.44804
1.32,2.16238
1.34,1.86021
1.36,1.58651
1.38,1.35819
1.4,1.17585
1.42,1.03359
1.44,0.92428
1.46,0.841656
1.48,0.780864
1.5,0.738473
1.52,0.712313
1.54,0.701331
1.56,0.705507
1.58,0.725834
1.6,0.764348
1.62,0.824085
1.64,0.908759
1.66,1.02161
1.68,1.16245
1.7,1.3218
1.72,1.47348
1.74,1.57422
1.76,1.5832
1.78,1.49349
1.8,1.33826
1.82,1.16305
1.84,0.999876
1.86,0.862477
1.88,0.752974
1.9,0.668551
1.92,0.605221
1.94,0.5594
1.96,0.5284
1.98,0.510497
2,0.504892
2.02,0.511659
2.04,0.53169
2.06,0.566569
2.08,0.618198
2.1,0.687737
2.12,0.773209
2.14,0.8654
2.16,0.944225
2.18,0.982585
2.2,0.962608
2.22,0.890779
2.24,0.792068
2.26,0.691265
2.28,0.60272
2.3,0.531352
2.32,0.477077
2.34,0.438097
2.36,0.412526
2.38,0.399017
2.4,0.396922
2.42,0.406205
2.44,0.427118
2.46,0.45941
2.48,0.500724
2.5,0.544254
2.52,0.577599
2.54,0.586917
2.56,0.566578
2.58,0.524175
2.6,0.474009
2.62,0.427843
2.64,0.391767
2.66,0.367663
2.68,0.355206
2.7,0.352708
2.72,0.356812
2.74,0.361921
2.76,0.361244
2.78,0.350553
2.8,0.331419
2.82,0.309604
2.84,0.290767
2.86,0.278134
2.88,0.272432
2.9,0.272243
2.92,0.273996
2.94,0.272564
2.96,0.263774
2.98,0.247399
3,0.226959
3.02,0.206512
3.04,0.188246
3.06,0.172286
3.08,0.157756
3.1,0.144007
3.12,0.131123
3.14,0.11954
3.16,0.109549
3.18,0.101169
3.2,0.0942523
3.22,0.0885931
3.24,0.0839858
3.26,0.0802208
3.28,0.0770509
3.3,0.0741713
3.32,0.0712812
3.34,0.0682302
3.36,0.0650871
3.38,0.0620302
3.4,0.059202
3.42,0.0566615
3.44,0.0544083
3.46,0.052416
3.48,0.0506533
3.5,0.0490922
3.52,0.0477092
3.54,0.0464825
3.56,0.0453837
3.58,0.0443681
3.6,0.0433723
3.62,0.0423353
3.64,0.041237
3.66,0.0401088
3.68,0.0390012
3.7,0.0379506
3.72,0.036971
3.74,0.0360624
3.76,0.0352185
3.78,0.0344319
3.8,0.0336954
3.82,0.0330027
3.84,0.0323477
3.86,0.0317236
3.88,0.0311227
3.9,0.0305385
3.92,0.0299684
3.94,0.029414
3.96,0.0288779
3.98,0.0283616
4,0.0278649
