0,18.2129
0.02,18.508
0.04,18.2631
0.06,17.8123
0.08,17.4955
0.1,17.5519
0.12,18.1068
0.14,19.1859
0.16,20.7082
0.18,22.4454
0.2,23.9929
0.22,24.843
0.24,24.6157
0.26,23.3013
0.28,21.2575
0.3,18.9637
0.32,16.7913
0.34,14.9374
0.36,13.469
0.38,12.3878
0.4,11.6724
0.42,11.2917
0.44,11.1992
0.46,11.3156
0.48,11.51
0.5,11.6046
0.52,11.432
0.54,10.9252
0.56,10.1576
0.58,9.2847
0.6,8.45344
0.62,7.75693
0.64,7.23659
0.66,6.90094
0.68,6.73917
0.7,6.72367
0.72,6.80368
0.74,6.89897
0.76,6.91092
0.78,6.76275
0.8,6.44495
0.82,6.01859
0.84,5.57215
0.86,5.1781
0.88,4.87823
0.9,4.68929
0.92,4.61195
0.94,4.63429
0.96,4.7286
0.98,4.84564
1,4.91699
1.02,4.87787
1.04,4.70319
1.06,4.42344
1.08,4.10154
1.1,3.79724
1.12,3.54903
1.14,3.37528
1.16,3.28205
1.18,3.26896
1.2,3.33074
1.22,3.45406
1.24,3.61112
1.26,3.75481
1.28,3.82574
1.3,3.7781
1.32,3.60843
1.34,3.35709
1.36,3.08065
1.38,2.82459
1.4,2.61469
1.42,2.46144
1.44,2.36728
1.46,2.33154
1.48,2.35254
1.5,2.42691
1.52,2.54636
1.54,2.69215
1.56,2.83021
1.58,2.91427
1.6,2.90412
1.62,2.79016
1.64,2.59978
1.66,2.37792
1.68,2.16348
1.7,1.97952
1.72,1.83567
1.74,1.73403
1.76,1.67375
1.78,1.65359
1.8,1.67281
1.82,1.73079
1.84,1.82525
1.86,1.94877
1.88,2.08402
1.9,2.20069
1.92,2.26103
1.94,2.23744
1.96,2.13064
1.98,1.96879
2,1.78874
2.02,1.61902
2.04,1.47502
2.06,1.36232
2.08,1.28139
2.1,1.23092
2.12,1.20961
2.14,1.21674
2.16,1.25207
2.18,1.31481
2.2,1.4016
2.22,1.50312
2.24,1.60079
2.26,1.66755
2.28,1.67751
2.3,1.62127
2.32,1.51253
2.34,1.37816
2.36,1.24312
2.38,1.12292
2.4,1.02427
2.42,0.948576
2.44,0.894961
2.46,0.862075
2.48,0.848897
2.5,0.854954
2.52,0.880077
2.54,0.923625
2.56,0.982937
2.58,1.05099
2.6,1.11427
2.62,1.15392
2.64,1.15313
2.66,1.10743
2.68,1.0278
2.7,0.932864
2.72,0.83894
2.74,0.755715
2.76,0.687114
2.78,0.633726
2.8,0.594758
2.82,0.569121
2.84,0.555865
2.86,0.554171
2.88,0.562956
2.9,0.580056
2.92,0.60108
2.94,0.618681
2.96,0.623803
2.98,0.609758
3,0.576452
3.02,0.530219
3.04,0.479442
3.06,0.430558
3.08,0.386914
3.1,0.34951
3.12,0.318084
3.14,0.291881
3.16,0.270053
3.18,0.251833
3.2,0.236588
3.22,0.223817
3.24,0.213135
3.26,0.204239
3.28,0.196867
3.3,0.190735
3.32,0.185469
3.34,0.180567
3.36,0.175469
3.38,0.169781
3.4,0.163479
3.42,0.156869
3.44,0.150351
3.46,0.144212
3.48,0.138587
3.5,0.133494
3.52,0.128893
3.54,0.124726
3.56,0.120931
3.58,0.117454
3.6,0.114249
3.62,0.111277
3.64,0.108509
3.66,0.105919
3.68,0.103488
3.7,0.101198
3.72,0.0990368
3.74,0.096994
3.76,0.0950611
3.78,0.0932309
3.8,0.0914965
3.82,0.0898493
3.84,0.0882765
3.86,0.0867587
3.88,0.0852713
3.9,0.0837929
3.92,0.0823161
3.94,0.0808502
3.96,0.0794126
3.98,0.0780178
4,0.0766733
