0,18.2453
0.02,18.5362
0.04,18.2703
0.06,17.7815
0.08,17.4138
0.1,17.4119
0.12,17.9087
0.14,18.9437
0.16,20.4606
0.18,22.2695
0.2,24.0011
0.22,25.1395
0.24,25.2192
0.26,24.1032
0.28,22.0722
0.3,19.6199
0.32,17.1834
0.34,15.0229
0.36,13.2426
0.38,11.8559
0.4,10.8379
0.42,10.1554
0.44,9.77966
0.46,9.68911
0.48,9.86321
0.5,10.2682
0.52,10.8329
0.54,11.4222
0.56,11.8347
0.58,11.864
0.6,11.4118
0.62,10.5523
0.64,9.47462
0.66,8.36801
0.68,7.35511
0.7,6.48957
0.72,5.781
0.74,5.21846
0.76,4.78485
0.78,4.46396
0.8,4.24325
0.82,4.11472
0.84,4.07499
0.86,4.12486
0.88,4.26843
0.9,4.51096
0.92,4.85417
0.94,5.2871
0.96,5.77158
0.98,6.22789
1,6.53839
1.02,6.59041
1.04,6.34374
1.06,5.85906
1.08,5.2542
1.1,4.63782
1.12,4.07657
1.14,3.59776
1.16,3.20481
1.18,2.89034
1.2,2.64392
1.22,2.45565
1.24,2.31759
1.26,2.22409
1.28,2.1718
1.3,2.15958
1.32,2.18837
1.34,2.26108
1.36,2.38228
1.38,2.55732
1.4,2.79016
1.42,3.07874
1.44,3.40693
1.46,3.73446
1.48,3.99357
1.5,4.10684
1.52,4.02844
1.54,3.77596
1.56,3.41729
1.58,3.02798
1.6,2.66085
1.62,2.34124
1.64,2.07562
1.66,1.86096
1.68,1.69086
1.7,1.55865
1.72,1.45861
1.74,1.38639
1.76,1.33902
1.78,1.31487
1.8,1.31354
1.82,1.33584
1.84,1.38374
1.86,1.4603
1.88,1.56927
1.9,1.7141
1.92,1.89566
1.94,2.10784
1.96,2.33116
1.98,2.52785
2,2.64714
2.02,2.64769
2.04,2.52434
2.06,2.31183
2.08,2.061
2.1,1.81335
2.12,1.59196
2.14,1.40499
2.16,1.25223
2.18,1.13
2.2,1.03384
2.22,0.959667
2.24,0.90424
2.26,0.865207
2.28,0.84108
2.3,0.831176
2.32,0.835571
2.34,0.855076
2.36,0.891185
2.38,0.945925
2.4,1.02142
2.42,1.11886
2.44,1.23634
2.46,1.36542
2.48,1.48751
2.5,1.57433
2.52,1.5978
2.54,1.54664
2.56,1.43448
2.58,1.29004
2.6,1.14063
2.62,1.00341
2.64,0.885673
2.66,0.788571
2.68,0.710428
2.7,0.648725
2.72,0.601038
2.74,0.565405
2.76,0.540424
2.78,0.525239
2.8,0.519489
2.82,0.523203
2.84,0.536604
2.86,0.559702
2.88,0.591505
2.9,0.62876
2.92,0.664622
2.94,0.688752
2.96,0.69081
2.98,0.666434
3,0.620272
3.02,0.56254
3.04,0.503058
3.06,0.448012
3.08,0.400002
3.1,0.359378
3.12,0.325441
3.14,0.297164
3.16,0.273522
3.18,0.253628
3.2,0.236754
3.22,0.22232
3.24,0.209872
3.26,0.199056
3.28,0.189595
3.3,0.181276
3.32,0.173933
3.34,0.167441
3.36,0.161704
3.38,0.156651
3.4,0.152226
3.42,0.148377
3.44,0.145029
3.46,0.142058
3.48,0.139258
3.5,0.136359
3.52,0.133124
3.54,0.129477
3.56,0.125546
3.58,0.121555
3.6,0.117697
3.62,0.114083
3.64,0.110746
3.66,0.107679
3.68,0.104854
3.7,0.102241
3.72,0.0998112
3.74,0.0975389
3.76,0.0954034
3.78,0.0933873
3.8,0.0914766
3.82,0.0896596
3.84,0.0879267
3.86,0.0862697
3.88,0.0846819
3.9,0.0831575
3.92,0.0816914
3.94,0.0802792
3.96,0.0789171
3.98,0.0776019
4,0.0763304
