0,13.9425
0.02,16.2485
0.04,18.8067
0.06,21.441
0.08,23.8282
0.1,25.5359
0.12,26.1788
0.14,25.6281
0.16,24.0959
0.18,22.0087
0.2,19.7967
0.22,17.7641
0.24,16.0732
0.26,14.7836
0.28,13.8961
0.3,13.3784
0.32,13.1721
0.34,13.1849
0.36,13.2814
0.38,13.2924
0.4,13.0619
0.42,12.5164
0.44,11.7
0.46,10.7394
0.48,9.77275
0.5,8.90187
0.52,8.18221
0.54,7.63479
0.56,7.26085
0.58,7.05097
0.6,6.98723
0.62,7.03954
0.64,7.15878
0.66,7.27377
0.68,7.3023
0.7,7.17988
0.72,6.89067
0.74,6.47381
0.76,5.9994
0.78,5.53594
0.8,5.13156
0.82,4.81196
0.84,4.58666
0.86,4.45543
0.88,4.41152
0.9,4.44141
0.92,4.52167
0.94,4.61592
0.96,4.67698
0.98,4.66017
1,4.5439
1.02,4.34103
1.04,4.08924
1.06,3.83075
1.08,3.59848
1.1,3.41308
1.12,3.28524
1.14,3.21834
1.16,3.20932
1.18,3.24763
1.2,3.31292
1.22,3.37424
1.24,3.3957
1.26,3.35049
1.28,3.23518
1.3,3.07107
1.32,2.89125
1.34,2.72547
1.36,2.59296
1.38,2.50255
1.4,2.4555
1.42,2.44813
1.44,2.47302
1.46,2.51867
1.48,2.56784
1.5,2.59779
1.52,2.58637
1.54,2.52295
1.56,2.41536
1.58,2.28538
1.6,2.15748
1.62,2.05039
1.64,1.97483
1.66,1.93486
1.68,1.92935
1.7,1.95214
1.72,1.99116
1.74,2.02825
1.76,2.04268
1.78,2.01943
1.8,1.95733
1.82,1.86939
1.84,1.77512
1.86,1.69183
1.88,1.63058
1.9,1.59599
1.92,1.58728
1.94,1.59852
1.96,1.6187
1.98,1.63303
2,1.62759
2.02,1.59611
2.04,1.54338
2.06,1.48204
2.08,1.42562
2.1,1.38347
2.12,1.35894
2.14,1.34956
2.16,1.3479
2.18,1.34396
2.2,1.32947
2.22,1.30233
2.24,1.26744
2.26,1.23299
2.28,1.20536
2.3,1.1861
2.32,1.17156
2.34,1.15512
2.36,1.13126
2.38,1.0993
2.4,1.06388
2.42,1.03188
2.44,1.00871
2.46,0.996147
2.48,0.991646
2.5,0.989011
2.52,0.980588
2.54,0.961003
2.56,0.930306
2.58,0.893766
2.6,0.858637
2.62,0.830788
2.64,0.813018
2.66,0.804688
2.68,0.801909
2.7,0.798354
2.72,0.787389
2.74,0.765255
2.76,0.733121
2.78,0.696101
2.8,0.660252
2.82,0.630098
2.84,0.607696
2.86,0.592664
2.88,0.582456
2.9,0.57294
2.92,0.559702
2.94,0.540034
2.96,0.514279
2.98,0.485278
3,0.45648
3.02,0.430289
3.04,0.407435
3.06,0.387152
3.08,0.367834
3.1,0.347977
3.12,0.327007
3.14,0.305441
3.16,0.284346
3.18,0.264689
3.2,0.247026
3.22,0.231521
3.24,0.218085
3.26,0.206511
3.28,0.196548
3.3,0.18793
3.32,0.18038
3.34,0.173607
3.36,0.167328
3.38,0.161328
3.4,0.155511
3.42,0.149899
3.44,0.144569
3.46,0.139595
3.48,0.13501
3.5,0.130814
3.52,0.126983
3.54,0.123481
3.56,0.120261
3.58,0.117268
3.6,0.11444
3.62,0.111717
3.64,0.109059
3.66,0.106457
3.68,0.103927
3.7,0.101494
3.72,0.0991732
3.74,0.0969726
3.76,0.0948899
3.78,0.0929186
3.8,0.0910499
3.82,0.0892744
3.84,0.0875826
3.86,0.0859642
3.88,0.0844085
3.9,0.0829054
3.92,0.0814475
3.94,0.0800311
3.96,0.0786563
3.98,0.0773244
4,0.0760361
