0,16.1196
0.02,16.3864
0.04,16.2247
0.06,15.8789
0.08,15.6068
0.1,15.6013
0.12,15.9724
0.14,16.7567
0.16,17.9166
0.18,19.3187
0.2,20.7074
0.22,21.7213
0.24,22.0075
0.26,21.4035
0.28,20.0356
0.3,18.2295
0.32,16.3288
0.34,14.5759
0.36,13.0966
0.38,11.9353
0.4,11.0938
0.42,10.5542
0.44,10.2859
0.46,10.2423
0.48,10.3486
0.5,10.4916
0.52,10.5309
0.54,10.3443
0.56,9.89024
0.58,9.22817
0.6,8.47601
0.62,7.74767
0.64,7.11917
0.66,6.62766
0.68,6.28381
0.7,6.08257
0.72,6.00722
0.74,6.02699
0.76,6.0922
0.78,6.13564
0.8,6.09028
0.82,5.92062
0.84,5.64272
0.86,5.31182
0.88,4.99046
0.9,4.72484
0.92,4.53866
0.94,4.43583
0.96,4.40325
0.98,4.41134
1,4.41665
1.02,4.37373
1.04,4.25608
1.06,4.07092
1.08,3.85292
1.1,3.64364
1.12,3.47525
1.14,3.36588
1.16,3.3214
1.18,3.33738
1.2,3.39825
1.22,3.47524
1.24,3.52804
1.26,3.51662
1.28,3.42084
1.3,3.25215
1.32,3.04521
1.34,2.83831
1.36,2.65978
1.38,2.52544
1.4,2.44205
1.42,2.41111
1.44,2.43073
1.46,2.49505
1.48,2.59135
1.5,2.69656
1.52,2.77715
1.54,2.79773
1.56,2.7379
1.58,2.60444
1.6,2.4263
1.62,2.23763
1.64,2.06454
1.66,1.92181
1.68,1.81562
1.7,1.74758
1.72,1.71739
1.74,1.7242
1.76,1.76646
1.78,1.84055
1.8,1.93802
1.82,2.04237
1.84,2.12801
1.86,2.16588
1.88,2.13658
1.9,2.04205
1.92,1.90398
1.94,1.75069
1.96,1.60508
1.98,1.48065
2,1.38322
2.02,1.31427
2.04,1.27349
2.06,1.26015
2.08,1.27359
2.1,1.31284
2.12,1.37536
2.14,1.45494
2.16,1.53914
2.18,1.60836
2.2,1.64012
2.22,1.61912
2.24,1.54648
2.26,1.43875
2.28,1.31788
2.3,1.20169
2.32,1.10067
2.34,1.01926
2.36,0.958426
2.38,0.917671
2.4,0.896192
2.42,0.893367
2.44,0.908733
2.46,0.941489
2.48,0.989415
2.5,1.0472
2.52,1.10474
2.54,1.14725
2.56,1.15944
2.58,1.13318
2.6,1.07253
2.62,0.990968
2.64,0.903654
2.66,0.821806
2.68,0.751485
2.7,0.694949
2.72,0.652408
2.74,0.62327
2.76,0.606782
2.78,0.60221
2.8,0.608647
2.82,0.624447
2.84,0.646324
2.86,0.668483
2.88,0.68277
2.9,0.681062
2.92,0.65932
2.94,0.619999
2.96,0.570256
2.98,0.517856
3,0.468351
3.02,0.424575
3.04,0.387394
3.06,0.356612
3.08,0.331597
3.1,0.311595
3.12,0.29584
3.14,0.283512
3.16,0.273636
3.18,0.265
3.2,0.256274
3.22,0.246406
3.24,0.235073
3.26,0.222732
3.28,0.210219
3.3,0.198271
3.32,0.187319
3.34,0.177506
3.36,0.168805
3.38,0.161104
3.4,0.154268
3.42,0.14817
3.44,0.142697
3.46,0.137753
3.48,0.133261
3.5,0.129159
3.52,0.125397
3.54,0.121933
3.56,0.118738
3.58,0.115784
3.6,0.113049
3.62,0.110514
3.64,0.108153
3.66,0.105934
3.68,0.10381
3.7,0.101728
3.72,0.099643
3.74,0.0975409
3.76,0.09544
3.78,0.0933758
3.8,0.0913798
3.82,0.0894702
3.84,0.0876524
3.86,0.0859241
3.88,0.084279
3.9,0.0827099
3.92,0.0812097
3.94,0.0797718
3.96,0.0783908
3.98,0.0770617
4,0.0757804
