0,16.1306
0.02,16.395
0.04,16.2249
0.06,15.8643
0.08,15.5726
0.1,15.5445
0.12,15.8931
0.14,16.66
0.16,17.8165
0.18,19.243
0.2,20.6985
0.22,21.8247
0.24,22.2453
0.26,21.7491
0.28,20.4176
0.3,18.5652
0.32,16.5549
0.34,14.6587
0.36,13.0243
0.38,11.7057
0.4,10.706
0.42,10.0075
0.44,9.58743
0.46,9.42309
0.48,9.488
0.5,9.74063
0.52,10.1073
0.54,10.4684
0.56,10.6683
0.58,10.5675
0.6,10.1157
0.62,9.37965
0.64,8.49651
0.66,7.59998
0.68,6.77895
0.7,6.0755
0.72,5.50044
0.74,5.04903
0.76,4.71128
0.78,4.47741
0.8,4.34026
0.82,4.29591
0.84,4.34324
0.86,4.48225
0.88,4.71034
0.9,5.01581
0.92,5.36799
0.94,5.70798
0.96,5.95054
0.98,6.01013
1,5.84506
1.02,5.48364
1.04,5.00476
1.06,4.49358
1.08,4.01107
1.1,3.58858
1.12,3.2361
1.14,2.95219
1.16,2.73087
1.18,2.56548
1.2,2.45044
1.22,2.38196
1.24,2.35823
1.26,2.37933
1.28,2.44694
1.3,2.56361
1.32,2.73111
1.34,2.94734
1.36,3.20091
1.38,3.46439
1.4,3.69047
1.42,3.82014
1.44,3.80743
1.46,3.64658
1.48,3.37567
1.5,3.05262
1.52,2.72779
1.54,2.43205
1.56,2.17865
1.58,1.96989
1.6,1.80288
1.62,1.67307
1.64,1.57604
1.66,1.50826
1.68,1.46736
1.7,1.4522
1.72,1.4628
1.74,1.50029
1.76,1.56663
1.78,1.6641
1.8,1.79409
1.82,1.95477
1.84,2.13723
1.86,2.3209
1.88,2.47189
1.9,2.55036
1.92,2.5287
1.94,2.40838
1.96,2.21891
1.98,1.99985
2,1.78343
2.02,1.58841
2.04,1.42221
2.06,1.28558
2.08,1.17622
2.1,1.09093
2.12,1.0267
2.14,0.981169
2.16,0.952707
2.18,0.940488
2.2,0.944433
2.22,0.965165
2.24,1.00387
2.26,1.06197
2.28,1.1405
2.3,1.23866
2.32,1.35157
2.34,1.46734
2.36,1.56561
2.38,1.62127
2.4,1.61525
2.42,1.5459
2.44,1.43008
2.46,1.29257
2.48,1.15464
2.5,1.02913
2.52,0.921494
2.54,0.832597
2.56,0.761168
2.58,0.705263
2.6,0.663007
2.62,0.632912
2.64,0.613973
2.66,0.605677
2.68,0.607949
2.7,0.621029
2.72,0.645225
2.74,0.680401
2.76,0.725061
2.78,0.775004
2.8,0.822092
2.82,0.854626
2.84,0.861081
2.86,0.836172
2.88,0.7842
2.9,0.716138
2.92,0.643544
2.94,0.574543
2.96,0.513214
2.98,0.460746
3,0.416784
3.02,0.38035
3.04,0.350342
3.06,0.325753
3.08,0.305753
3.1,0.289686
3.12,0.277034
3.14,0.267355
3.16,0.260177
3.18,0.254856
3.2,0.250442
3.22,0.245685
3.24,0.239351
3.26,0.230771
3.28,0.220189
3.3,0.20852
3.32,0.196785
3.34,0.185712
3.36,0.175656
3.38,0.166702
3.4,0.158787
3.42,0.151788
3.44,0.145573
3.46,0.140019
3.48,0.135021
3.5,0.130491
3.52,0.126356
3.54,0.12256
3.56,0.119053
3.58,0.115799
3.6,0.112763
3.62,0.109922
3.64,0.107251
3.66,0.104734
3.68,0.102355
3.7,0.100099
3.72,0.0979572
3.74,0.0959187
3.76,0.0939757
3.78,0.0921212
3.8,0.0903492
3.82,0.0886546
3.84,0.0870333
3.86,0.0854814
3.88,0.0839952
3.9,0.0825703
3.92,0.0812007
3.94,0.0798772
3.96,0.0785877
3.98,0.0773197
4,0.0760649
