1.28977,1.28977,2.76585e-06,2.41894e-06
0.960529,0.960529,3.12955e-06,0.00181232
0.782923,0.782923,4.31944e-06,0.0189101
0.587251,0.587251,0.000139681,0.00146788
0.274322,0.274322,0.000120961,0.0028807
-0.0370949,-0.0370949,0.00904898,7.74125e-05
-0.261949,-0.261949,0.0311992,1.32616e-05
-0.784697,-0.784697,0.0236682,9.45917e-06
-0.993508,-0.993508,0.109725,2.20857e-06
-1.18391,-1.18391,0.00163649,2.06178e-05
-1.79046,-1.79046,0.00822776,2.06449e-08
-1.9514,-1.9514,0.500066,5.64322e-11
-2.83624,-2.83624,0.316157,1.77636e-14
