1.28977,1.28977,2.76575e-06,3.65783e-11
0.96216,0.96216,3.01184e-06,5.01401e-08
0.800729,0.800729,3.70812e-06,5.6324e-07
0.588805,0.588805,0.000139433,5.62037e-08
0.279235,0.279235,0.000118615,2.8415e-07
-0.0367995,-0.0367995,0.00903089,3.85389e-08
-0.261474,-0.261474,0.0307759,5.71156e-07
-0.289052,-0.289052,0.00044543,3.26562e-05
-0.784716,-0.784716,0.02367,1.26759e-09
-0.993511,-0.993511,0.109724,1.47317e-10
-1.18393,-1.18393,0.0016358,8.55538e-10
-1.79046,-1.79046,0.00822776,3.04645e-13
-1.9514,-1.9514,0.500066,7.99361e-15
-2.83624,-2.83624,0.316157,1.06581e-14
