1.28977,1.28977,2.76575e-06,2.22045e-15
0.96216,0.96216,3.01184e-06,1.75504e-12
0.800729,0.800729,3.70811e-06,2.38849e-11
0.588805,0.588805,0.000139433,3.1688e-12
0.279235,0.279235,0.000118615,2.66189e-11
-0.0367994,-0.0367994,0.00903088,7.25925e-12
-0.261473,-0.261473,0.0307737,2.18607e-10
-0.288987,-0.288987,0.000447645,1.38356e-08
-0.784716,-0.784716,0.0236696,1.87403e-09
-0.793251,-0.793251,4.20348e-07,0.000107711
-0.993511,-0.993511,0.109724,3.97016e-13
-1.18393,-1.18393,0.0016358,6.01297e-13
-1.79046,-1.79046,0.00822776,8.88178e-16
-1.9514,-1.9514,0.500066,9.76996e-15
-2.83624,-2.83624,0.316157,0
