1.28977,1.28977,2.76575e-06,4.88498e-15
0.96216,0.96216,3.01184e-06,1.15463e-14
0.800729,0.800729,3.70811e-06,1.4988e-13
0.588805,0.588805,0.000139433,2.06501e-14
0.279235,0.279235,0.000118615,2.39836e-13
-0.0367994,-0.0367994,0.00903088,8.55631e-14
-0.261473,-0.261473,0.0307737,3.1794e-12
-0.288987,-0.288987,0.000447646,2.06863e-10
-0.784716,-0.784716,0.0236696,5.08089e-11
-0.793177,-0.793177,4.2755e-07,2.90368e-06
-0.993511,-0.993511,0.109724,1.73195e-14
-1.18393,-1.18393,0.0016358,3.19744e-14
-1.79046,-1.79046,0.00822776,1.77636e-15
-1.9514,-1.9514,0.500066,8.88178e-15
-2.26342,-2.26342,1.08265e-21,0.0582667
-2.83624,-2.83624,0.316157,3.55271e-15
