1.49938,1.49939,2.66167e-24,0.000522261
1.28977,1.28977,2.76575e-06,3.10862e-15
0.96216,0.96216,3.01184e-06,8.88178e-16
0.800729,0.800729,3.70811e-06,2.44249e-15
0.588805,0.588805,0.000139433,1.11022e-15
0.279235,0.279235,0.000118615,1.66533e-16
-0.0367994,-0.0367994,0.00903088,1.17961e-16
-0.261473,-0.261473,0.0307737,8.32667e-16
-0.288987,-0.288987,0.000447646,3.34732e-14
-0.784716,-0.784716,0.0236696,3.10862e-15
-0.793179,-0.793179,4.27425e-07,2.83711e-10
-0.993511,-0.993511,0.109724,0
-1.18393,-1.18393,0.0016358,7.10543e-15
-1.79046,-1.79046,0.00822776,8.88178e-16
-1.9514,-1.9514,0.500066,6.21725e-15
-2.2789,-2.2789,8.00982e-22,2.14924e-06
-2.83624,-2.83624,0.316157,7.10543e-15
