1.49958,1.49958,2.64667e-24,5.04108e-05
1.28977,1.28977,2.76575e-06,8.88178e-16
0.96216,0.96216,3.01184e-06,4.44089e-16
0.800729,0.800729,3.70811e-06,2.22045e-16
0.588805,0.588805,0.000139433,1.66533e-15
0.279235,0.279235,0.000118615,2.498e-16
-0.0367994,-0.0367994,0.00903088,1.2013e-16
-0.261473,-0.261473,0.0307737,8.04912e-16
-0.288987,-0.288987,0.000447646,2.76168e-14
-0.784716,-0.784716,0.0236696,1.77636e-14
-0.793179,-0.793179,4.27425e-07,1.12834e-09
-0.993511,-0.993511,0.109724,6.66134e-16
-1.18393,-1.18393,0.0016358,7.10543e-15
-1.284,-1.21622,1.63208e-18,0.711817
-1.79046,-1.79046,0.00822776,0
-1.9514,-1.9514,0.500066,2.04281e-14
-2.2789,-2.2789,8.00949e-22,1.35467e-06
-2.83624,-2.83624,0.316157,7.10543e-15
