1.49968,1.49992,2.61323e-24,2.23232e-05
1.28977,1.36597,9.19185e-25,0.0086657
1.03214,1.28977,2.76575e-06,6.21725e-15
0.96216,0.96216,3.01184e-06,4.44089e-16
0.800729,0.800729,3.70811e-06,1.55431e-15
0.588805,0.588805,0.000139433,2.22045e-16
0.279235,0.279235,0.000118615,3.33067e-16
-0.0367994,-0.0367994,0.00903088,5.24754e-17
-0.261473,-0.261473,0.0307737,9.15934e-16
-0.288987,-0.288987,0.000447646,5.27356e-16
-0.784716,-0.784716,0.0236696,1.9984e-15
-0.793179,-0.793179,4.27425e-07,8.54428e-13
-0.993511,-0.993511,0.109724,5.77316e-15
-1.18393,-1.18393,0.0016358,5.32907e-15
-1.62389,-1.49185,5.70048e-22,0.000927261
-1.79046,-1.79046,0.00822776,1.77636e-15
-1.9514,-1.9514,0.500066,9.76996e-15
-2.27891,-2.2789,8.0094e-22,1.78709e-09
-2.83624,-2.83624,0.316157,0
