1.49993,1.49998,2.60639e-24,3.16612e-05
1.36993,1.389,4.41391e-25,0.0145956
1.28977,1.28977,2.76575e-06,6.66134e-15
0.96216,0.989886,2.84352e-22,0.238439
0.800729,0.96216,3.01184e-06,3.10862e-15
0.588805,0.800729,3.70811e-06,1.77636e-15
0.279235,0.588805,0.000139433,1.44329e-15
-0.0367994,0.279235,0.000118615,6.38378e-16
-0.261473,-0.0367994,0.00903088,3.81639e-17
-0.288987,-0.261473,0.0307737,7.21645e-16
-0.784716,-0.288987,0.000447646,4.996e-16
-0.793179,-0.784716,0.0236696,4.21885e-15
-0.993511,-0.793179,4.27425e-07,6.75016e-14
-1.18393,-0.993511,0.109724,4.44089e-16
-1.48916,-1.18393,0.0016358,3.9968e-15
-1.79046,-1.49222,5.67526e-22,3.74921e-05
-1.9514,-1.79046,0.00822776,1.24345e-14
-2.2789,-1.9514,0.500066,8.88178e-15
-2.81752,-2.2789,8.00943e-22,4.18172e-11
-2.83624,-2.83624,0.316157,7.10543e-15
