1.49999,1.5,2.60377e-24,5.03314e-06
1.39566,1.3985,3.33322e-25,0.00254831
1.28977,1.28977,2.76575e-06,3.55271e-15
1.08338,1.11596,3.11939e-24,0.0258484
0.96216,0.96216,3.01184e-06,1.77636e-15
0.800729,0.800729,3.70811e-06,2.22045e-15
0.588805,0.588805,0.000139433,9.99201e-16
0.279235,0.279235,0.000118615,4.996e-16
-0.0367994,-0.0367994,0.00903088,1.17961e-16
-0.261473,-0.261473,0.0307737,1.19349e-15
-0.288987,-0.288987,0.000447646,3.88578e-16
-0.784716,-0.784716,0.0236696,2.88658e-15
-0.793179,-0.793179,4.27425e-07,5.84177e-12
-0.993511,-0.857302,1.42667e-19,0.390231
-1.18393,-0.993511,0.109724,1.77636e-15
-1.49215,-1.18393,0.0016358,1.77636e-15
-1.79046,-1.49227,5.6712e-22,3.503e-05
-1.9514,-1.79046,0.00822776,6.21725e-15
-2.2789,-1.9514,0.500066,6.21725e-15
-2.83607,-2.2789,8.0094e-22,7.9261e-12
-2.83624,-2.83624,0.316157,7.10543e-15
