1.5,1.5,2.60288e-24,9.85775e-07
1.39963,1.4002,3.20444e-25,0.000571225
1.28977,1.28977,2.76575e-06,9.76996e-15
1.12833,1.13573,2.44506e-24,0.00745245
0.96216,0.96216,3.01184e-06,0
0.800729,0.800729,3.70811e-06,3.33067e-15
0.588805,0.588805,0.000139433,2.44249e-15
0.279235,0.279235,0.000118615,1.66533e-16
-0.0367994,0.0474943,1.36837e-21,0.334006
-0.261473,-0.0367994,0.00903088,1.62197e-16
-0.288987,-0.261473,0.0307737,1.58207e-15
-0.461945,-0.288987,0.000447646,8.88178e-16
-0.784716,-0.784716,0.0236696,1.06581e-14
-0.793179,-0.793179,4.27425e-07,7.66054e-14
-0.993511,-0.993511,0.109724,1.55431e-15
-1.18393,-1.18393,0.0016358,1.15463e-14
-1.49223,-1.28395,3.30264e-23,0.159154
-1.79046,-1.49234,5.6653e-22,6.76724e-05
-1.9514,-1.79046,0.00822776,8.88178e-16
-2.2789,-1.9514,0.500066,3.55271e-15
-2.83622,-2.2789,8.00944e-22,1.39266e-12
-2.83624,-2.83624,0.316157,1.77636e-14
