1.5,1.5,2.60344e-24,2.10355e-07
1.40048,1.40071,3.09408e-25,0.000149044
1.28977,1.28977,2.76575e-06,9.76996e-15
1.13985,1.14457,2.11683e-24,0.00346403
0.96216,0.96216,3.01184e-06,7.77156e-15
0.800729,0.800729,3.70811e-06,5.55112e-15
0.588805,0.603634,1.71045e-21,0.155755
0.288284,0.588805,0.000139433,2.9976e-15
0.279235,0.279235,0.000118615,2.77556e-17
-0.0367994,-0.0367994,0.00903088,6.93889e-18
-0.261473,-0.261473,0.0307737,7.77156e-16
-0.288987,-0.288987,0.000447646,1.02696e-15
-0.784716,-0.490972,1.15419e-21,0.139178
-0.793179,-0.784716,0.0236696,3.9968e-15
-0.993511,-0.793179,4.27425e-07,5.24025e-14
-1.08342,-0.993511,0.109724,0
-1.18393,-1.18393,0.0016358,1.33227e-15
-1.49229,-1.42487,3.1517e-24,0.0364939
-1.79046,-1.4925,5.6546e-22,0.000115454
-1.9514,-1.79046,0.00822776,4.44089e-15
-2.2789,-1.9514,0.500066,1.68754e-14
-2.83624,-2.2789,8.00938e-22,3.55271e-15
-2.83624,-2.83624,0.316157,0
