1.5,1.5,2.60152e-24,9.57188e-08
1.40078,1.40089,3.28143e-25,9.06836e-05
1.28977,1.28977,2.76575e-06,1.5099e-14
1.14643,1.15185,2.34924e-24,0.00599361
0.96216,0.96216,3.01184e-06,3.77476e-15
0.800729,0.907134,5.40218e-23,0.141721
0.691865,0.800729,3.70811e-06,4.44089e-15
0.588805,0.588805,0.000139433,2.22045e-15
0.279235,0.279235,0.000118615,6.10623e-16
-0.0367994,0.167335,2.31885e-22,0.185953
-0.261473,-0.0367994,0.00903088,1.48753e-16
-0.288987,-0.261473,0.0307737,9.4369e-16
-0.380282,-0.288987,0.000447646,8.32667e-16
-0.784716,-0.651605,2.83449e-21,0.0612051
-0.793179,-0.784716,0.0236696,1.28786e-14
-0.993511,-0.793179,4.27425e-07,7.72715e-14
-1.18393,-0.993511,0.109724,2.66454e-15
-1.38753,-1.18393,0.0016358,0
-1.49242,-1.44884,3.02205e-24,0.00619453
-1.79046,-1.49261,5.65426e-22,4.33818e-05
-1.9514,-1.79046,0.00822776,2.66454e-15
-2.2789,-1.9514,0.500066,2.13163e-14
-2.83624,-2.2789,8.00941e-22,8.88178e-15
-2.83624,-2.83624,0.316157,2.4869e-14
