1.5,1.5,2.60517e-24,1.21226e-08
1.40092,1.40096,2.81924e-25,1.42623e-05
1.28977,1.28977,2.76575e-06,1.33227e-15
1.15346,1.15843,8.58759e-25,0.00232118
0.96216,1.01311,2.04734e-23,0.0231719
0.939904,0.96216,3.01184e-06,1.9984e-15
0.800729,0.800729,3.70811e-06,1.02141e-14
0.588805,0.588805,0.000139433,1.33227e-15
0.279235,0.340637,2.478e-22,0.0427378
0.195694,0.279235,0.000118615,1.38778e-16
-0.0367994,-0.0367994,0.00903088,1.84748e-16
-0.261473,-0.261473,0.0307737,9.99201e-16
-0.288987,-0.288987,0.000447646,2.22045e-16
-0.671192,-0.503001,5.38013e-22,0.0772072
-0.784716,-0.784716,0.0236696,6.66134e-15
-0.793179,-0.793179,4.27425e-07,1.14797e-13
-0.993511,-0.965049,1.86994e-20,0.179348
-1.18393,-0.993511,0.109724,7.54952e-15
-1.48618,-1.18393,0.0016358,1.33227e-14
-1.49486,-1.45813,5.01803e-25,0.00450925
-1.79046,-1.49268,5.78281e-22,4.46737e-05
-1.9514,-1.79046,0.00822776,1.59872e-14
-2.2789,-1.9514,0.500066,1.59872e-14
-2.83624,-2.2789,8.00928e-22,1.33227e-13
-2.83624,-2.83624,0.316157,4.61853e-14
