1.5,1.5,2.60106e-24,2.12593e-10
1.40096,1.40097,3.38763e-25,3.09603e-07
1.28977,1.28977,2.76575e-06,3.28626e-14
1.15877,1.16165,3.31715e-24,0.000110641
1.01617,1.04352,8.37739e-27,0.000948281
0.96216,0.96216,3.01184e-06,3.77476e-15
0.800729,0.800729,3.70811e-06,8.88178e-15
0.588805,0.588805,0.000139433,3.77476e-15
0.341929,0.507365,9.25056e-24,0.00896865
0.279235,0.279235,0.000118615,2.498e-16
-0.0367994,0.141344,3.28622e-24,0.0102313
-0.261473,-0.0367994,0.00903088,6.59195e-17
-0.288987,-0.261473,0.0307737,2.77556e-17
-0.529718,-0.288987,0.000447646,1.85962e-15
-0.784716,-0.574714,3.05548e-22,0.00144987
-0.793179,-0.784716,0.0236696,2.13163e-14
-0.993511,-0.793179,4.27425e-07,1.17684e-14
-1.18393,-0.993511,0.109724,8.65974e-15
-1.31484,-1.13097,5.83617e-23,0.00321422
-1.49228,-1.18393,0.0016358,4.88498e-15
-1.66279,-1.46227,2.71965e-23,9.43303e-05
-1.79046,-1.49273,6.04599e-22,1.09185e-06
-1.9514,-1.79046,0.00822776,3.55271e-15
-2.2789,-1.9514,0.500066,8.88178e-15
-2.83624,-2.2789,8.00949e-22,7.10543e-14
-2.83624,-2.83624,0.316157,4.26326e-14
