1.5,1.5,2.60268e-24,3.05249e-11
1.40097,1.40097,3.13801e-25,6.35574e-08
1.28977,1.28977,2.76575e-06,2.44249e-14
1.16118,1.16183,2.0362e-24,4.25123e-05
1.03915,1.04545,1.10061e-24,0.000539055
0.96216,0.96216,3.01184e-06,3.33067e-15
0.800729,0.800729,3.70811e-06,1.42109e-14
0.588805,0.623747,3.04149e-21,0.0748042
0.449394,0.588805,0.000139433,1.77636e-15
0.279235,0.435849,1.18216e-21,0.0485606
-0.00765474,0.279235,0.000118615,2.498e-16
-0.0367994,0.115046,4.03201e-21,0.00888153
-0.261473,-0.0367994,0.00903088,7.02563e-17
-0.288987,-0.261473,0.0307737,6.38378e-16
-0.62125,-0.288987,0.000447646,1.94289e-16
-0.784716,-0.576056,2.23272e-22,0.000175337
-0.793179,-0.784716,0.0236696,9.54792e-15
-0.993511,-0.793179,4.27425e-07,4.44089e-15
-1.18393,-0.993511,0.109724,1.28786e-14
-1.42447,-1.13293,3.38702e-21,0.000173447
-1.49247,-1.18393,0.0016358,2.35367e-14
-1.79046,-1.46232,9.03707e-23,3.48524e-06
-1.88198,-1.49273,6.2698e-22,3.67413e-08
-1.9514,-1.79046,0.00822776,3.4639e-14
-2.2789,-1.9514,0.500066,6.21725e-15
-2.83624,-2.2789,8.00861e-22,1.01252e-13
-2.83624,-2.83624,0.316157,2.0961e-13
