1.5,1.5,2.55189e-24,8.8427e-12
1.40097,1.40097,1.72908e-24,8.93686e-09
1.28977,1.28977,2.76575e-06,1.55431e-14
1.16175,1.16186,8.4023e-22,3.58327e-06
1.04447,1.04596,1.42327e-20,0.000189501
0.96216,0.96216,3.01184e-06,3.10862e-15
0.800729,0.800729,3.70811e-06,1.11022e-14
0.588805,0.723379,4.08878e-18,0.0382996
0.521217,0.588805,0.000139433,6.21725e-15
0.279235,0.474868,1.3921e-18,0.0222722
0.162328,0.279235,0.000118615,1.02696e-15
-0.0367994,0.12828,1.72322e-18,0.00883468
-0.261473,-0.0367994,0.00903088,1.22732e-16
-0.288987,-0.261473,0.0307737,8.88178e-16
-0.566116,-0.288987,0.000447646,5.55112e-17
-0.784716,-0.357711,6.40916e-18,0.0568939
-0.793179,-0.576756,2.48598e-19,0.000789499
-0.993511,-0.784716,0.0236696,6.66134e-15
-1.06724,-0.793179,4.27425e-07,4.66294e-15
-1.18393,-0.993511,0.109724,5.32907e-15
-1.45647,-1.13315,1.63505e-20,1.77673e-05
-1.49266,-1.18393,0.0016358,1.55431e-14
-1.79046,-1.46232,1.23228e-21,1.33888e-06
-1.9464,-1.49273,7.7753e-22,2.47764e-09
-1.9514,-1.79046,0.00822776,3.01981e-14
-2.2789,-1.9514,0.500066,2.66454e-14
-2.83624,-2.2789,8.01018e-22,1.54543e-13
-2.83624,-2.83624,0.316157,3.8014e-13
