1.5,1.5,2.55728e-24,4.5
1.40097,1.40097,1.56057e-24,3.92543
1.28977,1.28977,2.76575e-06,3.32703
1.16186,1.16186,7.88578e-22,2.69988
1.04591,1.04596,1.42056e-20,2.18806
0.96216,0.96216,3.01184e-06,1.8515
0.800729,0.800729,3.70811e-06,1.28234
0.706267,0.723726,4.99281e-18,1.08588
0.588805,0.588805,0.000139433,0.693383
0.46852,0.475196,2.03711e-18,0.443661
0.279235,0.279235,0.000118615,0.155945
0.123514,0.129008,3.15743e-18,0.0404833
-0.0367994,-0.0367994,0.00903088,0.00270839
-0.261473,-0.261473,0.0307737,0.136736
-0.288987,-0.272437,1.38062e-18,0.153885
-0.575621,-0.288987,0.000447646,0.167028
-0.784716,-0.576338,1.62449e-18,0.66248
-0.793179,-0.784716,0.0236696,1.23156
-0.993511,-0.793179,4.27425e-07,1.25826
-1.13154,-0.839829,9.65128e-16,0.461151
-1.18393,-0.993511,0.109724,1.97413
-1.46222,-1.13319,7.76685e-20,2.56772
-1.49273,-1.18393,0.0016358,2.80339
-1.79046,-1.46232,6.02633e-23,4.27678
-1.95136,-1.49273,6.3099e-22,4.45648
-1.9514,-1.79046,0.00822776,6.41151
-2.2789,-1.9514,0.500066,7.61596
-2.83624,-2.2789,8.01016e-22,10.3868
-2.83624,-2.83624,0.316157,16.0885
