1.5,1.5,2.50795e-24,4.5
1.40097,1.40097,7.16607e-24,3.92543
1.28977,1.28977,2.76575e-06,3.32703
1.16187,1.22177,3.10703e-16,3.54649
1.046,1.16185,4.37295e-20,2.70052
0.96216,1.04587,8.75702e-20,2.18666
0.800729,0.96216,3.01184e-06,1.8515
0.727699,0.800729,3.70811e-06,1.28234
0.588805,0.710507,1.70547e-18,1.08878
0.475182,0.588805,0.000139433,0.693383
0.279235,0.471416,1.30456e-19,0.434591
0.12799,0.279235,0.000118615,0.155945
-0.0367994,0.126202,6.43818e-20,0.0302493
-0.261473,-0.0367994,0.00903088,0.00270839
-0.288987,-0.261473,0.0307737,0.136736
-0.356174,-0.288987,0.000447646,0.167028
-0.576634,-0.441404,1.55686e-17,0.775456
-0.784716,-0.577149,4.22599e-21,0.669653
-0.793179,-0.784716,0.0236696,1.23156
-0.993511,-0.793179,4.27425e-07,1.25826
-1.13304,-0.993511,0.109724,1.97413
-1.18393,-1.13316,1.0498e-24,2.56817
-1.46232,-1.18393,0.0016358,2.80339
-1.49273,-1.46232,4.86619e-22,4.27678
-1.79046,-1.49273,7.04837e-22,4.45648
-1.9514,-1.79046,0.00822776,6.41151
-1.9514,-1.9514,0.500066,7.61596
-2.2789,-2.2789,8.00915e-22,10.3868
-2.83624,-2.83624,0.316157,16.0885
-2.83624,-3.03595,1.6777e-16,7.04435
