1.5,1.91262,2.28433e-16,6.70134
1.40097,1.5,2.56242e-24,8.97504e-12
1.28977,1.40097,1.1352e-24,2.57516e-08
1.16187,1.28977,2.76575e-06,9.99202e-14
1.04806,1.16186,3.21172e-22,2.57779e-05
1.04252,1.04596,5.97914e-21,8.76834e-05
0.96216,0.96216,3.01184e-06,1.17694e-14
0.800729,0.800729,3.70811e-06,2.28729e-14
0.72087,0.734855,1.05118e-17,0.169032
0.588805,0.606738,3.05045e-17,1.44631
0.473786,0.588805,0.000139433,1.79856e-14
0.279235,0.46862,1.09797e-18,0.0177749
0.127039,0.279235,0.000118615,4.16336e-15
-0.0367994,0.12599,9.56002e-20,0.013725
-0.261473,-0.0367994,0.00903088,1.10155e-16
-0.288987,-0.261473,0.0307737,3.35843e-15
-0.435062,-0.288987,0.000447646,1.3601e-15
-0.577127,-0.442769,1.72018e-17,0.515122
-0.784716,-0.577157,4.66386e-21,0.00292844
-0.793179,-0.784716,0.0236696,2.99761e-14
-0.993511,-0.793179,4.27425e-07,1.22285e-14
-1.13315,-0.993511,0.109724,2.9976e-14
-1.18393,-1.13316,1.12036e-23,0.000189876
-1.46232,-1.18393,0.0016358,1.20087e-14
-1.49273,-1.46232,4.8678e-22,4.86794e-07
-1.79046,-1.49273,7.05078e-22,4.97369e-10
-1.9514,-1.79046,0.00822776,3.69046e-14
-1.9514,-1.9514,0.500066,1.15597e-13
-2.2789,-2.2789,8.01003e-22,2.15181e-13
-2.83624,-2.83624,0.316157,1.17562e-13
-2.83624,-3.09477,3.25628e-17,11.8961
