1.5,1.94019,2.14627e-16,2.99341
1.40097,1.5,2.56496e-24,2.4949e-12
1.28977,1.40097,1.08025e-24,1.54436e-08
1.16187,1.28977,2.76575e-06,5.82217e-14
1.11571,1.16186,3.33362e-22,2.15659e-05
1.0459,1.04596,6.75423e-21,0.000183017
0.96216,0.96216,3.01184e-06,2.10947e-14
0.800729,0.800729,3.70811e-06,1.29268e-14
0.722316,0.73874,1.75688e-17,0.538806
0.588805,0.630616,4.96707e-17,0.455828
0.473998,0.588805,0.000139433,2.0627e-15
0.279235,0.469465,9.50496e-19,0.0288774
0.127152,0.279235,0.000118615,3.44419e-15
-0.0367994,0.126075,6.37428e-20,0.00446647
-0.261473,-0.0367994,0.00903088,5.64664e-16
-0.288987,-0.261473,0.0307737,3.97459e-15
-0.422695,-0.288987,0.000447646,2.8089e-15
-0.576998,-0.431409,2.75329e-17,0.748337
-0.784716,-0.511395,9.04989e-18,0.185219
-0.793179,-0.577238,9.86904e-21,0.00370841
-0.993511,-0.784716,0.0236696,2.99953e-14
-1.11118,-0.793179,4.27425e-07,4.55202e-14
-1.13356,-0.993511,0.109724,1.60764e-14
-1.18393,-1.13316,2.38937e-24,0.000263301
-1.46232,-1.18393,0.0016358,2.48826e-14
-1.49273,-1.46232,5.17006e-22,1.30575e-06
-1.79046,-1.49273,7.09035e-22,1.10146e-08
-1.9514,-1.79046,0.00822776,1.32342e-13
-1.9514,-1.9514,0.500066,2.66705e-14
-2.2789,-2.2789,8.00854e-22,2.16744e-13
-2.83624,-2.83624,0.316157,1.16983e-13
-2.83624,-3.09489,3.43175e-17,8.20881
