1.5,1.94021,2.14683e-16,5.40822
1.40097,1.5,2.56569e-24,7.3559e-12
1.28977,1.40097,1.08467e-24,5.72234e-10
1.16188,1.28977,2.76575e-06,7.77539e-14
1.12322,1.16186,3.35695e-22,1.38671e-05
1.04591,1.04596,6.81137e-21,8.75705e-05
0.96216,0.96216,3.01184e-06,8.2259e-15
0.800729,0.800729,3.70811e-06,1.90996e-14
0.722508,0.73887,1.77888e-17,0.604146
0.588805,0.631019,4.99577e-17,1.9463
0.474041,0.588805,0.000139433,2.27604e-14
0.279235,0.469475,9.5201e-19,0.0388805
0.1272,0.279235,0.000118615,1.08247e-15
-0.0367994,0.126079,6.01952e-20,0.00469731
-0.261473,-0.0367994,0.00903088,9.13332e-16
-0.288987,-0.179521,2.15543e-17,0.0145627
-0.359597,-0.261473,0.0307737,3.24755e-15
-0.486975,-0.288987,0.000447646,1.30503e-15
-0.577346,-0.439725,1.93628e-17,0.0175865
-0.784716,-0.577086,3.18656e-20,0.00458124
-0.793179,-0.650311,2.50561e-17,0.0322984
-0.993511,-0.784716,0.0236696,9.32783e-16
-1.13315,-0.793179,4.27425e-07,2.82013e-14
-1.18393,-0.993511,0.109724,2.124e-15
-1.46232,-1.13316,1.52877e-24,0.0002066
-1.49273,-1.18393,0.0016358,1.20096e-14
-1.75114,-1.46232,5.1985e-22,2.90014e-07
-1.79046,-1.49273,7.09421e-22,7.12534e-09
-1.9514,-1.79046,0.00822776,1.40333e-13
-1.9514,-1.9514,0.500066,5.15166e-14
-2.2789,-2.2789,8.00914e-22,5.86312e-14
-2.83624,-2.83624,0.316157,1.8831e-13
-2.83624,-3.09517,3.46283e-17,11.2064
