1.5,1.95037,2.15806e-16,5.38038
1.40097,1.5,2.5624e-24,1.03277e-11
1.28977,1.40097,1.20564e-24,6.63297e-09
1.16188,1.28977,2.76575e-06,1.1993e-14
1.12349,1.16186,4.37955e-22,6.78452e-06
1.04591,1.04597,9.78373e-21,0.000200292
0.96216,0.96216,3.01184e-06,1.13461e-13
0.800729,0.800729,3.70811e-06,4.72144e-13
0.72252,0.760881,3.01026e-17,0.0472217
0.588805,0.657394,3.4131e-17,0.06059
0.474046,0.588805,0.000139433,2.0318e-13
0.279235,0.469543,7.64302e-19,0.0198856
0.127215,0.279235,0.000118615,2.85565e-14
-0.0367994,0.126182,3.55027e-20,0.00994303
-0.147328,-0.0367994,0.00903088,8.53369e-16
-0.261473,-0.0745171,2.09699e-17,0.0431449
-0.288987,-0.261473,0.0307737,7.39992e-14
-0.420773,-0.288987,0.000447646,5.2218e-14
-0.57669,-0.323815,2.14192e-16,0.0257879
-0.635188,-0.464742,3.04053e-19,0.0249213
-0.784716,-0.577219,5.40495e-21,0.00378753
-0.793179,-0.656695,1.43627e-17,0.0227749
-0.993511,-0.784716,0.0236696,7.13157e-14
-1.13315,-0.793179,4.27425e-07,6.51174e-14
-1.18393,-0.993511,0.109724,4.16722e-14
-1.46232,-1.13316,5.36077e-24,0.000108517
-1.49273,-1.18393,0.0016358,4.41178e-14
-1.78967,-1.46232,5.17201e-22,1.01187e-06
-1.79046,-1.49273,7.08838e-22,3.57749e-08
-1.9514,-1.79046,0.00822776,2.15271e-14
-1.9514,-1.9514,0.500066,5.88218e-14
-2.2789,-2.2789,8.00982e-22,1.60221e-14
-2.83624,-2.83624,0.316157,1.15819e-12
-2.83624,-3.09794,1.97798e-17,10.7197
