1.5,2.31103,2.12e-16,2.13259
1.40097,1.5,1.96979e-24,2.71825e-09
1.28977,1.45687,5.0835e-17,2.11243
1.16188,1.40097,2.9846e-23,5.62797e-06
1.1235,1.28977,2.76575e-06,4.64731e-12
1.04591,1.16185,6.0038e-22,4.72902e-05
0.96216,1.04575,5.36017e-21,0.000661999
0.800729,0.96216,3.01184e-06,5.53486e-11
0.722521,0.800729,3.70811e-06,9.16533e-11
0.588805,0.694886,8.38545e-19,0.295769
0.474047,0.588805,0.000139433,1.29831e-11
0.279235,0.469574,1.05318e-18,0.0224316
0.196315,0.279235,0.000118615,6.29921e-12
0.127194,0.189615,9.57819e-17,1.11449
-0.0367994,0.116525,1.18618e-17,0.0622259
-0.214218,-0.0367994,0.00903088,3.8621e-12
-0.261473,-0.0765523,3.78478e-17,0.0275607
-0.288987,-0.261473,0.0307737,7.00637e-11
-0.426819,-0.288987,0.000447646,1.12493e-10
-0.576855,-0.333172,7.94004e-17,0.133187
-0.660281,-0.562222,4.46527e-17,0.21362
-0.784716,-0.581338,1.20203e-17,0.00832408
-0.793179,-0.765163,1.76853e-15,0.0463464
-0.993511,-0.784716,0.0236696,5.07524e-11
-1.13315,-0.793179,4.27425e-07,1.28814e-12
-1.18393,-0.993511,0.109724,1.56918e-11
-1.46232,-1.13321,1.5385e-21,9.40383e-05
-1.49273,-1.18393,0.0016358,1.94545e-11
-1.79037,-1.46232,1.32724e-21,2.79048e-06
-1.79046,-1.49273,7.89108e-22,1.29783e-08
-1.9514,-1.79046,0.00822776,2.08882e-13
-1.9514,-1.9514,0.500066,2.96815e-13
-2.2789,-2.2789,8.00982e-22,1.19018e-13
-2.83624,-2.83624,0.316157,6.04466e-14
-2.83624,-3.09838,3.39416e-17,12.8835
