1.5,3.22406,1.79042e-16,6.81882
1.40097,1.56243,1.03179e-16,3.15834
1.28977,1.5,3.06454e-24,1.05741e-09
1.16188,1.40097,2.53007e-24,3.34399e-07
1.12368,1.28977,2.76575e-06,1.91594e-13
1.10618,1.16185,4.48989e-22,0.000101407
1.04591,1.04579,5.02599e-21,0.00106239
0.96216,0.96216,3.01184e-06,2.34258e-12
0.800729,0.800729,3.70811e-06,2.13209e-12
0.72252,0.696176,8.82047e-19,0.108852
0.588805,0.588805,0.000139433,1.98948e-12
0.474046,0.46965,1.07504e-18,0.0322022
0.279235,0.279235,0.000118615,1.30928e-12
0.127217,0.225385,4.66593e-17,0.10071
-0.0367994,0.168809,4.02599e-17,0.740097
-0.0967217,0.112681,1.29538e-17,0.234563
-0.261473,-0.0367994,0.00903088,1.50099e-14
-0.288987,-0.176991,4.1088e-18,0.0315459
-0.379039,-0.261473,0.0307737,1.15501e-12
-0.45476,-0.288987,0.000447646,1.71597e-12
-0.577005,-0.423832,1.97751e-19,0.0856029
-0.687198,-0.572893,1.304e-17,0.0107238
-0.784716,-0.602034,8.88286e-17,0.320636
-0.793179,-0.784716,0.0236696,1.52368e-12
-0.993511,-0.793179,4.27425e-07,6.26852e-14
-1.13315,-0.815956,2.4751e-16,0.247575
-1.18393,-0.993511,0.109724,1.07828e-11
-1.46232,-1.13322,1.36183e-22,9.07364e-05
-1.49273,-1.18393,0.0016358,6.79788e-12
-1.79046,-1.46232,1.23727e-21,1.31908e-06
-1.79046,-1.49273,7.79913e-22,1.74539e-09
-1.9514,-1.79046,0.00822776,8.86049e-14
-1.9514,-1.9514,0.500066,5.25864e-14
-2.2789,-2.2789,8.00915e-22,5.7554e-13
-2.83624,-2.83624,0.316157,5.7554e-13
-2.83624,-3.16325,7.56833e-17,12.71
