1.5,3.24838,1.7744e-16,8.34469
1.40097,1.56386,1.04126e-16,4.14551
1.28977,1.5,3.04998e-24,1.07001e-09
1.26909,1.40097,2.4494e-24,6.85487e-07
1.16188,1.28977,2.76575e-06,1.28119e-11
1.12349,1.16185,4.46027e-22,5.34257e-05
1.04591,1.04579,5.00709e-21,0.000859583
0.96216,0.96216,3.01184e-06,1.59898e-11
0.800729,0.800729,3.70811e-06,3.38573e-11
0.722521,0.696919,8.55226e-19,0.0462558
0.588805,0.588805,0.000139433,1.22586e-10
0.474046,0.470093,9.83174e-19,0.0369851
0.323559,0.309357,4.86506e-19,0.140204
0.279235,0.279235,0.000118615,1.38359e-09
0.127214,0.22317,5.043e-17,0.755096
-0.0367994,0.168809,4.03061e-17,0.777037
-0.128897,0.112631,1.25057e-17,0.374851
-0.261473,-0.0367994,0.00903088,2.98056e-12
-0.288987,-0.177564,3.0761e-18,0.0914178
-0.405081,-0.261473,0.0307737,5.92006e-11
-0.49062,-0.288987,0.000447646,4.4726e-11
-0.577088,-0.431755,2.42995e-20,0.198296
-0.697288,-0.57387,7.53995e-18,0.0177151
-0.784716,-0.611474,9.47405e-17,0.497024
-0.793179,-0.784716,0.0236696,5.79093e-10
-0.993511,-0.793179,4.27425e-07,1.87941e-12
-1.13315,-0.816255,2.48742e-16,0.128995
-1.18393,-0.993511,0.109724,2.00963e-12
-1.46232,-1.13322,1.35405e-23,3.89258e-05
-1.49273,-1.18393,0.0016358,1.75173e-12
-1.79046,-1.46232,1.24779e-21,2.03983e-06
-1.79046,-1.49273,7.80568e-22,1.72869e-08
-1.9514,-1.79046,0.00822776,2.22045e-13
-1.9514,-1.9514,0.500066,4.62344e-14
-2.2789,-2.2789,8.00888e-22,4.12116e-13
-2.83624,-2.83624,0.316157,1.38556e-13
-2.83624,-3.16994,6.08619e-17,0.376695
