1.5,3.2484,1.77441e-16,7.15608
1.40097,1.56688,1.03645e-16,2.05673
1.28977,1.5,3.02332e-24,7.44897e-10
1.28642,1.40097,2.21405e-24,2.37946e-07
1.16188,1.28977,2.76575e-06,1.38803e-12
1.12349,1.16185,4.05097e-22,0.000126879
1.04591,1.0458,4.35374e-21,0.000165289
0.96216,0.96216,3.01184e-06,9.3176e-12
0.800729,0.876108,6.67863e-19,0.287274
0.722521,0.800729,3.70811e-06,9.32414e-12
0.588805,0.6963,9.8486e-19,0.111395
0.474048,0.588805,0.000139433,3.76187e-10
0.441942,0.470004,1.07598e-18,0.0708314
0.279235,0.283951,1.43642e-18,0.14494
0.127216,0.279235,0.000118615,4.67545e-11
-0.0367994,0.171343,6.36761e-17,0.829362
-0.117938,0.112657,1.33212e-17,0.0177472
-0.261473,-0.0367994,0.00903088,6.9846e-13
-0.288987,-0.0826456,2.92854e-17,0.0280572
-0.396601,-0.211551,2.85266e-16,0.408161
-0.470936,-0.261473,0.0307737,2.88212e-11
-0.577033,-0.288987,0.000447646,2.50132e-11
-0.689064,-0.438282,3.19073e-21,0.243486
-0.784716,-0.573875,7.63987e-18,0.0265871
-0.793179,-0.611623,9.81043e-17,0.170637
-0.928434,-0.784716,0.0236696,1.41402e-10
-0.993511,-0.793179,4.27425e-07,1.69474e-12
-1.13315,-0.818163,2.58264e-16,0.0240368
-1.18393,-0.993511,0.109724,8.63048e-12
-1.46232,-1.13322,1.51117e-21,4.88445e-05
-1.49273,-1.18393,0.0016358,7.03754e-12
-1.79046,-1.46232,1.23857e-21,5.21613e-07
-1.79046,-1.49273,7.8063e-22,3.73677e-08
-1.9514,-1.79046,0.00822776,5.80445e-14
-1.9514,-1.9514,0.500066,2.6751e-14
-2.2789,-2.2789,8.00946e-22,3.16193e-13
-2.83624,-2.83624,0.316157,6.3949e-13
-2.83624,-3.17039,7.30936e-17,8.76585
