1.5,3.24912,1.77088e-16,6.54652
1.40097,1.57753,1.01387e-16,2.68779
1.28977,1.5,2.92126e-24,3.73013e-10
1.28941,1.40097,3.03486e-25,2.82504e-07
1.16188,1.36229,3.1984e-18,1.23105
1.12349,1.28977,2.76575e-06,6.65733e-13
1.04591,1.16185,4.76313e-22,0.000121641
0.96216,1.04579,5.11655e-21,0.00103062
0.800729,0.96216,3.01184e-06,2.50288e-11
0.722521,0.800729,3.70811e-06,2.28324e-11
0.588805,0.696654,8.79685e-19,0.0541092
0.54709,0.588805,0.000139433,1.335e-10
0.474045,0.470014,1.0523e-18,0.0166149
0.279235,0.284671,2.01126e-18,0.246474
0.19874,0.279235,0.000118615,2.57837e-09
0.127213,0.171518,6.48956e-17,0.020834
-0.0367994,0.112834,1.37319e-17,0.0318483
-0.125741,0.00307733,1.56883e-20,0.00561518
-0.261473,-0.0367994,0.00903088,8.03871e-12
-0.288987,-0.0906644,4.28762e-17,0.254694
-0.401918,-0.227093,8.26715e-16,0.0299466
-0.481717,-0.261473,0.0307737,2.15971e-10
-0.577063,-0.288987,0.000447646,1.93088e-10
-0.694127,-0.438569,1.29384e-22,0.375375
-0.784716,-0.573889,7.76606e-18,0.0464656
-0.793179,-0.611894,1.02129e-16,0.464442
-0.993511,-0.784716,0.0236696,1.6382e-09
-1.13315,-0.793179,4.27425e-07,1.629e-09
-1.17907,-0.818183,2.58546e-16,0.388291
-1.18393,-0.993511,0.109724,1.42725e-10
-1.46232,-1.13322,2.12307e-21,0.000272444
-1.49273,-1.18393,0.0016358,8.44168e-11
-1.79046,-1.46232,1.25395e-21,3.25286e-07
-1.79046,-1.49273,7.82329e-22,1.09832e-08
-1.9514,-1.79046,0.00822776,1.90138e-13
-1.9514,-1.9514,0.500066,6.88441e-14
-2.2789,-2.2789,8.00981e-22,3.25077e-13
-2.83624,-2.83624,0.316157,2.2027e-13
-2.83624,-3.17061,6.79892e-17,13.2211
