1.5,3.25032,1.76472e-16,7.90555
1.40097,1.80085,1.40968e-17,2.68259
1.28977,1.54814,9.12565e-17,11.0598
1.28974,1.5,3.18005e-24,1.43537e-09
1.16188,1.40097,2.9158e-24,6.17396e-07
1.12349,1.28977,2.76575e-06,1.39276e-13
1.04591,1.16185,4.51597e-22,0.000145122
0.96216,1.04579,4.99357e-21,0.000284811
0.800729,0.96216,3.01184e-06,8.64487e-11
0.722521,0.800729,3.70811e-06,7.3257e-11
0.591344,0.696668,8.7214e-19,0.0824127
0.588805,0.588805,0.000139433,2.24557e-10
0.474046,0.470015,1.05713e-18,0.048274
0.279235,0.288126,3.27292e-18,0.452558
0.275966,0.279235,0.000118615,2.84356e-10
0.127215,0.171603,6.4537e-17,0.772915
-0.0367994,0.112835,1.36949e-17,0.181189
-0.123647,0.00375782,2.61322e-20,0.000341838
-0.261473,-0.0125529,1.18193e-18,0.0039485
-0.288987,-0.0367994,0.00903088,1.37736e-10
-0.401022,-0.0917394,4.64558e-17,0.0530676
-0.479775,-0.230614,1.10322e-15,0.0243529
-0.577058,-0.261473,0.0307737,2.14207e-10
-0.693454,-0.288987,0.000447646,1.63235e-10
-0.784716,-0.439231,9.09286e-21,0.31787
-0.793179,-0.573891,7.80938e-18,0.0123013
-0.993511,-0.611972,1.0363e-16,0.0807198
-1.11817,-0.784716,0.0236696,2.70581e-10
-1.13315,-0.793179,4.27425e-07,1.80845e-10
-1.18393,-0.818207,2.5892e-16,0.172949
-1.46232,-0.993511,0.109724,1.32529e-11
-1.49273,-1.13322,2.49586e-21,0.000216398
-1.79046,-1.18393,0.0016358,3.3554e-12
-1.79046,-1.46232,1.26298e-21,1.61016e-06
-1.9514,-1.49273,7.83303e-22,3.41468e-08
-1.9514,-1.79046,0.00822776,1.12543e-13
-2.12737,-1.9514,0.500066,9.50438e-14
-2.2789,-2.2789,8.00997e-22,3.14415e-13
-2.83624,-2.83624,0.316157,1.10134e-13
-2.83624,-3.17065,6.9513e-17,1.32789
