0,10.6969
0.02,12.2303
0.04,13.9151
0.06,15.6709
0.08,17.3515
0.1,18.7503
0.12,19.643
0.14,19.8693
0.16,19.4078
0.18,18.3889
0.2,17.0332
0.22,15.5663
0.24,14.1616
0.26,12.9263
0.28,11.9127
0.3,11.1367
0.32,10.5925
0.34,10.2607
0.36,10.1088
0.38,10.0888
0.4,10.133
0.42,10.1568
0.44,10.0741
0.46,9.82407
0.48,9.39513
0.5,8.82679
0.52,8.18787
0.54,7.54824
0.56,6.96089
0.58,6.45778
0.6,6.05383
0.62,5.75293
0.64,5.55242
0.66,5.44506
0.68,5.41872
0.7,5.45406
0.72,5.52192
0.74,5.58298
0.76,5.59354
0.78,5.51832
0.8,5.34455
0.82,5.08703
0.84,4.7799
0.86,4.46173
0.88,4.16407
0.9,3.9073
0.92,3.70189
0.94,3.55149
0.96,3.45568
0.98,3.41149
1,3.41338
1.02,3.45193
1.04,3.5119
1.06,3.57129
1.08,3.60374
1.1,3.58564
1.12,3.50539
1.14,3.36862
1.16,3.19502
1.18,3.00942
1.2,2.83367
1.22,2.68293
1.24,2.56572
1.26,2.48559
1.28,2.44267
1.3,2.43423
1.32,2.45439
1.34,2.49316
1.36,2.53581
1.38,2.56418
1.4,2.56109
1.42,2.5167
1.44,2.43285
1.46,2.32189
1.48,2.20086
1.5,2.08556
1.52,1.98739
1.54,1.91303
1.56,1.86539
1.58,1.84459
1.6,1.84831
1.62,1.87145
1.64,1.90543
1.66,1.93813
1.68,1.95555
1.7,1.94584
1.72,1.90409
1.74,1.83449
1.76,1.7481
1.78,1.65803
1.8,1.57541
1.82,1.50782
1.84,1.45937
1.86,1.43158
1.88,1.42395
1.9,1.43402
1.92,1.457
1.94,1.48527
1.96,1.50868
1.98,1.51648
2,1.50089
2.02,1.46044
2.04,1.40054
2.06,1.33076
2.08,1.26103
2.1,1.19915
2.12,1.15006
2.14,1.11624
2.16,1.09842
2.18,1.09593
2.2,1.10665
2.22,1.12663
2.24,1.14971
2.26,1.1678
2.28,1.17252
2.3,1.15808
2.32,1.12375
2.34,1.07413
2.36,1.01684
2.38,0.959557
2.4,0.908195
2.42,0.866415
2.44,0.836051
2.46,0.817667
2.48,0.810913
2.5,0.81456
2.52,0.826248
2.54,0.842116
2.56,0.856716
2.58,0.863748
2.6,0.85786
2.62,0.836798
2.64,0.802391
2.66,0.759542
2.68,0.714073
2.7,0.67091
2.72,0.633345
2.74,0.60314
2.76,0.580927
2.78,0.566555
2.8,0.559226
2.82,0.557422
2.84,0.558748
2.86,0.559912
2.88,0.557166
2.9,0.547352
2.92,0.529112
2.94,0.503419
2.96,0.472964
2.98,0.440918
3,0.409909
3.02,0.381618
3.04,0.356836
3.06,0.335706
3.08,0.317929
3.1,0.302908
3.12,0.289831
3.14,0.27779
3.16,0.265968
3.18,0.25386
3.2,0.241389
3.22,0.228827
3.24,0.216583
3.26,0.205014
3.28,0.19434
3.3,0.184641
3.32,0.1759
3.34,0.168049
3.36,0.160997
3.38,0.154649
3.4,0.148917
3.42,0.143725
3.44,0.139006
3.46,0.134704
3.48,0.130769
3.5,0.12716
3.52,0.123832
3.54,0.120742
3.56,0.117838
3.58,0.115066
3.6,0.112376
3.62,0.109733
3.64,0.107129
3.66,0.104575
3.68,0.102092
3.7,0.0997034
3.72,0.0974204
3.74,0.0952479
3.76,0.0931836
3.78,0.091222
3.8,0.0893556
3.82,0.0875768
3.84,0.0858781
3.86,0.0842529
3.88,0.0826952
3.9,0.0811997
3.92,0.0797617
3.94,0.0783771
3.96,0.0770424
3.98,0.0757544
4,0.0745102
