0,10.6962
0.02,12.2295
0.04,13.9144
0.06,15.6701
0.08,17.3509
0.1,18.7499
0.12,19.643
0.14,19.8696
0.16,19.4084
0.18,18.3895
0.2,17.0337
0.22,15.5664
0.24,14.1612
0.26,12.9253
0.28,11.911
0.3,11.1344
0.32,10.5898
0.34,10.2577
0.36,10.1062
0.38,10.0874
0.4,10.1341
0.42,10.1616
0.44,10.0833
0.46,9.83723
0.48,9.41055
0.5,8.84195
0.52,8.20025
0.54,7.55581
0.56,6.96224
0.58,6.45202
0.6,6.04043
0.62,5.73167
0.64,5.52352
0.66,5.4096
0.68,5.37925
0.7,5.41541
0.72,5.49161
0.74,5.57058
0.76,5.60792
0.78,5.56345
0.8,5.41631
0.82,5.17385
0.84,4.86683
0.86,4.53506
0.88,4.21379
0.9,3.92744
0.92,3.68971
0.94,3.50658
0.96,3.37944
0.98,3.3072
1,3.28701
1.02,3.31378
1.04,3.37863
1.06,3.46671
1.08,3.55577
1.1,3.61771
1.12,3.62514
1.14,3.56147
1.16,3.42825
1.18,3.24394
1.2,3.03509
1.22,2.82665
1.24,2.63672
1.26,2.47592
1.28,2.34928
1.3,2.25845
1.32,2.20335
1.34,2.18308
1.36,2.19601
1.38,2.23919
1.4,2.30711
1.42,2.39001
1.44,2.47268
1.46,2.53521
1.48,2.55746
1.5,2.52626
1.52,2.44138
1.54,2.31538
1.56,2.16755
1.58,2.01665
1.6,1.8766
1.62,1.75573
1.64,1.65802
1.66,1.58484
1.68,1.53621
1.7,1.51167
1.72,1.51056
1.74,1.53194
1.76,1.57401
1.78,1.6332
1.8,1.70284
1.82,1.7722
1.84,1.82685
1.86,1.85169
1.88,1.83621
1.9,1.77929
1.92,1.68957
1.94,1.58124
1.96,1.46855
1.98,1.36228
2,1.26898
2.02,1.19182
2.04,1.13185
2.06,1.08908
2.08,1.0631
2.1,1.05346
2.12,1.05972
2.14,1.08122
2.16,1.11664
2.18,1.16325
2.2,1.21595
2.22,1.26664
2.24,1.30475
2.26,1.31962
2.28,1.30453
2.3,1.25972
2.32,1.19224
2.34,1.11255
2.36,1.03065
2.38,0.953861
2.4,0.88648
2.42,0.830479
2.44,0.786413
2.46,0.754145
2.48,0.733286
2.5,0.723415
2.52,0.724096
2.54,0.734732
2.56,0.754226
2.58,0.780482
2.6,0.809831
2.62,0.836741
2.64,0.854393
2.66,0.856489
2.68,0.839745
2.7,0.80541
2.72,0.758572
2.74,0.705824
2.76,0.653025
2.78,0.604221
2.8,0.561645
2.82,0.526211
2.84,0.498041
2.86,0.476842
2.88,0.462089
2.9,0.453043
2.92,0.448645
2.94,0.447328
2.96,0.446891
2.98,0.444633
3,0.437937
3.02,0.425165
3.04,0.40632
3.06,0.382932
3.08,0.357258
3.1,0.331412
3.12,0.306882
3.14,0.284475
3.16,0.264475
3.18,0.24685
3.2,0.231408
3.22,0.217894
3.24,0.20605
3.26,0.195636
3.28,0.18644
3.3,0.178282
3.32,0.171009
3.34,0.164494
3.36,0.158635
3.38,0.153349
3.4,0.148568
3.42,0.144225
3.44,0.140243
3.46,0.136532
3.48,0.132992
3.5,0.129529
3.52,0.126083
3.54,0.122643
3.56,0.119239
3.58,0.115923
3.6,0.112739
3.62,0.109715
3.64,0.106863
3.66,0.10418
3.68,0.101656
3.7,0.0992788
3.72,0.0970354
3.74,0.0949125
3.76,0.0928985
3.78,0.0909831
3.8,0.0891572
3.82,0.087413
3.84,0.0857436
3.86,0.0841432
3.88,0.0826064
3.9,0.0811289
3.92,0.0797066
3.94,0.078336
3.96,0.077014
3.98,0.0757376
4,0.0745042
