1.49364,1.49364,6.53265e-08,6.61801e-05
1.15531,1.15573,6.70794e-08,0.00782904
0.840257,0.842813,2.09988e-07,0.0430303
0.379166,0.380991,9.67261e-06,0.0268784
0.133492,0.133867,0.000164694,0.00510259
-0.376444,-0.374253,0.000229779,0.0251458
-0.615776,-0.615726,0.025381,0.000560421
-0.938531,-0.930728,0.000163367,0.0693398
-1.22821,-1.2282,0.0775009,8.65265e-05
-1.42226,-1.42166,0.000322064,0.00394855
-2.05676,-2.05676,0.204309,2.95379e-07
-2.10813,-2.10813,0.00627078,5.36284e-06
-2.98224,-2.98224,0.685648,2.06263e-10
