1.49369,1.49371,6.52846e-08,1.72809e-05
1.1637,1.16956,5.40494e-08,0.00556684
0.892139,0.933598,1.25572e-07,0.0362987
0.428747,0.520291,1.82415e-06,0.0809892
0.147443,0.247161,3.5184e-05,0.0751197
-0.13077,0.11128,0.000141477,0.020319
-0.464664,-0.404164,0.000292021,0.00802184
-0.617221,-0.616259,0.0253431,0.00011966
-1.05397,-0.984835,0.000162843,0.00952593
-1.22839,-1.22826,0.0774863,1.17132e-05
-1.42755,-1.42413,0.000308887,0.000363906
-2.05676,-2.05676,0.20431,1.38199e-08
-2.10813,-2.10813,0.00627007,2.23167e-07
-2.98224,-2.98224,0.685648,1.24057e-10
