1.49372,1.49373,6.52675e-08,8.3186e-06
1.17259,1.17892,4.46537e-08,0.00798129
0.954461,1.0021,8.24445e-08,0.0552196
0.572287,0.700288,3.22634e-07,0.112757
0.288959,0.363288,1.03699e-05,0.0505716
0.120467,0.13544,0.000160874,0.0122817
-0.397862,-0.163136,1.79974e-05,0.251305
-0.616146,-0.425161,0.000323094,0.026644
-0.972974,-0.61646,0.0253059,0.000175226
-1.22825,-0.994069,0.000163223,0.00462228
-1.42343,-1.22827,0.0774824,3.87911e-06
-2.05676,-1.42438,0.000307496,8.64592e-05
-2.10813,-2.05676,0.20431,1.33293e-09
-2.73089,-2.10813,0.00627004,2.39209e-08
-2.98224,-2.98224,0.685648,3.43938e-11
