1.49373,1.65986,2.07304e-14,0.0622076
1.18634,1.4937,6.52999e-08,1.1646e-05
1.04799,1.17027,5.281e-08,0.000791436
0.779702,0.949913,1.09595e-07,0.00369413
0.403101,0.597466,7.16486e-07,0.00647901
0.150719,0.319782,1.5394e-05,0.00289733
0.0105672,0.127516,0.00015933,0.000434161
-0.411889,-0.322714,8.1612e-05,0.00635582
-0.616341,-0.465236,0.00031556,0.00423816
-0.989124,-0.616637,0.0252477,1.57228e-05
-1.22827,-0.996719,0.000162674,0.000132165
-1.42423,-1.22827,0.0774813,8.00288e-08
-2.05676,-1.42442,0.00030727,1.40794e-06
-2.10813,-2.05676,0.20431,1.63194e-11
-2.96501,-2.10813,0.00627004,2.17621e-10
-2.98224,-2.98224,0.685648,2.39666e-11
