1.67292,1.673,1.31497e-16,0.00199375
1.4937,1.4937,6.52984e-08,3.45906e-07
1.17045,1.17045,5.26561e-08,3.02599e-05
0.950807,0.950815,1.09105e-07,0.000158855
0.599185,0.599203,7.05013e-07,0.000335417
0.320608,0.320619,1.52809e-05,0.000174149
0.127647,0.127649,0.000159413,2.93779e-05
-0.320477,-0.320427,7.86105e-05,0.000592123
-0.463708,-0.46367,0.00031613,0.000416667
-0.616628,-0.616631,0.0252502,1.73515e-06
-0.99666,-0.996657,0.00016269,2.08865e-05
-1.22828,-1.22827,0.0774814,1.57503e-08
-1.42442,-1.42441,0.000307275,3.53017e-07
-2.05676,-2.05676,0.20431,3.86713e-12
-2.10813,-2.10813,0.00627004,1.64365e-10
-2.98224,-2.98224,0.685648,1.31188e-10
-2.98224,-3.10284,5.96334e-11,0.717844
