1.67377,1.67388,1.96715e-18,6.40047e-07
1.4937,1.4937,6.52982e-08,1.30596e-10
1.17046,1.17047,5.26422e-08,1.63839e-08
0.9509,0.95092,1.0903e-07,1.14189e-07
0.599422,0.599497,7.02888e-07,4.22147e-07
0.320755,0.320824,1.52483e-05,3.97644e-07
0.127676,0.127694,0.000159427,1.1715e-07
-0.319564,-0.316728,7.21271e-05,3.70927e-05
-0.462932,-0.446808,0.000185883,0.00063237
-0.616624,-0.48548,0.000142689,0.000822529
-0.996464,-0.616642,0.0252443,1.07153e-07
-1.13368,-0.996692,0.000162672,9.62027e-08
-1.22828,-1.22827,0.0774814,4.82809e-11
-1.42442,-1.42442,0.000307273,4.6933e-10
-2.05676,-2.05676,0.20431,3.54738e-12
-2.10813,-2.10813,0.00627004,9.41469e-14
-2.98224,-2.98224,0.685648,1.09992e-11
-2.98225,-3.3749,3.79531e-16,0.000138261
