1.67388,1.67388,6.03453e-24,3.8997e-10
1.4937,1.4937,6.52981e-08,1.74083e-13
1.17047,1.17047,5.2643e-08,2.13607e-09
0.95092,1.13258,2.83364e-17,0.000188285
0.599494,0.95092,1.09032e-07,6.65625e-10
0.32082,0.599496,7.0289e-07,3.00544e-10
0.127693,0.320824,1.52483e-05,1.28182e-10
-0.317382,0.127694,0.000159427,2.57313e-11
-0.456287,-0.316753,7.21804e-05,4.34776e-09
-0.516699,-0.447203,0.000189365,6.41621e-08
-0.616644,-0.485994,0.000139201,8.44551e-08
-0.996699,-0.616642,0.0252442,1.08125e-11
-1.22828,-0.996692,0.000162672,6.98441e-12
-1.42442,-1.22827,0.0774814,1.86962e-13
-2.05676,-1.42442,0.000307273,8.9706e-14
-2.10813,-2.05676,0.20431,3.85469e-13
-2.98222,-2.10813,0.00627004,6.75016e-14
-2.98224,-2.98224,0.685648,9.91207e-13
-3.16531,-3.37493,3.39898e-21,3.25084e-08
