1.67388,1.67388,5.90744e-24,8.71587e-11
1.4937,1.4937,6.52981e-08,1.68754e-14
1.17047,1.17047,5.2643e-08,5.80294e-10
0.950921,1.13262,1.95854e-17,5.20375e-05
0.599498,0.95092,1.09032e-07,1.97431e-10
0.320825,0.599496,7.0289e-07,1.02021e-10
0.127695,0.320824,1.52483e-05,4.92845e-11
-0.316529,0.127694,0.000159427,1.08639e-11
-0.442346,-0.316753,7.21804e-05,2.22313e-09
-0.480622,-0.447203,0.000189365,3.51274e-08
-0.616638,-0.485994,0.000139201,4.71023e-08
-0.99669,-0.616642,0.0252442,6.93945e-12
-1.22828,-0.996692,0.000162672,5.05351e-12
-1.42442,-1.22827,0.0774814,2.14495e-13
-1.89948,-1.42442,0.000307273,2.30926e-14
-2.05676,-2.05676,0.20431,5.82645e-13
-2.10813,-2.10813,0.00627004,1.72307e-13
-2.98224,-2.31543,2.37451e-16,0.121888
-2.98224,-2.98224,0.685648,1.01963e-12
-3.35655,-3.37493,3.8068e-21,3.39613e-08
