1.67388,1.67388,1.02589e-25,1.00453e-12
1.4937,1.4937,6.52981e-08,0
1.17047,1.17047,5.2643e-08,3.44542e-11
1.12593,1.13268,2.05115e-20,3.53459e-06
0.95092,0.95092,1.09032e-07,2.1827e-11
0.599496,0.599496,7.0289e-07,4.9772e-11
0.320824,0.320824,1.52483e-05,1.55765e-09
0.127694,0.282915,2.04355e-12,0.0470558
-0.316756,0.127694,0.000159427,2.01842e-11
-0.447255,-0.316753,7.21804e-05,2.65852e-10
-0.486071,-0.447203,0.000189365,2.78777e-09
-0.616639,-0.485994,0.0001392,3.33255e-09
-0.996692,-0.616642,0.0252442,3.57381e-13
-1.22828,-0.996692,0.000162672,1.36557e-13
-1.42442,-1.22827,0.0774814,6.08402e-14
-2.05577,-1.42442,0.000307273,3.81917e-14
-2.05676,-2.05676,0.20431,6.75016e-14
-2.10813,-2.10813,0.00627004,3.17968e-13
-2.98224,-2.34415,1.646e-17,0.0159951
-2.98224,-2.98224,0.685648,2.13163e-14
-3.3749,-3.37493,5.05743e-21,2.00174e-10
