1.67388,1.67388,8.62636e-26,2.13252e-12
1.4937,1.4937,6.52981e-08,3.28626e-14
1.17047,1.17047,5.2643e-08,3.36264e-12
1.13267,1.13268,6.24044e-22,6.55443e-07
0.95092,0.95092,1.09032e-07,8.80918e-12
0.599496,0.599496,7.0289e-07,3.99714e-11
0.320824,0.368846,3.38654e-16,0.0623157
0.127694,0.320824,1.52483e-05,1.19853e-09
-0.316753,0.127694,0.000159427,2.56471e-11
-0.447203,-0.263461,1.21599e-12,0.401627
-0.485993,-0.316753,7.21804e-05,4.32618e-08
-0.616639,-0.447203,0.000189365,3.91057e-08
-0.996692,-0.485994,0.0001392,3.55718e-08
-1.22537,-0.616642,0.0252442,1.69398e-12
-1.22828,-0.996692,0.000162672,2.06057e-13
-1.42442,-1.22827,0.0774814,2.22045e-15
-2.05675,-1.42442,0.000307273,2.66454e-14
-2.05676,-2.05676,0.20431,1.04805e-13
-2.10813,-2.10813,0.00627004,3.17968e-13
-2.98224,-2.34844,4.15756e-18,0.0202996
-2.98224,-2.98224,0.685648,1.24345e-13
-3.37493,-3.37493,5.31282e-21,1.04052e-10
