1.67388,1.67388,8.63761e-26,1.33227e-13
1.4937,1.4937,6.52981e-08,1.20792e-13
1.17047,1.17047,5.2643e-08,1.0405e-12
1.13268,1.13268,5.56709e-22,6.67632e-08
0.95092,0.95092,1.09032e-07,1.0862e-11
0.599496,0.599496,7.0289e-07,1.62184e-10
0.320824,0.421465,3.72391e-14,0.286214
0.30376,0.320824,1.52483e-05,2.0382e-09
0.127694,0.130641,8.60632e-11,1.06773
-0.316753,0.127694,0.000159427,5.39595e-07
-0.447203,-0.316753,7.21804e-05,2.84501e-09
-0.485994,-0.447203,0.000189365,2.8355e-08
-0.616639,-0.485994,0.0001392,3.96026e-08
-0.996692,-0.616642,0.0252442,3.65852e-12
-1.22828,-0.996692,0.000162672,1.19183e-10
-1.22833,-1.03725,5.03559e-14,2.75516
-1.42442,-1.22827,0.0774814,1.6831e-13
-2.05675,-1.42442,0.000307273,1.08358e-13
-2.05676,-2.05676,0.20431,5.15143e-14
-2.10813,-2.10813,0.00627004,5.68434e-14
-2.98224,-2.35871,1.03016e-17,0.0536734
-2.98224,-2.98224,0.685648,5.86198e-13
-3.37493,-3.37493,5.33453e-21,7.3225e-11
