1.67388,1.8329,1.14979e-18,1.9054
1.4937,1.67388,8.4077e-26,2.8813e-10
1.17047,1.4937,6.52981e-08,9.68114e-14
1.13268,1.17047,5.2643e-08,1.9833e-11
0.95092,1.13268,1.6124e-22,6.12679e-07
0.599496,0.95092,1.09032e-07,9.31055e-12
0.397927,0.599496,7.0289e-07,3.183e-11
0.320824,0.345472,2.20359e-13,0.00358702
0.127694,0.320824,1.52483e-05,1.54439e-09
-0.316753,0.127694,0.000159427,5.91908e-12
-0.447203,-0.316753,7.218e-05,1.73954e-06
-0.485994,-0.3231,4.01261e-10,0.259671
-0.616639,-0.447203,0.000189365,5.36176e-08
-0.996692,-0.485994,0.0001392,2.86829e-08
-1.1509,-0.616642,0.0252442,4.67515e-13
-1.22828,-0.996692,0.000162672,1.76081e-13
-1.23156,-1.22827,0.0774814,4.75175e-14
-1.42442,-1.42442,0.000307273,1.08358e-13
-2.05675,-2.05676,0.20431,1.03029e-13
-2.05676,-2.10813,0.00627004,9.76996e-14
-2.10813,-2.3326,2.77015e-18,0.0711856
-2.98224,-2.98224,0.685648,6.6791e-13
-2.98224,-3.37493,5.23215e-21,2.18369e-09
-3.37493,-3.46549,5.17002e-16,3.54864
