1.67388,2.16736,4.95362e-18,0.436545
1.4937,1.67388,8.14173e-26,1.55991e-11
1.17047,1.4937,6.52981e-08,9.23706e-14
1.15787,1.17047,5.2643e-08,5.13021e-11
1.13265,1.13268,1.68986e-21,2.04318e-06
0.95092,0.95092,1.09032e-07,1.94287e-11
0.599496,0.599496,7.0289e-07,6.84584e-11
0.320824,0.360284,8.4776e-15,0.00467122
0.29264,0.320824,1.52483e-05,1.96691e-11
0.127694,0.127694,0.000159427,2.08619e-11
-0.316753,-0.280375,3.57308e-12,0.100481
-0.447203,-0.316753,7.21804e-05,1.46302e-08
-0.485994,-0.447203,0.000189365,2.39339e-08
-0.616639,-0.485994,0.0001392,6.34787e-09
-0.996692,-0.616642,0.0252442,4.66849e-13
-1.22815,-0.996692,0.000162672,4.90719e-14
-1.22828,-1.22827,0.0774814,4.04121e-14
-1.42442,-1.42442,0.000307273,2.30926e-14
-2.05675,-2.05676,0.20431,6.39488e-14
-2.05676,-2.10813,0.00627004,6.21725e-14
-2.06712,-2.15223,6.07415e-18,0.68985
-2.10813,-2.33927,3.14867e-16,0.134837
-2.98224,-2.98224,0.685648,1.77636e-14
-2.98224,-3.37493,5.06293e-21,4.94399e-10
-3.37493,-3.47282,1.1578e-15,14.3211
