1.67388,2.25219,8.61459e-20,0.425376
1.62974,1.67388,8.33316e-26,3.55271e-12
1.4937,1.4937,6.52981e-08,6.39488e-14
1.17047,1.17047,5.2643e-08,2.23475e-11
1.13268,1.13268,1.66636e-21,3.74992e-07
0.95092,0.95092,1.09032e-07,9.35274e-12
0.599496,0.599496,7.0289e-07,3.77209e-12
0.350125,0.370187,7.14185e-16,0.0069762
0.320824,0.320824,1.52483e-05,3.61402e-10
0.127694,0.127694,0.000159427,8.51541e-13
-0.316753,-0.139318,5.86829e-15,0.29476
-0.447203,-0.316753,7.21804e-05,1.69329e-09
-0.485994,-0.447203,0.000189365,2.51783e-08
-0.616639,-0.485994,0.0001392,5.4693e-09
-0.848516,-0.616642,0.0252442,3.45046e-12
-0.996692,-0.888475,2.0023e-15,6.37403
-1.22828,-0.996692,0.000162672,5.89084e-13
-1.22848,-1.22827,0.0774814,3.10862e-14
-1.42442,-1.42442,0.000307273,3.90799e-14
-2.05675,-2.05676,0.20431,6.16396e-13
-2.05676,-2.10813,0.00627004,1.84741e-13
-2.10813,-2.32488,5.46085e-17,0.0480216
-2.38589,-2.70507,4.52336e-14,6.50054
-2.98224,-2.98224,0.685648,5.50671e-13
-2.98224,-3.37493,5.08507e-21,4.66596e-10
-3.37493,-3.95657,4.08125e-15,0.811251
