1.69836,2.56658,7.82769e-18,3.07126
1.67388,1.67388,7.44973e-26,7.91189e-12
1.4937,1.4937,6.52981e-08,1.16351e-13
1.17047,1.17047,5.2643e-08,1.46882e-10
1.13268,1.13269,7.46069e-21,7.70694e-06
0.95092,0.95092,1.09032e-07,3.35836e-11
0.599496,0.599496,7.0289e-07,2.56426e-10
0.368343,0.386124,1.66456e-14,0.720303
0.320824,0.327211,1.73018e-12,1.10302
0.127694,0.320824,1.52483e-05,2.14143e-07
-0.316753,0.127694,0.000159427,8.47304e-12
-0.384057,-0.21267,3.63885e-14,0.0977125
-0.447204,-0.316753,7.21804e-05,1.23134e-09
-0.485994,-0.447203,0.000189365,7.24976e-09
-0.616639,-0.485994,0.0001392,7.8863e-09
-0.996692,-0.616642,0.0252442,1.25233e-13
-1.22824,-0.996692,0.000162672,2.37588e-14
-1.22828,-1.12782,1.50228e-15,0.317315
-1.42442,-1.22827,0.0774814,1.64313e-13
-2.0344,-1.42442,0.000307273,2.22933e-13
-2.05675,-2.05676,0.20431,4.01457e-13
-2.05676,-2.10813,0.00627004,1.66978e-13
-2.10813,-2.32494,4.30778e-17,0.0123818
-2.85547,-2.98224,0.685648,5.18696e-13
-2.98224,-3.37493,5.25827e-21,5.42741e-10
-2.98224,-3.73401,1.04064e-14,0.880168
-3.37493,-4.32263,1.22609e-16,0.172515
