1.71723,2.5746,6.81824e-18,6.93419
1.67388,1.67388,7.3862e-26,7.34968e-12
1.4937,1.4937,6.52981e-08,2.03393e-13
1.17047,1.17047,5.2643e-08,7.16884e-11
1.13268,1.13269,7.74569e-21,1.02116e-05
0.95092,0.95092,1.09032e-07,2.67915e-11
0.931032,0.599496,7.0289e-07,1.68765e-10
0.599496,0.389155,1.79557e-14,0.689779
0.357226,0.340976,1.22997e-13,0.123315
0.320824,0.320824,1.52483e-05,1.0119e-08
0.127694,0.127694,0.000159427,1.12172e-11
-0.316753,0.0510895,5.50429e-17,0.613032
-0.447203,-0.217829,5.28396e-14,0.51725
-0.485993,-0.316753,7.21804e-05,3.20529e-09
-0.502854,-0.447203,0.000189365,6.11818e-09
-0.616639,-0.485994,0.0001392,5.35516e-09
-0.996692,-0.616642,0.0252442,2.96874e-13
-1.22827,-0.996692,0.000162672,3.04201e-14
-1.22828,-1.22827,0.0774814,3.19744e-14
-1.42442,-1.27936,3.2822e-17,2.12231
-2.05675,-1.42442,0.000307273,1.84741e-13
-2.05676,-2.05676,0.20431,1.84741e-13
-2.10813,-2.10813,0.00627004,1.52767e-13
-2.1101,-2.32502,4.08215e-17,0.114238
-2.96497,-2.98224,0.685648,1.10134e-13
-2.98224,-3.37493,5.17565e-21,3.63134e-10
-2.98224,-3.83806,7.98565e-15,5.69714
-3.37493,-5.6964,2.52286e-17,18.9108
