1.74207,2.60353,8.92739e-18,1.48079
1.67388,1.67388,7.37438e-26,6.65157e-12
1.4937,1.4937,6.52981e-08,9.68114e-14
1.43748,1.17047,5.2643e-08,5.9353e-11
1.17047,1.13269,1.11495e-20,9.73291e-06
1.13268,0.95092,1.09032e-07,3.10816e-11
0.95092,0.599496,7.0289e-07,2.64085e-07
0.599496,0.590974,1.86814e-14,0.489813
0.365384,0.365169,6.64388e-16,0.0935849
0.320824,0.320824,1.52483e-05,1.70247e-09
0.127694,0.127694,0.000159427,7.90033e-12
-0.316753,0.10585,3.71913e-15,0.691411
-0.333304,-0.156948,1.96826e-15,0.236299
-0.447203,-0.316753,7.21804e-05,3.28863e-09
-0.485994,-0.447203,0.000189365,4.12703e-08
-0.616639,-0.485994,0.0001392,5.22001e-08
-0.808283,-0.578717,1.9225e-12,0.77409
-0.996692,-0.616642,0.0252442,2.57036e-11
-1.22828,-0.996692,0.000162672,3.61933e-14
-1.2283,-1.22827,0.0774814,6.43929e-14
-1.42442,-1.30737,6.20856e-17,1.90031
-2.05675,-1.42442,0.000307273,1.33227e-13
-2.05676,-2.05676,0.20431,1.93623e-13
-2.10813,-2.10813,0.00627004,2.84217e-14
-2.12307,-2.3282,3.53762e-17,0.00232926
-2.97683,-2.98224,0.685648,6.75016e-14
-2.98224,-3.37493,5.19261e-21,7.71298e-10
-2.98224,-4.09365,5.07017e-15,10.4019
-3.37493,-6.61617,1.68526e-16,28.14
