1.74987,3.06695,2.07114e-19,11.195
1.67388,1.67388,7.2649e-26,8.27161e-12
1.4937,1.4937,6.52981e-08,5.32907e-15
1.4932,1.22629,3.05762e-18,3.82816
1.17047,1.17047,5.2643e-08,4.47404e-10
1.13268,1.13268,1.19585e-21,1.86552e-05
0.95092,0.95092,1.09032e-07,4.07203e-11
0.599496,0.599496,7.0289e-07,2.1058e-11
0.36726,0.400435,3.3479e-14,0.181354
0.320824,0.320824,1.52483e-05,9.41438e-10
0.127694,0.14073,7.14162e-13,0.236921
-0.179441,0.127694,0.000159427,6.08769e-11
-0.316753,-0.105873,1.30976e-14,0.0497746
-0.447203,-0.316753,7.21804e-05,4.05721e-10
-0.485994,-0.447203,0.000189365,1.21924e-08
-0.616639,-0.485994,0.0001392,1.57786e-08
-0.623776,-0.57393,1.48021e-12,0.994338
-0.996692,-0.616642,0.0252442,2.54552e-12
-1.22828,-0.996692,0.000162672,1.15796e-12
-1.22828,-1.09967,1.02294e-14,3.49315
-1.42442,-1.22827,0.0774814,6.83897e-14
-2.05675,-1.42442,0.000307273,8.79297e-14
-2.05676,-1.66484,4.45496e-17,2.32801
-2.10243,-2.05676,0.20431,0
-2.10813,-2.10813,0.00627004,4.51195e-13
-2.34958,-2.3382,9.68361e-17,0.0487053
-2.98167,-2.98224,0.685648,1.38556e-13
-2.98224,-3.37493,5.20884e-21,1.91523e-10
-2.98224,-4.87418,3.03527e-15,7.83894
-3.37493,-8.85136,7.12942e-18,14.8071
