1.74996,9.9669,2.30659e-16,272.042
1.67388,3.05755,1.57939e-18,27.4057
1.49385,1.67388,7.92072e-26,5.60375
1.4937,1.4937,6.52981e-08,4.46227
1.17047,1.21334,7.04933e-19,3.53025
1.13268,1.17047,5.2643e-08,2.73999
0.95092,1.13268,1.20034e-21,2.56592
0.599496,0.95092,1.09032e-07,1.8085
0.367326,0.599496,7.0289e-07,0.718792
0.320824,0.398778,3.20575e-14,0.260209
0.127694,0.320824,1.52483e-05,0.205856
-0.169919,0.127694,0.000159427,0.0326116
-0.316753,0.0909409,6.99973e-15,0.247631
-0.447203,-0.107296,1.34444e-14,0.135226
-0.485994,-0.316753,7.21804e-05,0.200666
-0.613164,-0.447203,0.000189365,0.399982
-0.616639,-0.485994,0.0001392,0.47238
-0.996692,-0.616642,0.0252442,0.760494
-1.22827,-0.617258,1.15494e-09,1.86969
-1.22828,-0.996692,0.000162672,1.98679
-1.28675,-1.22827,0.0774814,3.01731
-1.42442,-1.34541,1.84285e-16,2.87141
-2.05675,-1.42442,0.000307273,4.05792
-2.05676,-2.05676,0.20431,8.4605
-2.10813,-2.10813,0.00627004,8.88842
-2.10908,-2.32219,5.80665e-18,9.37681
-2.42773,-2.49682,3.28467e-17,21.6421
-2.98214,-2.98224,0.685648,17.7875
-2.98224,-3.37493,5.20927e-21,22.7803
-2.98224,-5.53555,2.54665e-15,66.0383
-3.37493,-17.8095,2.36797e-16,1531.57
