1.74998,13.5779,2.00014e-16,301.019
1.67388,3.23673,1.74872e-19,15.3566
1.49399,1.67388,7.86526e-26,5.60375
1.4937,1.4937,6.52981e-08,4.46227
1.17047,1.40259,7.71896e-18,0.507632
1.13268,1.17047,5.2643e-08,2.73999
0.95092,1.13269,9.65533e-21,2.56595
0.599496,0.95092,1.09032e-07,1.8085
0.598195,0.599496,7.0289e-07,0.718792
0.367242,0.399563,3.2817e-14,0.159967
0.320824,0.320824,1.52483e-05,0.205856
0.127694,0.159752,3.07694e-14,0.37055
-0.174867,0.127694,0.000159427,0.0326116
-0.316753,-0.0890969,1.89464e-14,0.785108
-0.447203,-0.316753,7.21804e-05,0.200666
-0.485994,-0.440998,6.53611e-12,0.0569621
-0.616639,-0.447203,0.000189365,0.399982
-0.618121,-0.485994,0.0001392,0.47238
-0.996692,-0.616642,0.0252442,0.760494
-1.22828,-0.996692,0.000162672,1.98679
-1.22828,-1.22827,0.0774813,3.01731
-1.42442,-1.22832,1.98289e-08,1.79685
-1.56003,-1.42442,0.000307273,4.05792
-2.05675,-2.05676,0.20431,8.4605
-2.05676,-2.10813,0.00627004,8.88842
-2.10813,-2.25434,1.10064e-15,31.705
-2.11091,-2.33926,1.39019e-16,10.8689
-2.44519,-2.98224,0.685648,17.7875
-2.9822,-3.37493,5.22173e-21,22.7803
-2.98224,-5.48377,2.47031e-15,76.3436
-2.98224,-9.10767,7.58634e-17,25.3641
-3.37493,-17.8641,2.47637e-16,1448.61
