1.74999,14.014,1.24607e-16,297.856
1.67388,10.3321,1.07952e-16,59.4466
1.49412,2.96054,7.006e-20,8.62517
1.4937,1.67388,7.66525e-26,8.03535e-12
1.17047,1.4937,6.52981e-08,1.59958e-14
1.13268,1.17047,5.2643e-08,8.28413e-11
1.10601,1.13269,9.69708e-21,1.63365e-06
0.95092,0.95092,1.09032e-07,8.5707e-12
0.599496,0.853285,1.78018e-18,2.5341
0.367305,0.599496,7.0289e-07,1.53486e-10
0.320824,0.393385,2.70849e-14,0.215176
0.127694,0.320824,1.52483e-05,6.33122e-10
-0.172115,0.138924,2.94794e-15,0.274489
-0.316753,0.127694,0.000159427,2.64985e-11
-0.447203,-0.159771,1.59905e-15,1.74087
-0.485994,-0.316753,7.21804e-05,1.48849e-09
-0.615431,-0.447203,0.000189365,1.64726e-07
-0.616639,-0.485994,0.0001392,1.82256e-06
-0.996692,-0.507269,3.90786e-11,0.659206
-1.22827,-0.616642,0.0252442,5.93969e-13
-1.22828,-0.996692,0.000162672,1.21237e-13
-1.28881,-1.22827,0.0774814,5.04446e-15
-1.42442,-1.42442,0.000307273,7.37728e-14
-2.0496,-1.56422,7.23767e-16,8.35883
-2.05675,-2.05676,0.20431,1.72335e-13
-2.05676,-2.10813,0.00627004,2.34479e-13
-2.10813,-2.33142,7.47385e-17,0.13578
-2.12244,-2.98224,0.685648,4.36175e-09
-2.46306,-2.98726,5.2181e-11,30.5493
-2.98223,-3.37493,5.20906e-21,1.71983e-10
-2.98224,-6.25909,1.31265e-15,10.8036
-2.98224,-9.48162,7.13724e-17,71.8231
-3.37493,-30.6031,1.75351e-16,244.441
