1.74999,15.5596,7.3031e-17,730.275
1.67388,10.9524,1.58784e-16,48.8973
1.4946,3.94948,6.1881e-19,27.8147
1.4937,2.75994,9.88314e-20,11.1083
1.41189,1.67388,7.6857e-26,5.60375
1.17047,1.4937,6.52981e-08,4.46227
1.13268,1.17047,5.2643e-08,2.73999
0.95092,1.13269,9.14646e-21,2.56594
0.599496,0.95092,1.09032e-07,1.8085
0.482945,0.599496,7.0289e-07,0.718792
0.367246,0.501077,1.00892e-15,0.557056
0.320824,0.391378,2.41968e-14,0.337683
0.127694,0.320824,1.52483e-05,0.205856
-0.173403,0.127694,0.000159427,0.0326116
-0.316753,0.0522362,1.40315e-16,0.747392
-0.447203,-0.163838,7.91713e-16,0.342818
-0.485994,-0.316753,7.21804e-05,0.200666
-0.616638,-0.447203,0.000189365,0.399982
-0.616652,-0.485994,0.0001392,0.47238
-0.996692,-0.616642,0.0252442,0.760494
-1.22828,-0.67413,4.96337e-14,4.98185
-1.22828,-0.996692,0.000162672,1.98679
-1.41139,-1.22827,0.0774814,3.01731
-1.42442,-1.42442,0.000307273,4.05792
-2.05675,-2.05676,0.20431,8.4605
-2.05676,-2.10813,0.00627004,8.88842
-2.10765,-2.16599,1.02791e-14,2.71024
-2.10813,-2.3707,4.04547e-16,9.86883
-2.31493,-2.98224,0.685648,17.7875
-2.4968,-3.37493,5.34436e-21,22.7803
-2.98224,-6.24282,9.45844e-16,27.6867
-2.98224,-6.44039,5.12477e-16,39.2858
-2.98224,-9.56946,5.54601e-17,71.8738
-3.37493,-30.8166,1.73937e-16,1956.97
