1.75,16.0158,4.8285e-17,981.914
1.67388,11.3456,1.92042e-16,121.917
1.5434,3.95072,6.9699e-19,25.297
1.4937,2.98398,5.6434e-19,0.235872
1.49324,1.67388,7.37015e-26,2.73097e-11
1.17047,1.4937,6.52981e-08,2.93283e-13
1.13268,1.17047,5.2643e-08,2.15143e-09
0.95092,1.13269,1.56001e-19,0.00020937
0.813302,1.05772,5.86256e-16,3.50516
0.599496,0.95092,1.09032e-07,4.9293e-10
0.367302,0.599496,7.0289e-07,7.77382e-13
0.320824,0.393319,2.48494e-14,0.0373739
0.127694,0.320824,1.52483e-05,1.4169e-09
-0.166196,0.166207,2.0083e-13,0.055693
-0.222381,0.127694,0.000159427,1.13921e-10
-0.316753,-0.0164918,1.00372e-14,0.655578
-0.447203,-0.316753,7.21804e-05,4.53466e-08
-0.485994,-0.34783,2.96597e-11,0.151923
-0.616639,-0.447203,0.000189365,1.21888e-07
-0.617209,-0.485994,0.0001392,8.97257e-09
-0.996692,-0.616642,0.0252442,1.56308e-12
-1.22828,-0.996692,0.000162672,4.86326e-14
-1.22828,-1.14911,1.39686e-16,4.15385
-1.42415,-1.22827,0.0774814,2.2915e-13
-1.42442,-1.42442,0.000307273,1.05359e-13
-2.05675,-2.05676,0.20431,2.07245e-13
-2.05676,-2.10813,0.00627004,8.3432e-14
-2.10797,-2.2667,1.07964e-15,1.91316
-2.10813,-2.43862,9.32582e-16,2.81241
-2.32933,-2.98224,0.685648,1.0623e-12
-2.50228,-3.37493,5.3029e-21,3.38678e-09
-2.98224,-6.26811,4.36186e-16,88.9865
-2.98224,-8.34437,7.64842e-16,54.2116
-2.98224,-9.65831,4.81036e-18,101.595
-3.37493,-31.1064,1.62203e-16,783.163
