1.75,16.0556,5.20345e-17,722.272
1.67388,11.3559,1.9564e-16,124.457
1.58367,3.95552,1.35441e-18,21.368
1.4937,3.01723,1.73432e-19,9.04596
1.49366,1.67388,7.04955e-26,4.60254e-12
1.17047,1.4937,6.52981e-08,3.33957e-13
1.13268,1.17047,5.2643e-08,3.03815e-09
0.95092,1.13269,1.62826e-19,0.00103859
0.94028,1.05801,6.02065e-16,5.88425
0.599496,0.95092,1.09032e-07,2.78866e-10
0.367319,0.614307,1.79075e-16,3.66641
0.320824,0.599496,7.0289e-07,7.13085e-10
0.136374,0.393311,2.48457e-14,0.0213845
0.127694,0.320824,1.52483e-05,1.93119e-09
-0.173948,0.158171,2.51162e-13,0.0260381
-0.316753,0.127694,0.000159427,2.77842e-10
-0.447203,-0.0315146,1.40641e-14,0.24309
-0.485994,-0.316753,7.21804e-05,4.03316e-08
-0.616638,-0.429814,4.51975e-10,1.09677
-0.616724,-0.447203,0.000189365,6.39273e-07
-0.996692,-0.485994,0.0001392,9.1998e-07
-1.22828,-0.616642,0.0252442,3.13927e-12
-1.22828,-0.996692,0.000162672,7.48726e-14
-1.28782,-1.16367,8.39855e-18,5.46439
-1.42442,-1.22827,0.0774814,2.26487e-14
-1.4563,-1.42442,0.000307273,1.11291e-13
-2.05675,-2.05676,0.20431,4.50605e-14
-2.05676,-2.10813,0.00627004,1.91853e-13
-2.10806,-2.28759,5.54165e-16,1.33873
-2.10813,-2.49328,1.31182e-15,12.3119
-2.33271,-2.98224,0.685648,9.06116e-13
-2.50346,-3.37493,5.29854e-21,4.95231e-09
-2.98224,-6.76323,1.03873e-16,7.113
-2.98224,-9.02993,7.13393e-16,23.6846
-2.98224,-9.92952,2.0622e-16,117.875
-3.37493,-31.1582,1.56725e-16,184.396
