1.75,16.1443,4.84999e-17,871.832
1.67388,11.3644,1.90319e-16,91.4905
1.58692,3.95552,1.36974e-18,12.1873
1.4937,3.02265,4.14391e-21,6.50242
1.49368,1.67388,6.74761e-26,3.06732e-11
1.17047,1.4937,6.52981e-08,1.14591e-13
1.13268,1.17047,5.2643e-08,2.3577e-09
0.95696,1.13269,1.98871e-19,0.000410319
0.95092,1.07871,4.69974e-16,0.308735
0.599496,0.95092,1.09032e-07,5.93968e-10
0.367328,0.701781,4.2198e-16,0.479407
0.320824,0.599496,7.0289e-07,8.28913e-11
0.21342,0.394276,2.56667e-14,0.0794724
0.127694,0.320824,1.52483e-05,6.76642e-11
-0.17346,0.245186,3.14334e-14,0.136529
-0.316753,0.127694,0.000159427,8.33678e-14
-0.447203,0.0382152,3.01858e-15,0.195511
-0.485994,-0.140129,1.6652e-15,0.245394
-0.57416,-0.316753,7.21804e-05,3.2943e-08
-0.616639,-0.431166,5.56896e-10,0.881674
-0.618397,-0.447203,0.000189365,3.94339e-06
-0.996692,-0.485994,0.0001392,4.88368e-08
-1.22828,-0.616642,0.0252442,3.74011e-12
-1.22828,-0.996692,0.000162672,6.09077e-14
-1.40995,-1.22827,0.0774814,4.94589e-13
-1.42442,-1.23977,6.87878e-16,2.99103
-1.64261,-1.42442,0.000307273,1.87742e-13
-2.05675,-2.05676,0.20431,1.19195e-12
-2.05676,-2.10813,0.00627004,4.01474e-13
-2.1081,-2.29139,4.72628e-16,1.81026
-2.10813,-2.51786,1.56984e-15,1.10721
-2.33345,-2.98224,0.685648,1.94338e-12
-2.50366,-3.37493,5.28855e-21,3.31533e-09
-2.98224,-6.81353,4.80123e-17,48.0197
-2.98224,-9.71132,4.38606e-17,114.955
-2.98224,-10.5094,7.8051e-16,29.1877
-3.37493,-31.1806,1.53535e-16,911.352
