1.75,16.148,4.78791e-17,1232.53
1.67388,11.368,1.87982e-16,71.4046
1.58862,3.96638,2.49372e-18,12.0854
1.4937,3.05498,8.32587e-19,11.9837
1.49369,1.67388,6.5332e-26,2.67404e-11
1.17047,1.4937,6.52981e-08,1.36784e-13
1.13268,1.17047,5.2643e-08,1.58817e-09
1.01876,1.13269,2.26139e-19,0.000845589
0.95092,1.0801,5.01981e-16,1.49293
0.839647,0.95092,1.09032e-07,2.58495e-10
0.599496,0.706033,5.0923e-16,0.0718074
0.367318,0.599496,7.0289e-07,2.87627e-10
0.320824,0.421624,1.45595e-14,0.452373
0.14168,0.378763,5.6415e-15,0.200979
0.127694,0.320824,1.52483e-05,1.94562e-10
-0.17385,0.127694,0.000159427,2.18382e-10
-0.316753,0.062052,8.69888e-17,0.0450397
-0.447203,-0.00529211,1.00074e-14,0.239354
-0.485994,-0.196283,3.72846e-17,0.714968
-0.616625,-0.316753,7.21804e-05,1.11356e-08
-0.616639,-0.437319,1.73799e-09,0.0822073
-0.981554,-0.447203,0.000189364,1.44273e-05
-0.996692,-0.485994,0.0001392,3.07343e-07
-1.22828,-0.616642,0.0252442,1.44473e-12
-1.22828,-0.996692,0.000162672,2.79418e-14
-1.42396,-1.22827,0.0774814,1.70464e-13
-1.42442,-1.29465,2.2821e-17,1.29646
-1.82597,-1.42442,0.000307273,7.89337e-14
-2.05675,-2.05676,0.20431,9.78892e-13
-2.05676,-2.10813,0.00627004,2.3272e-13
-2.10813,-2.29155,4.68777e-16,0.352183
-2.10813,-2.52274,1.65049e-15,1.29891
-2.33379,-2.98224,0.685648,8.49123e-13
-2.50373,-3.37493,5.28485e-21,2.41286e-09
-2.98224,-6.88218,1.99292e-17,10.6739
-2.98224,-9.88112,1.79718e-17,246.897
-2.98224,-11.5216,7.44943e-16,43.2121
-3.37493,-31.1987,1.50692e-16,422.135
