1.75,16.1592,4.76986e-17,86.8246
1.67388,11.4672,1.79942e-16,5.055
1.5892,4.09463,4.6998e-20,9.67073
1.4937,3.24393,6.28615e-18,12.989
1.4937,1.67388,6.49073e-26,1.10072e-11
1.23997,1.4937,6.52981e-08,3.23518e-13
1.17047,1.23677,4.30901e-17,0.720658
1.13268,1.17047,5.2643e-08,8.85616e-11
0.951189,1.13269,2.87761e-20,3.89727e-05
0.95092,0.961212,6.33821e-16,2.90528
0.599496,0.95092,1.09032e-07,2.59169e-08
0.571168,0.684437,1.56826e-15,2.78579
0.367314,0.599496,7.0289e-07,6.86459e-11
0.320824,0.411842,9.41861e-15,0.441186
0.127694,0.377434,5.27389e-15,0.0548683
0.127554,0.320824,1.52483e-05,8.22513e-10
-0.173883,0.127694,0.000159427,9.84695e-11
-0.316753,0.033916,4.08769e-17,0.446351
-0.447203,-0.0182484,1.33996e-14,0.0848537
-0.485994,-0.208827,1.92961e-15,0.520606
-0.616637,-0.316753,7.21804e-05,9.85427e-09
-0.61664,-0.447203,0.000189365,2.56479e-08
-0.996692,-0.485994,0.0001392,6.94903e-06
-0.997191,-0.502908,2.99049e-10,0.592233
-1.22828,-0.616642,0.0252442,2.5967e-12
-1.22828,-0.996692,0.000162672,1.45626e-14
-1.42442,-1.22827,0.0774814,5.97965e-14
-1.42444,-1.29826,1.07862e-17,7.5472
-1.83265,-1.42442,0.000307273,2.3544e-13
-2.05675,-2.05676,0.20431,6.32387e-13
-2.05676,-2.10813,0.00627004,8.70415e-13
-2.10813,-2.30514,1.19023e-16,1.18132
-2.10813,-2.6712,9.82582e-16,15.9256
-2.3338,-2.98224,0.685648,3.83697e-13
-2.50373,-3.37493,5.28531e-21,2.10822e-09
-2.98224,-6.99291,1.19186e-17,12.6221
-2.98224,-9.9109,3.2304e-17,5.34354
-2.98224,-11.8018,7.18299e-16,72.7723
-3.37493,-31.2871,1.53651e-16,582.146
