1.75,16.2664,4.42696e-17,66.1375
1.67388,11.64,1.79254e-16,213.007
1.58926,4.10505,1.56809e-19,8.24808
1.4937,3.25992,7.24937e-18,8.34988
1.4937,1.67388,5.60587e-26,1.55387e-11
1.26775,1.4937,6.52981e-08,6.36824e-13
1.17047,1.47312,4.00957e-17,0.89616
1.13268,1.17047,5.2643e-08,7.16649e-10
0.955578,1.13269,3.35125e-20,1.98586e-05
0.95092,0.961213,6.34072e-16,3.10776
0.605238,0.95092,1.09032e-07,7.31757e-08
0.599496,0.689118,1.42024e-15,1.83825
0.367315,0.599496,7.0289e-07,4.00978e-10
0.320824,0.417685,6.8486e-15,0.953772
0.129596,0.378866,7.26309e-15,0.186416
0.127694,0.320824,1.52483e-05,7.14506e-10
-0.173879,0.169363,2.23343e-15,0.171844
-0.316753,0.127694,0.000159427,6.17995e-11
-0.447203,-0.00676297,1.10894e-14,0.63824
-0.485994,-0.108173,4.79143e-16,0.159272
-0.616636,-0.226455,1.27367e-14,0.317343
-0.616639,-0.316753,7.21804e-05,2.08426e-09
-0.992668,-0.447203,0.000189365,7.06255e-08
-0.996692,-0.485994,0.0001392,8.27208e-07
-1.22828,-0.506231,1.79221e-10,0.825357
-1.22828,-0.616642,0.0252442,1.27107e-11
-1.25799,-0.996692,0.000162672,5.37308e-13
-1.42442,-1.22827,0.0774814,1.64943e-13
-1.42462,-1.42442,0.000307273,1.25084e-13
-1.83327,-1.45217,1.35323e-16,3.53093
-2.05675,-2.05676,0.20431,6.59912e-14
-2.05676,-2.10813,0.00627004,2.71829e-13
-2.10813,-2.30879,4.61159e-17,0.514034
-2.10813,-2.74383,9.99349e-17,20.1311
-2.3338,-2.98224,0.685648,7.24797e-13
-2.50373,-3.37493,5.32916e-21,5.67906e-09
-2.98224,-7.27309,1.11535e-18,39.3104
-2.98224,-9.92454,5.02876e-17,201.505
-2.98224,-12.4353,6.20236e-16,104.058
-3.37493,-31.3145,1.55236e-16,1286.57
