0,8.55226
0.02,10.3068
0.04,12.5038
0.06,15.1869
0.08,18.2844
0.1,21.4769
0.12,24.1005
0.14,25.3186
0.16,24.6641
0.18,22.4466
0.2,19.4791
0.22,16.5004
0.24,13.9113
0.26,11.8357
0.28,10.2571
0.3,9.11412
0.32,8.34464
0.34,7.90241
0.36,7.75935
0.38,7.90052
0.4,8.31015
0.42,8.94316
0.44,9.68003
0.46,10.292
0.48,10.4926
0.5,10.1125
0.52,9.23955
0.54,8.13499
0.56,7.04251
0.58,6.09619
0.6,5.33794
0.62,4.76284
0.64,4.35103
0.66,4.08313
0.68,3.94584
0.7,3.93304
0.72,4.04403
0.74,4.27823
0.76,4.6233
0.78,5.03421
0.8,5.41118
0.82,5.60959
0.84,5.51636
0.86,5.14065
0.88,4.60403
0.9,4.04372
0.92,3.54592
0.94,3.14351
0.96,2.83922
0.98,2.62496
1,2.49192
1.02,2.43433
1.04,2.45022
1.06,2.54047
1.08,2.70567
1.1,2.93872
1.12,3.21161
1.14,3.46153
1.16,3.59723
1.18,3.54746
1.2,3.31848
1.22,2.98773
1.24,2.64263
1.26,2.33839
1.28,2.09666
1.3,1.92012
1.32,1.80464
1.34,1.74563
1.36,1.74047
1.38,1.78864
1.4,1.89002
1.42,2.04021
1.44,2.22204
1.46,2.39565
1.48,2.50019
1.5,2.48352
1.52,2.34308
1.54,2.12782
1.56,1.89842
1.58,1.69554
1.6,1.53645
1.62,1.42458
1.64,1.35819
1.66,1.33499
1.68,1.35375
1.7,1.41367
1.72,1.51159
1.74,1.63624
1.76,1.76087
1.78,1.8428
1.8,1.84208
1.82,1.75177
1.84,1.6038
1.86,1.44243
1.88,1.29925
1.9,1.18874
1.92,1.11468
1.94,1.07664
1.96,1.07339
1.98,1.10368
2,1.16475
2.02,1.24841
2.04,1.3357
2.06,1.39572
2.08,1.39817
2.1,1.33553
2.12,1.22947
2.14,1.1125
2.16,1.00879
2.18,0.929953
2.2,0.879435
2.22,0.857319
2.24,0.862809
2.26,0.894447
2.28,0.948251
2.3,1.01395
2.32,1.07165
2.34,1.09554
2.36,1.06907
2.38,0.998517
2.4,0.907092
2.42,0.817728
2.44,0.743887
2.46,0.690684
2.48,0.658978
2.5,0.648281
2.52,0.657901
2.54,0.686573
2.56,0.730629
2.58,0.780902
2.6,0.820752
2.62,0.830709
2.64,0.801121
2.66,0.740274
2.68,0.666875
2.7,0.597178
2.72,0.53985
2.74,0.497719
2.76,0.470857
2.78,0.458534
2.8,0.459886
2.82,0.473549
2.84,0.496316
2.86,0.521216
2.88,0.536986
2.9,0.532376
2.92,0.504125
2.94,0.459551
2.96,0.410101
2.98,0.364319
3,0.326129
3.02,0.296349
3.04,0.274392
3.06,0.25915
3.08,0.249146
3.1,0.242267
3.12,0.235622
3.14,0.226344
3.16,0.213231
3.18,0.197415
3.2,0.181091
3.22,0.165949
3.24,0.15273
3.26,0.141503
3.28,0.132043
3.3,0.124053
3.32,0.117253
3.34,0.111413
3.36,0.106353
3.38,0.101936
3.4,0.0980613
3.42,0.0946536
3.44,0.0916595
3.46,0.0890396
3.48,0.086758
3.5,0.0847637
3.52,0.0829637
3.54,0.0812065
3.56,0.0793191
3.58,0.0772102
3.6,0.0749352
3.62,0.0726353
3.64,0.0704314
3.66,0.0683826
3.68,0.0664995
3.7,0.0647696
3.72,0.0631731
3.74,0.0616905
3.76,0.0603053
3.78,0.059004
3.8,0.0577756
3.82,0.0566117
3.84,0.0555057
3.86,0.054452
3.88,0.0534466
3.9,0.0524861
3.92,0.0515676
3.94,0.0506883
3.96,0.0498442
3.98,0.0490289
4,0.0482337
