0,8.55171
0.02,10.3061
0.04,12.5029
0.06,15.1859
0.08,18.2833
0.1,21.4759
0.12,24.0999
0.14,25.3187
0.16,24.6649
0.18,22.4478
0.2,19.4803
0.22,16.5013
0.24,13.9119
0.26,11.8359
0.28,10.2569
0.3,9.11348
0.32,8.34352
0.34,7.90072
0.36,7.75703
0.38,7.89754
0.4,8.30671
0.42,8.93995
0.44,9.6785
0.46,10.2942
0.48,10.4997
0.5,10.1237
0.52,9.25212
0.54,8.14639
0.56,7.05133
0.58,6.102
0.6,5.34072
0.62,4.76264
0.64,4.3478
0.66,4.07663
0.68,3.93564
0.7,3.91856
0.72,4.02466
0.74,4.25382
0.76,4.59508
0.78,5.00632
0.8,5.39148
0.82,5.60715
0.84,5.53509
0.86,5.17576
0.88,4.64649
0.9,4.08665
0.92,3.58665
0.94,3.18229
0.96,2.87693
0.98,2.66063
1,2.52038
1.02,2.44556
1.04,2.43159
1.06,2.48088
1.08,2.59935
1.1,2.78966
1.12,3.04103
1.14,3.3148
1.16,3.53487
1.18,3.60847
1.2,3.48633
1.22,3.20476
1.24,2.85268
1.26,2.50909
1.28,2.21619
1.3,1.98685
1.32,1.81962
1.34,1.70888
1.36,1.64958
1.38,1.63911
1.4,1.67743
1.42,1.76627
1.44,1.90647
1.46,2.09212
1.48,2.30051
1.5,2.48275
1.52,2.57189
1.54,2.52155
1.56,2.34446
1.58,2.10062
1.6,1.85165
1.62,1.63411
1.64,1.46114
1.66,1.33328
1.68,1.24677
1.7,1.19778
1.72,1.18402
1.74,1.20513
1.76,1.26229
1.78,1.35679
1.8,1.48655
1.82,1.63966
1.84,1.78639
1.86,1.87955
1.88,1.87652
1.9,1.77221
1.92,1.60343
1.94,1.41843
1.96,1.25041
1.98,1.11353
2,1.01028
2.02,0.93844
2.04,0.895064
2.06,0.878097
2.08,0.886887
2.1,0.922018
2.12,0.984464
2.14,1.07342
2.16,1.18202
2.18,1.29143
2.2,1.36908
2.22,1.38133
2.24,1.31795
2.26,1.20108
2.28,1.0662
2.3,0.940264
2.32,0.835956
2.34,0.756286
2.36,0.700066
2.38,0.665183
2.4,0.65004
2.42,0.654004
2.44,0.67729
2.46,0.720254
2.48,0.781656
2.5,0.855392
2.52,0.926488
2.54,0.971179
2.56,0.967871
2.58,0.913755
2.6,0.827165
2.62,0.732356
2.64,0.646085
2.66,0.57555
2.68,0.52204
2.7,0.484486
2.72,0.461431
2.74,0.451834
2.76,0.455225
2.78,0.471396
2.8,0.499485
2.82,0.536189
2.84,0.573379
2.86,0.597578
2.88,0.595399
2.9,0.563327
2.92,0.510649
2.94,0.451415
2.96,0.395949
2.98,0.348891
3,0.311108
3.02,0.281833
3.04,0.259885
3.06,0.244155
3.08,0.233654
3.1,0.227283
3.12,0.223423
3.14,0.219649
3.16,0.213255
3.18,0.202786
3.2,0.189036
3.22,0.174132
3.24,0.159931
3.26,0.14736
3.28,0.136614
3.3,0.127535
3.32,0.119855
3.34,0.113308
3.36,0.107672
3.38,0.102768
3.4,0.098459
3.42,0.0946394
3.44,0.091229
3.46,0.0881674
3.48,0.085409
3.5,0.0829207
3.52,0.080679
3.54,0.0786666
3.56,0.0768668
3.58,0.0752531
3.6,0.0737722
3.62,0.0723312
3.64,0.0708173
3.66,0.0691623
3.68,0.0673936
3.7,0.065602
3.72,0.0638711
3.74,0.0622447
3.76,0.0607325
3.78,0.0593275
3.8,0.0580169
3.82,0.0567878
3.84,0.0556289
3.86,0.0545309
3.88,0.0534864
3.9,0.0524894
3.92,0.0515349
3.94,0.050619
3.96,0.0497383
3.98,0.0488901
4,0.0480718
