0,0.281828
0.02,0.286978
0.04,0.292158
0.06,0.297362
0.08,0.302581
0.1,0.307807
0.12,0.313031
0.14,0.318244
0.16,0.323435
0.18,0.328594
0.2,0.333709
0.22,0.338769
0.24,0.343761
0.26,0.348672
0.28,0.35349
0.3,0.358201
0.32,0.36279
0.34,0.367246
0.36,0.371552
0.38,0.375696
0.4,0.379663
0.42,0.383441
0.44,0.387016
0.46,0.390376
0.48,0.393508
0.5,0.396401
0.52,0.399045
0.54,0.401431
0.56,0.40355
0.58,0.405395
0.6,0.406959
0.62,0.40824
0.64,0.409232
0.66,0.409935
0.68,0.410348
0.7,0.410472
0.72,0.410309
0.74,0.409865
0.76,0.409143
0.78,0.408152
0.8,0.406897
0.82,0.40539
0.84,0.403639
0.86,0.401656
0.88,0.399453
0.9,0.397042
0.92,0.394437
0.94,0.391651
0.96,0.388698
0.98,0.385592
1,0.382347
1.02,0.378979
1.04,0.375501
1.06,0.371927
1.08,0.36827
1.1,0.364545
1.12,0.360764
1.14,0.356939
1.16,0.353082
1.18,0.349205
1.2,0.345318
1.22,0.341431
1.24,0.337553
1.26,0.333693
1.28,0.329859
1.3,0.326058
1.32,0.322296
1.34,0.318579
1.36,0.314912
1.38,0.311299
1.4,0.307745
1.42,0.304253
1.44,0.300824
1.46,0.297461
1.48,0.294165
1.5,0.290936
1.52,0.287776
1.54,0.284683
1.56,0.281657
1.58,0.278697
1.6,0.275801
1.62,0.272966
1.64,0.270192
1.66,0.267473
1.68,0.264809
1.7,0.262195
1.72,0.259628
1.74,0.257103
1.76,0.254618
1.78,0.252168
1.8,0.249749
1.82,0.247356
1.84,0.244986
1.86,0.242634
1.88,0.240296
1.9,0.237968
1.92,0.235647
1.94,0.233328
1.96,0.231008
1.98,0.228685
2,0.226354
2.02,0.224013
2.04,0.22166
2.06,0.219294
2.08,0.216911
2.1,0.214511
2.12,0.212093
2.14,0.209656
2.16,0.207201
2.18,0.204726
2.2,0.202233
2.22,0.199722
2.24,0.197194
2.26,0.194651
2.28,0.192093
2.3,0.189523
2.32,0.186943
2.34,0.184355
2.36,0.18176
2.38,0.179162
2.4,0.176562
2.42,0.173963
2.44,0.171367
2.46,0.168777
2.48,0.166196
2.5,0.163625
2.52,0.161066
2.54,0.158523
2.56,0.155997
2.58,0.153491
2.6,0.151006
2.62,0.148543
2.64,0.146105
2.66,0.143694
2.68,0.14131
2.7,0.138955
2.72,0.136631
2.74,0.134337
2.76,0.132076
2.78,0.129847
2.8,0.127652
2.82,0.125492
2.84,0.123366
2.86,0.121275
2.88,0.119219
2.9,0.117199
2.92,0.115214
2.94,0.113266
2.96,0.111352
2.98,0.109474
3,0.107632
3.02,0.105825
3.04,0.104052
3.06,0.102315
3.08,0.100611
3.1,0.0989411
3.12,0.0973047
3.14,0.0957013
3.16,0.0941304
3.18,0.0925915
3.2,0.0910841
3.22,0.0896076
3.24,0.0881617
3.26,0.0867456
3.28,0.0853589
3.3,0.084001
3.32,0.0826713
3.34,0.0813693
3.36,0.0800945
3.38,0.0788462
3.4,0.0776239
3.42,0.0764271
3.44,0.0752552
3.46,0.0741076
3.48,0.0729839
3.5,0.0718834
3.52,0.0708057
3.54,0.0697503
3.56,0.0687165
3.58,0.0677041
3.6,0.0667124
3.62,0.0657409
3.64,0.0647892
3.66,0.0638569
3.68,0.0629434
3.7,0.0620484
3.72,0.0611713
3.74,0.0603118
3.76,0.0594694
3.78,0.0586438
3.8,0.0578346
3.82,0.0570412
3.84,0.0562635
3.86,0.055501
3.88,0.0547533
3.9,0.0540201
3.92,0.053301
3.94,0.0525957
3.96,0.051904
3.98,0.0512254
4,0.0505596
