0,0.960084
0.02,0.996962
0.04,1.03472
0.06,1.07322
0.08,1.11229
0.1,1.15173
0.12,1.1913
0.14,1.23072
0.16,1.26968
0.18,1.30782
0.2,1.34477
0.22,1.38012
0.24,1.41346
0.26,1.44436
0.28,1.4724
0.3,1.49719
0.32,1.51836
0.34,1.5356
0.36,1.54866
0.38,1.55737
0.4,1.56164
0.42,1.56146
0.44,1.55691
0.46,1.54818
0.48,1.5355
0.5,1.51918
0.52,1.4996
0.54,1.47716
0.56,1.45228
0.58,1.42543
0.6,1.39702
0.62,1.36749
0.64,1.33724
0.66,1.30664
0.68,1.27605
0.7,1.24575
0.72,1.21601
0.74,1.18707
0.76,1.15912
0.78,1.13231
0.8,1.10677
0.82,1.0826
0.84,1.05987
0.86,1.03862
0.88,1.01888
0.9,1.00065
0.92,0.98392
0.94,0.968652
0.96,0.954801
0.98,0.942302
1,0.931078
1.02,0.921036
1.04,0.912069
1.06,0.904059
1.08,0.896872
1.1,0.890367
1.12,0.884391
1.14,0.878784
1.16,0.873381
1.18,0.868016
1.2,0.862526
1.22,0.856754
1.24,0.850554
1.26,0.843797
1.28,0.836372
1.3,0.828195
1.32,0.819204
1.34,0.809369
1.36,0.798686
1.38,0.787179
1.4,0.774898
1.42,0.761915
1.44,0.74832
1.46,0.734218
1.48,0.719723
1.5,0.704954
1.52,0.69003
1.54,0.675068
1.56,0.66018
1.58,0.64547
1.6,0.631029
1.62,0.616942
1.64,0.603279
1.66,0.5901
1.68,0.577453
1.7,0.565375
1.72,0.553891
1.74,0.54302
1.76,0.532766
1.78,0.52313
1.8,0.5141
1.82,0.505658
1.84,0.497779
1.86,0.490431
1.88,0.483575
1.9,0.477166
1.92,0.471155
1.94,0.465487
1.96,0.460103
1.98,0.454942
2,0.44994
2.02,0.445035
2.04,0.440164
2.06,0.43527
2.08,0.430298
2.1,0.4252
2.12,0.419939
2.14,0.414484
2.16,0.408814
2.18,0.40292
2.2,0.396803
2.22,0.390473
2.24,0.383949
2.26,0.377256
2.28,0.370428
2.3,0.3635
2.32,0.35651
2.34,0.349497
2.36,0.342499
2.38,0.33555
2.4,0.328684
2.42,0.321928
2.44,0.315305
2.46,0.308833
2.48,0.302527
2.5,0.296392
2.52,0.290433
2.54,0.284648
2.56,0.279029
2.58,0.273569
2.6,0.268253
2.62,0.263067
2.64,0.257993
2.66,0.253015
2.68,0.248114
2.7,0.243273
2.72,0.238477
2.74,0.233712
2.76,0.228968
2.78,0.224235
2.8,0.21951
2.82,0.21479
2.84,0.210076
2.86,0.205373
2.88,0.200685
2.9,0.196021
2.92,0.19139
2.94,0.186802
2.96,0.182266
2.98,0.177792
3,0.173391
3.02,0.169069
3.04,0.164836
3.06,0.160697
3.08,0.156658
3.1,0.152724
3.12,0.148898
3.14,0.145181
3.16,0.141575
3.18,0.138081
3.2,0.134697
3.22,0.131424
3.24,0.128259
3.26,0.1252
3.28,0.122244
3.3,0.11939
3.32,0.116634
3.34,0.113972
3.36,0.111403
3.38,0.108921
3.4,0.106524
3.42,0.10421
3.44,0.101973
3.46,0.0998118
3.48,0.0977226
3.5,0.0957025
3.52,0.0937486
3.54,0.091858
3.56,0.0900281
3.58,0.0882564
3.6,0.0865404
3.62,0.0848778
3.64,0.0832665
3.66,0.0817042
3.68,0.0801891
3.7,0.0787193
3.72,0.0772929
3.74,0.0759083
3.76,0.0745639
3.78,0.073258
3.8,0.0719893
3.82,0.0707562
3.84,0.0695575
3.86,0.0683919
3.88,0.0672581
3.9,0.0661549
3.92,0.0650813
3.94,0.0640361
3.96,0.0630183
3.98,0.0620269
4,0.061061
