0,0.454969
0.02,0.500647
0.04,0.553492
0.06,0.615043
0.08,0.687254
0.1,0.772635
0.12,0.874431
0.14,0.996883
0.16,1.14557
0.18,1.32788
0.2,1.5536
0.22,1.83568
0.24,2.19091
0.26,2.64016
0.28,3.20694
0.3,3.9112
0.32,4.75333
0.34,5.68234
0.36,6.55602
0.38,7.14034
0.4,7.21768
0.42,6.75579
0.44,5.93702
0.46,5.00682
0.48,4.13559
0.5,3.3953
0.52,2.79562
0.54,2.3197
0.56,1.94412
0.58,1.64704
0.6,1.41056
0.62,1.2208
0.64,1.06723
0.66,0.941882
0.68,0.83879
0.7,0.753426
0.72,0.682342
0.74,0.6229
0.76,0.573067
0.78,0.531268
0.8,0.496282
0.82,0.467164
0.84,0.443189
0.86,0.423812
0.88,0.408635
0.9,0.397396
0.92,0.389952
0.94,0.386281
0.96,0.386481
0.98,0.390785
1,0.399584
1.02,0.413458
1.04,0.433227
1.06,0.46002
1.08,0.495377
1.1,0.541374
1.12,0.600803
1.14,0.677372
1.16,0.775912
1.18,0.902422
1.2,1.06365
1.22,1.26543
1.24,1.50858
1.26,1.78105
1.28,2.04717
1.3,2.24345
1.32,2.30052
1.34,2.19205
1.36,1.95913
1.38,1.67554
1.4,1.40021
1.42,1.16168
1.44,0.966443
1.46,0.810671
1.48,0.68741
1.5,0.589786
1.52,0.512035
1.54,0.449641
1.56,0.399162
1.58,0.358008
1.6,0.324231
1.62,0.296362
1.64,0.273295
1.66,0.254187
1.68,0.238403
1.7,0.225463
1.72,0.215009
1.74,0.206786
1.76,0.200623
1.78,0.196423
1.8,0.194164
1.82,0.193895
1.84,0.195741
1.86,0.199917
1.88,0.206732
1.9,0.216609
1.92,0.230105
1.94,0.24797
1.96,0.271272
1.98,0.301559
2,0.340925
2.02,0.391934
2.04,0.457278
2.06,0.538818
2.08,0.635291
2.1,0.738233
2.12,0.827984
2.14,0.876713
2.16,0.864386
2.18,0.795517
2.2,0.695074
2.22,0.589276
2.24,0.493812
2.26,0.414184
2.28,0.350243
2.3,0.299708
2.32,0.259933
2.34,0.228562
2.36,0.203685
2.38,0.183826
2.4,0.167904
2.42,0.155174
2.44,0.145132
2.46,0.137436
2.48,0.131853
2.5,0.128249
2.52,0.126591
2.54,0.126951
2.56,0.129519
2.58,0.134621
2.6,0.14274
2.62,0.154531
2.64,0.170784
2.66,0.192259
2.68,0.219225
2.7,0.250453
2.72,0.281739
2.74,0.305195
2.76,0.31198
2.78,0.298525
2.8,0.2697
2.82,0.234557
2.84,0.200381
2.86,0.170696
2.88,0.146269
2.9,0.126562
2.92,0.110664
2.94,0.0977294
2.96,0.0871067
2.98,0.0783311
3,0.0710507
3.02,0.0649726
3.04,0.059842
3.06,0.0554445
3.08,0.0516193
3.1,0.048262
3.12,0.0453054
3.14,0.0426974
3.16,0.0403904
3.18,0.0383412
3.2,0.0365117
3.22,0.0348703
3.24,0.0333909
3.26,0.0320525
3.28,0.0308382
3.3,0.0297349
3.32,0.0287325
3.34,0.027824
3.36,0.0270046
3.38,0.0262722
3.4,0.0256255
3.42,0.0250619
3.44,0.024572
3.46,0.0241301
3.48,0.0236874
3.5,0.0231835
3.52,0.0225829
3.54,0.0219036
3.56,0.0211989
3.58,0.0205179
3.6,0.0198867
3.62,0.019312
3.64,0.0187898
3.66,0.0183109
3.68,0.0178637
3.7,0.0174374
3.72,0.0170257
3.74,0.0166284
3.76,0.0162481
3.78,0.0158865
3.8,0.0155437
3.82,0.0152184
3.84,0.0149092
3.86,0.0146143
3.88,0.0143324
3.9,0.0140622
3.92,0.0138028
3.94,0.013553
3.96,0.0133119
3.98,0.0130786
4,0.0128526
