0,15.7297
0.02,18.5074
0.04,21.6021
0.06,24.7619
0.08,27.5235
0.1,29.2936
0.12,29.6139
0.14,28.4549
0.16,26.2416
0.18,23.584
0.2,20.9921
0.22,18.7677
0.24,17.0383
0.26,15.8267
0.28,15.1021
0.3,14.7988
0.32,14.8096
0.34,14.9679
0.36,15.0504
0.38,14.8355
0.4,14.208
0.42,13.2218
0.44,12.0502
0.46,10.8777
0.48,9.83159
0.5,8.97451
0.52,8.32661
0.54,7.88726
0.56,7.64628
0.58,7.58551
0.6,7.67257
0.62,7.84942
0.64,8.02437
0.66,8.08472
0.68,7.94139
0.7,7.58019
0.72,7.06838
0.74,6.50897
0.76,5.99025
0.78,5.56563
0.8,5.25828
0.82,5.07216
0.84,4.99893
0.86,5.01815
0.88,5.0928
0.9,5.16667
0.92,5.1747
0.94,5.07071
0.96,4.85446
0.98,4.57003
1,4.2772
1.02,4.02462
1.04,3.84081
1.06,3.73724
1.08,3.71321
1.1,3.7569
1.12,3.84259
1.14,3.92833
1.16,3.96246
1.18,3.9046
1.2,3.74908
1.22,3.52753
1.24,3.28774
1.26,3.07065
1.28,2.90138
1.3,2.79154
1.32,2.74421
1.34,2.75695
1.36,2.82134
1.38,2.91954
1.4,3.02081
1.42,3.08393
1.44,3.07169
1.46,2.97161
1.48,2.80368
1.5,2.60642
1.52,2.41635
1.54,2.25745
1.56,2.14161
1.58,2.07308
1.6,2.05231
1.62,2.07753
1.64,2.14386
1.66,2.24037
1.68,2.34621
1.7,2.42968
1.72,2.45631
1.74,2.40583
1.76,2.28504
1.78,2.12261
1.8,1.95169
1.82,1.79679
1.84,1.67113
1.86,1.57987
1.88,1.52406
1.9,1.50327
1.92,1.51669
1.94,1.56284
1.96,1.63793
1.98,1.73294
2,1.83032
2.02,1.90375
2.04,1.92564
2.06,1.88153
2.08,1.77949
2.1,1.64425
2.12,1.50271
2.14,1.37396
2.16,1.26786
2.18,1.18785
2.2,1.13426
2.22,1.10638
2.24,1.10347
2.26,1.12489
2.28,1.16939
2.3,1.23352
2.32,1.30917
2.34,1.38133
2.36,1.42917
2.38,1.43339
2.4,1.3872
2.42,1.30081
2.44,1.19437
2.46,1.08706
2.48,0.991341
2.5,0.913061
2.52,0.853895
2.54,0.813614
2.56,0.791455
2.58,0.786704
2.6,0.798679
2.62,0.826155
2.64,0.866165
2.66,0.912309
2.68,0.953552
2.7,0.975744
2.72,0.967403
2.74,0.926585
2.76,0.862058
2.78,0.787428
2.8,0.714397
2.82,0.649988
2.84,0.597166
2.86,0.556505
2.88,0.527507
2.9,0.509311
2.92,0.500851
2.94,0.500598
2.96,0.505953
2.98,0.512628
3,0.514772
3.02,0.506744
3.04,0.486022
3.06,0.454664
3.08,0.417674
3.1,0.380058
3.12,0.345094
3.14,0.314239
3.16,0.287738
3.18,0.265241
3.2,0.246192
3.22,0.230019
3.24,0.216217
3.26,0.204368
3.28,0.194136
3.3,0.18526
3.32,0.177536
3.34,0.170807
3.36,0.164948
3.38,0.159848
3.4,0.155386
3.42,0.151401
3.44,0.147674
3.46,0.143951
3.48,0.140031
3.5,0.135863
3.52,0.131558
3.54,0.127291
3.56,0.123212
3.58,0.119399
3.6,0.115872
3.62,0.11262
3.64,0.109616
3.66,0.10683
3.68,0.104234
3.7,0.101805
3.72,0.0995208
3.74,0.0973657
3.76,0.0953252
3.78,0.0933879
3.8,0.0915441
3.82,0.0897861
3.84,0.0881072
3.86,0.086502
3.88,0.0849658
3.9,0.0834946
3.92,0.0820836
3.94,0.0807271
3.96,0.0794169
3.98,0.0781422
4,0.0768918
