0,15.7274
0.02,18.5052
0.04,21.6007
0.06,24.7625
0.08,27.5276
0.1,29.3018
0.12,29.6251
0.14,28.4655
0.16,26.2469
0.18,23.5796
0.2,20.9745
0.22,18.7347
0.24,16.9883
0.26,15.7599
0.28,15.022
0.3,14.7158
0.32,14.7457
0.34,14.9592
0.36,15.1387
0.38,15.0446
0.4,14.5182
0.42,13.5704
0.44,12.3612
0.46,11.0923
0.48,9.91759
0.5,8.91926
0.52,8.12582
0.54,7.53743
0.56,7.14393
0.58,6.93416
0.6,6.89847
0.62,7.02599
0.64,7.29623
0.66,7.66501
0.68,8.04913
0.7,8.32545
0.72,8.36568
0.74,8.10249
0.76,7.57214
0.78,6.88693
0.8,6.16808
0.82,5.50029
0.84,4.92519
0.86,4.45453
0.88,4.08498
0.9,3.80798
0.92,3.61492
0.94,3.49945
0.96,3.45828
0.98,3.49108
1,3.59972
1.02,3.7863
1.04,4.04902
1.06,4.3748
1.08,4.7288
1.1,5.04641
1.12,5.241
1.14,5.23864
1.16,5.02238
1.18,4.64348
1.2,4.1869
1.22,3.72775
1.24,3.31164
1.26,2.95754
1.28,2.66814
1.3,2.43876
1.32,2.26253
1.34,2.13306
1.36,2.04542
1.38,1.9965
1.4,1.98508
1.42,2.01172
1.44,2.07857
1.46,2.18887
1.48,2.34575
1.5,2.54971
1.52,2.79379
1.54,3.0566
1.56,3.29642
1.58,3.45501
1.6,3.47981
1.62,3.35489
1.64,3.11185
1.66,2.80835
1.68,2.49752
1.7,2.21273
1.72,1.96842
1.74,1.76717
1.76,1.60594
1.78,1.47993
1.8,1.38444
1.82,1.31563
1.84,1.27082
1.86,1.24848
1.88,1.24821
1.9,1.27071
1.92,1.31764
1.94,1.39143
1.96,1.49464
1.98,1.62862
2,1.79077
2.02,1.97021
2.04,2.14314
2.06,2.27277
2.08,2.32053
2.1,2.26689
2.12,2.12448
2.14,1.92929
2.16,1.71962
2.18,1.52206
2.2,1.34961
2.22,1.2058
2.24,1.08935
2.26,0.997168
2.28,0.925944
2.3,0.872859
2.32,0.835803
2.34,0.813427
2.36,0.80512
2.38,0.81097
2.4,0.831703
2.42,0.868559
2.44,0.922969
2.46,0.995839
2.48,1.08609
2.5,1.18824
2.52,1.28957
2.54,1.36938
2.56,1.40435
2.58,1.38039
2.6,1.30193
2.62,1.18874
2.64,1.06391
2.66,0.944422
2.68,0.839099
2.7,0.750743
2.72,0.678947
2.74,0.622046
2.76,0.578169
2.78,0.545709
2.8,0.523488
2.82,0.510769
2.84,0.507183
2.86,0.512554
2.88,0.526549
2.9,0.548043
2.92,0.574162
2.94,0.599343
2.96,0.615519
2.98,0.614746
3,0.593554
3.02,0.555196
3.04,0.5073
3.06,0.457508
3.08,0.410878
3.1,0.369719
3.12,0.334505
3.14,0.304796
3.16,0.279823
3.18,0.258779
3.2,0.240946
3.22,0.225722
3.24,0.212622
3.26,0.201261
3.28,0.191338
3.3,0.182613
3.32,0.174902
3.34,0.16806
3.36,0.161976
3.38,0.156562
3.4,0.151755
3.42,0.147499
3.44,0.143742
3.46,0.140413
3.48,0.137401
3.5,0.134536
3.52,0.131612
3.54,0.128457
3.56,0.125028
3.58,0.121424
3.6,0.117808
3.62,0.114319
3.64,0.111037
3.66,0.107987
3.68,0.105162
3.7,0.102542
3.72,0.100102
3.74,0.0978206
3.76,0.0956767
3.78,0.0936534
3.8,0.0917364
3.82,0.089914
3.84,0.0881764
3.86,0.0865153
3.88,0.0849238
3.9,0.083396
3.92,0.0819268
3.94,0.0805117
3.96,0.0791469
3.98,0.0778291
4,0.0765552
