0,21.7525
0.02,26.3371
0.04,31.496
0.06,36.5633
0.08,40.3438
0.1,41.5849
0.12,39.9039
0.14,36.1455
0.16,31.6729
0.18,27.5364
0.2,24.2474
0.22,21.9454
0.24,20.5938
0.26,20.076
0.28,20.1941
0.3,20.616
0.32,20.8648
0.34,20.4735
0.36,19.2634
0.38,17.455
0.4,15.4669
0.42,13.6466
0.44,12.1704
0.46,11.0831
0.48,10.3648
0.5,9.97668
0.52,9.87383
0.54,9.98734
0.56,10.1906
0.58,10.2989
0.6,10.1531
0.62,9.7384
0.64,9.18867
0.66,8.6626
0.68,8.23861
0.7,7.90257
0.72,7.60376
0.74,7.32543
0.76,7.10295
0.78,6.97607
0.8,6.93312
0.82,6.8929
0.84,6.74285
0.86,6.42356
0.88,5.98032
0.9,5.51989
0.92,5.13621
0.94,4.88073
0.96,4.77058
0.98,4.80022
1,4.94057
1.02,5.12711
1.04,5.25657
1.06,5.22495
1.08,4.99948
1.1,4.64472
1.12,4.26615
1.14,3.94583
1.16,3.72543
1.18,3.61876
1.2,3.62499
1.22,3.73141
1.24,3.90536
1.26,4.08249
1.28,4.17302
1.3,4.10721
1.32,3.88976
1.34,3.59414
1.36,3.30486
1.38,3.07739
1.4,2.9363
1.42,2.88792
1.44,2.92852
1.46,3.04326
1.48,3.19731
1.5,3.32858
1.52,3.36301
1.54,3.26025
1.56,3.04674
1.58,2.79114
1.6,2.55613
1.62,2.37715
1.64,2.26774
1.66,2.23049
1.68,2.26307
1.7,2.35749
1.72,2.49325
1.74,2.62856
1.76,2.70314
1.78,2.66791
1.8,2.52296
1.82,2.31648
1.84,2.10598
1.86,1.92958
1.88,1.80396
1.9,1.7336
1.92,1.71841
1.94,1.75692
1.96,1.84502
1.98,1.97051
2,2.10487
2.02,2.20073
2.04,2.2098
2.06,2.11737
2.08,1.95491
2.1,1.77298
2.12,1.61043
2.14,1.48642
2.16,1.40694
2.18,1.37242
2.2,1.38175
2.22,1.43279
2.24,1.51946
2.26,1.62574
2.28,1.72019
2.3,1.76128
2.32,1.72134
2.34,1.60913
2.36,1.4615
2.38,1.31568
2.4,1.19381
2.42,1.10435
2.44,1.04865
2.46,1.02585
2.48,1.03489
2.5,1.07439
2.52,1.14033
2.54,1.22151
2.56,1.29508
2.58,1.32971
2.6,1.30283
2.62,1.21891
2.64,1.10505
2.66,0.990046
2.68,0.89153
2.7,0.816342
2.72,0.765501
2.74,0.738039
2.76,0.73271
2.78,0.748033
2.8,0.780839
2.82,0.823428
2.84,0.860943
2.86,0.873858
2.88,0.849076
2.9,0.790506
2.92,0.715189
2.94,0.640342
2.96,0.5761
2.98,0.526083
3,0.490324
3.02,0.467216
3.04,0.453965
3.06,0.446101
3.08,0.437314
3.1,0.421443
3.12,0.39623
3.14,0.364601
3.16,0.331617
3.18,0.301059
3.2,0.274549
3.22,0.252238
3.24,0.233641
3.26,0.218116
3.28,0.205065
3.3,0.194001
3.32,0.184545
3.34,0.176411
3.36,0.16939
3.38,0.16333
3.4,0.158116
3.42,0.153649
3.44,0.1498
3.46,0.146357
3.48,0.142997
3.5,0.139377
3.52,0.135339
3.54,0.131017
3.56,0.126691
3.58,0.122582
3.6,0.118792
3.62,0.115334
3.64,0.112177
3.66,0.109282
3.68,0.10661
3.7,0.10413
3.72,0.101816
3.74,0.0996482
3.76,0.0976115
3.78,0.0956948
3.8,0.0938892
3.82,0.0921855
3.84,0.0905705
3.86,0.0890218
3.88,0.0875067
3.9,0.0859935
3.92,0.0844716
3.94,0.082957
3.96,0.0814756
3.98,0.0800453
4,0.078673
