0,21.7448
0.02,26.3322
0.04,31.5007
0.06,36.5886
0.08,40.4003
0.1,41.6698
0.12,39.9925
0.14,36.1999
0.16,31.6588
0.18,27.4298
0.2,24.0311
0.22,21.6071
0.24,20.1323
0.26,19.5216
0.28,19.6478
0.3,20.2887
0.32,21.0478
0.34,21.365
0.36,20.7619
0.38,19.1841
0.4,17.0183
0.42,14.7559
0.44,12.7227
0.46,11.0471
0.48,9.73904
0.5,8.76229
0.52,8.07363
0.54,7.63892
0.56,7.43815
0.58,7.46567
0.6,7.72757
0.62,8.23419
0.64,8.98209
0.66,9.91739
0.68,10.8825
0.7,11.5916
0.72,11.7281
0.74,11.1657
0.76,10.0771
0.78,8.78077
0.8,7.53213
0.82,6.45491
0.84,5.5775
0.86,4.8837
0.88,4.34415
0.9,3.93025
0.92,3.61882
0.94,3.39281
0.96,3.24083
0.98,3.15647
1,3.13786
1.02,3.18749
1.04,3.31234
1.06,3.52397
1.08,3.83809
1.1,4.27196
1.12,4.8365
1.14,5.51786
1.16,6.24579
1.18,6.86532
1.2,7.16627
1.22,7.00899
1.24,6.44244
1.26,5.65958
1.28,4.85234
1.3,4.1313
1.32,3.53307
1.34,3.05448
1.36,2.67799
1.38,2.38409
1.4,2.15592
1.42,1.98025
1.44,1.84734
1.46,1.7503
1.48,1.68463
1.5,1.64782
1.52,1.63917
1.54,1.6597
1.56,1.71227
1.58,1.80185
1.6,1.93574
1.62,2.12373
1.64,2.37748
1.66,2.70781
1.68,3.11726
1.7,3.58461
1.72,4.04314
1.74,4.37354
1.76,4.45027
1.78,4.23335
1.8,3.80411
1.82,3.29518
1.84,2.80775
1.86,2.38885
1.88,2.04807
1.9,1.77801
1.92,1.56641
1.94,1.40149
1.96,1.27355
1.98,1.17518
2,1.10099
2.02,1.04721
2.04,1.01144
2.06,0.992387
2.08,0.989808
2.1,1.00447
2.12,1.03824
2.14,1.09421
2.16,1.1769
2.18,1.29226
2.2,1.44722
2.22,1.64785
2.24,1.89442
2.26,2.1716
2.28,2.43579
2.3,2.61377
2.32,2.63524
2.34,2.48651
2.36,2.22281
2.38,1.92196
2.4,1.63923
2.42,1.39863
2.44,1.20385
2.46,1.04987
2.48,0.929467
2.5,0.835869
2.52,0.763627
2.54,0.70865
2.56,0.668034
2.58,0.639865
2.6,0.623066
2.62,0.617313
2.64,0.623003
2.66,0.641277
2.68,0.674047
2.7,0.723941
2.72,0.793919
2.74,0.886062
2.76,0.998657
2.78,1.12098
2.8,1.2281
2.82,1.28436
2.84,1.26343
2.86,1.17015
2.88,1.03599
2.9,0.89468
2.92,0.766597
2.94,0.65899
2.96,0.571735
2.98,0.501908
3,0.446099
3.02,0.401286
3.04,0.365055
3.06,0.335557
3.08,0.311419
3.1,0.291634
3.12,0.275486
3.14,0.262484
3.16,0.252321
3.18,0.244831
3.2,0.239931
3.22,0.237504
3.24,0.237162
3.26,0.237876
3.28,0.237714
3.3,0.234311
3.32,0.226339
3.34,0.214588
3.36,0.201201
3.38,0.188107
3.4,0.176322
3.42,0.16612
3.44,0.157398
3.46,0.149929
3.48,0.143476
3.5,0.137839
3.52,0.132856
3.54,0.128402
3.56,0.124379
3.58,0.120713
3.6,0.117346
3.62,0.114232
3.64,0.111336
3.66,0.108628
3.68,0.106085
3.7,0.103688
3.72,0.10142
3.74,0.0992679
3.76,0.0972208
3.78,0.0952688
3.8,0.0934034
3.82,0.0916176
3.84,0.0899049
3.86,0.0882599
3.88,0.0866776
3.9,0.0851536
3.92,0.0836842
3.94,0.0822657
3.96,0.0808951
3.98,0.0795695
4,0.0782863
