0,23.232
0.02,23.5448
0.04,22.9412
0.06,22.0711
0.08,21.5389
0.1,21.7144
0.12,22.7575
0.14,24.6579
0.16,27.1862
0.18,29.776
0.2,31.5217
0.22,31.5656
0.24,29.7306
0.26,26.66
0.28,23.2665
0.3,20.1985
0.32,17.7306
0.34,15.8854
0.36,14.5664
0.38,13.6542
0.4,13.074
0.42,12.8079
0.44,12.8383
0.46,13.0689
0.48,13.2807
0.5,13.1878
0.52,12.6162
0.54,11.6446
0.56,10.5242
0.58,9.49332
0.6,8.68777
0.62,8.15686
0.64,7.90361
0.66,7.90523
0.68,8.10679
0.7,8.39644
0.72,8.59468
0.74,8.51383
0.76,8.08296
0.78,7.40243
0.8,6.65167
0.82,5.97309
0.84,5.43744
0.86,5.06572
0.88,4.85741
0.9,4.80642
0.92,4.90438
0.94,5.13287
0.96,5.44488
0.98,5.74422
1,5.89383
1.02,5.78563
1.04,5.42521
1.06,4.92423
1.08,4.41095
1.1,3.96759
1.12,3.62758
1.14,3.39704
1.16,3.27266
1.18,3.25099
1.2,3.3311
1.22,3.51241
1.24,3.78658
1.26,4.12166
1.28,4.44341
1.3,4.63751
1.32,4.60405
1.34,4.33505
1.36,3.92044
1.38,3.4741
1.4,3.07278
1.42,2.74869
1.44,2.50713
1.46,2.34304
1.48,2.24998
1.5,2.2239
1.52,2.26404
1.54,2.37204
1.56,2.54858
1.58,2.78574
1.6,3.05395
1.62,3.28959
1.64,3.405
1.66,3.33863
1.68,3.10587
1.7,2.78456
1.72,2.45539
1.74,2.16647
1.76,1.93505
1.78,1.76169
1.8,1.64114
1.82,1.56789
1.84,1.53838
1.86,1.55162
1.88,1.60911
1.9,1.71399
1.92,1.86864
1.94,2.06916
1.96,2.29546
1.98,2.50069
2,2.61596
2.02,2.58712
2.04,2.41868
2.06,2.16942
2.08,1.90586
2.1,1.66992
2.12,1.47767
2.14,1.33042
2.16,1.22393
2.18,1.15326
2.2,1.11471
2.22,1.1065
2.24,1.12874
2.26,1.18315
2.28,1.27201
2.3,1.39563
2.32,1.54707
2.34,1.70411
2.36,1.82486
2.38,1.86097
2.4,1.79062
2.42,1.63755
2.44,1.45003
2.46,1.26836
2.48,1.11297
2.5,0.989389
2.52,0.896052
2.54,0.829364
2.56,0.786014
2.58,0.763814
2.6,0.761882
2.62,0.780536
2.64,0.820832
2.66,0.883404
2.68,0.965884
2.7,1.05843
2.72,1.13943
2.74,1.1788
2.76,1.15506
2.78,1.07312
2.8,0.959607
2.82,0.842424
2.84,0.738278
2.86,0.653161
2.88,0.587204
2.9,0.538444
2.92,0.504715
2.94,0.484317
2.96,0.476028
2.98,0.478615
3,0.48976
3.02,0.504469
3.04,0.514187
3.06,0.509299
3.08,0.485376
3.1,0.446699
3.12,0.402202
3.14,0.359297
3.16,0.321634
3.18,0.290041
3.2,0.263996
3.22,0.242565
3.24,0.224822
3.26,0.209984
3.28,0.197434
3.3,0.186698
3.32,0.177414
3.34,0.169308
3.36,0.162171
3.38,0.155845
3.4,0.150208
3.42,0.145171
3.44,0.140668
3.46,0.136653
3.48,0.133095
3.5,0.129971
3.52,0.127249
3.54,0.124856
3.56,0.122638
3.58,0.120349
3.6,0.117742
3.62,0.114738
3.64,0.111485
3.66,0.108215
3.68,0.1051
3.7,0.102214
3.72,0.0995631
3.74,0.0971259
3.76,0.0948725
3.78,0.092775
3.8,0.0908099
3.82,0.0889582
3.84,0.0872047
3.86,0.0855375
3.88,0.0839468
3.9,0.0824247
3.92,0.0809648
3.94,0.0795617
3.96,0.0782107
3.98,0.0769081
4,0.0756504
