0,23.412
0.02,23.7307
0.04,23.0435
0.06,22.0031
0.08,21.2392
0.1,21.1471
0.12,21.9149
0.14,23.5919
0.16,26.0779
0.18,29.0111
0.2,31.6399
0.22,32.9377
0.24,32.1735
0.26,29.4986
0.28,25.7891
0.3,21.9623
0.32,18.5639
0.34,15.7835
0.36,13.6158
0.38,11.9851
0.4,10.8075
0.42,10.0156
0.44,9.56493
0.46,9.43329
0.48,9.61765
0.5,10.1257
0.52,10.9572
0.54,12.0637
0.56,13.2842
0.58,14.2937
0.6,14.6755
0.62,14.1782
0.64,12.9264
0.66,11.3045
0.68,9.67395
0.7,8.23394
0.72,7.04514
0.74,6.0964
0.76,5.35183
0.78,4.77328
0.8,4.32844
0.82,3.99258
0.84,3.74807
0.86,3.58337
0.88,3.49225
0.9,3.47329
0.92,3.52975
0.94,3.66976
0.96,3.90652
0.98,4.25777
1,4.74303
1.02,5.37479
1.04,6.13805
1.06,6.95488
1.08,7.65237
1.1,7.99462
1.12,7.82298
1.14,7.18995
1.16,6.31123
1.18,5.40304
1.2,4.59059
1.22,3.91565
1.24,3.37494
1.26,2.94877
1.28,2.61513
1.3,2.35493
1.32,2.15316
1.34,1.99865
1.36,1.8834
1.38,1.80203
1.4,1.7513
1.42,1.72984
1.44,1.73808
1.46,1.77824
1.48,1.8546
1.5,1.97376
1.52,2.14494
1.54,2.37983
1.56,2.69104
1.58,3.08718
1.6,3.5609
1.62,4.06795
1.64,4.50722
1.66,4.73721
1.68,4.65823
1.7,4.29592
1.72,3.77798
1.74,3.2365
1.76,2.7497
1.78,2.34463
1.8,2.02018
1.82,1.76477
1.84,1.56516
1.86,1.40979
1.88,1.28955
1.9,1.19764
1.92,1.12918
1.94,1.08087
1.96,1.05072
1.98,1.03783
2,1.04239
2.02,1.06565
2.04,1.11006
2.06,1.17945
2.08,1.27917
2.1,1.41605
2.12,1.59756
2.14,1.829
2.16,2.10672
2.18,2.40598
2.2,2.66878
2.22,2.81201
2.24,2.77433
2.26,2.56711
2.28,2.26406
2.3,1.94407
2.32,1.65495
2.34,1.41378
2.36,1.22041
2.38,1.0682
2.4,0.949356
2.42,0.857039
2.44,0.78587
2.46,0.73186
2.48,0.692203
2.5,0.66507
2.52,0.64946
2.54,0.645115
2.56,0.652504
2.58,0.672858
2.6,0.708227
2.62,0.761497
2.64,0.836157
2.66,0.935397
2.68,1.05967
2.7,1.20172
2.72,1.33979
2.74,1.43595
2.76,1.45159
2.78,1.37613
2.8,1.23642
2.82,1.07382
2.84,0.919063
2.86,0.786029
2.88,0.677283
2.9,0.590332
2.92,0.5213
2.94,0.466492
2.96,0.422879
2.98,0.388143
3,0.360583
3.02,0.339003
3.04,0.322614
3.06,0.310958
3.08,0.303835
3.1,0.301193
3.12,0.302907
3.14,0.30832
3.16,0.315508
3.18,0.320718
3.2,0.319214
3.22,0.308189
3.24,0.289075
3.26,0.266168
3.28,0.243459
3.3,0.223114
3.32,0.205756
3.34,0.191218
3.36,0.179064
3.38,0.168831
3.4,0.160121
3.42,0.152615
3.44,0.146067
3.46,0.140289
3.48,0.135136
3.5,0.130497
3.52,0.126284
3.54,0.122432
3.56,0.118885
3.58,0.115601
3.6,0.112545
3.62,0.109688
3.64,0.107007
3.66,0.104482
3.68,0.102096
3.7,0.0998361
3.72,0.0976892
3.74,0.0956453
3.76,0.0936954
3.78,0.0918317
3.8,0.0900474
3.82,0.0883363
3.84,0.0866932
3.86,0.0851132
3.88,0.0835921
3.9,0.0821261
3.92,0.0807116
3.94,0.0793457
3.96,0.0780253
3.98,0.0767481
4,0.0755116
