0,9.90437
0.02,9.68158
0.04,8.94102
0.06,7.98397
0.08,7.06755
0.1,6.32736
0.12,5.80684
0.14,5.50649
0.16,5.41624
0.18,5.53105
0.2,5.85712
0.22,6.41344
0.24,7.22951
0.26,8.33582
0.28,9.73844
0.3,11.3663
0.32,12.9954
0.34,14.2168
0.36,14.5851
0.38,13.9343
0.4,12.5214
0.42,10.7986
0.44,9.12234
0.46,7.66751
0.48,6.48047
0.5,5.54582
0.52,4.8272
0.54,4.28694
0.56,3.89377
0.58,3.62495
0.6,3.46611
0.62,3.4105
0.64,3.45787
0.66,3.61274
0.68,3.88025
0.7,4.25664
0.72,4.71125
0.74,5.16428
0.76,5.48623
0.78,5.55572
0.8,5.34605
0.82,4.93456
0.84,4.42607
0.86,3.89823
0.88,3.40179
0.9,2.96895
0.92,2.61408
0.94,2.33729
0.96,2.13153
0.98,1.98844
1,1.90144
1.02,1.86688
1.04,1.88425
1.06,1.9557
1.08,2.08453
1.1,2.27143
1.12,2.50661
1.14,2.75812
1.16,2.9658
1.18,3.06083
1.2,3.012
1.22,2.84803
1.24,2.62353
1.26,2.37739
1.28,2.12913
1.3,1.89425
1.32,1.688
1.34,1.52018
1.36,1.39349
1.38,1.30642
1.4,1.25647
1.42,1.24207
1.44,1.26332
1.46,1.32184
1.48,1.41961
1.5,1.55577
1.52,1.72032
1.54,1.88541
1.56,2.00293
1.58,2.02357
1.6,1.93307
1.62,1.76498
1.64,1.5721
1.66,1.39442
1.68,1.2509
1.7,1.14616
1.72,1.07806
1.74,1.04156
1.76,1.02919
1.78,1.03066
1.8,1.03482
1.82,1.03596
1.84,1.0385
1.86,1.05353
1.88,1.09087
1.9,1.1532
1.92,1.23205
1.94,1.30473
1.96,1.33866
1.98,1.30976
2,1.2219
2.02,1.10279
2.04,0.982234
2.06,0.87848
2.08,0.798493
2.1,0.743109
2.12,0.711133
2.14,0.7014
2.16,0.713423
2.18,0.747063
2.2,0.801086
2.22,0.870178
2.24,0.940893
2.26,0.990542
2.28,0.996139
2.3,0.951152
2.32,0.871186
2.34,0.780635
2.36,0.697914
2.38,0.6318
2.4,0.584659
2.42,0.556167
2.44,0.545461
2.46,0.551881
2.48,0.574678
2.5,0.61165
2.52,0.656631
2.54,0.697086
2.56,0.715965
2.58,0.701262
2.6,0.6558
2.62,0.594523
2.64,0.533079
2.66,0.480983
2.68,0.441937
2.7,0.41654
2.72,0.404311
2.74,0.404524
2.76,0.416035
2.78,0.436196
2.8,0.459149
2.82,0.475129
2.84,0.473828
2.86,0.451489
2.88,0.413978
2.9,0.371554
2.92,0.3323
2.94,0.300162
2.96,0.276167
2.98,0.259929
3,0.250399
3.02,0.245836
3.04,0.243408
3.06,0.239249
3.08,0.22997
3.1,0.214899
3.12,0.196316
3.14,0.177311
3.16,0.159959
3.18,0.145055
3.2,0.132601
3.22,0.122279
3.24,0.113711
3.26,0.106556
3.28,0.100538
3.3,0.0954502
3.32,0.0911365
3.34,0.0874839
3.36,0.0844053
3.38,0.0818169
3.4,0.0796055
3.42,0.0775933
3.44,0.075545
3.46,0.0732687
3.48,0.070743
3.5,0.0681123
3.52,0.0655527
3.54,0.0631736
3.56,0.0610107
3.58,0.0590563
3.6,0.0572867
3.62,0.0556759
3.64,0.0542012
3.66,0.0528442
3.68,0.0515908
3.7,0.0504301
3.72,0.0493524
3.74,0.0483464
3.76,0.047395
3.78,0.046474
3.8,0.0455578
3.82,0.0446348
3.84,0.0437135
3.86,0.0428123
3.88,0.0419455
3.9,0.041119
3.92,0.0403325
3.94,0.0395831
3.96,0.0388673
3.98,0.0381816
4,0.037523
