0,9.90434
0.02,9.68165
0.04,8.94115
0.06,7.9841
0.08,7.06766
0.1,6.32744
0.12,5.80689
0.14,5.50649
0.16,5.4162
0.18,5.53098
0.2,5.85701
0.22,6.41327
0.24,7.22928
0.26,8.33554
0.28,9.73813
0.3,11.3661
0.32,12.9953
0.34,14.217
0.36,14.5855
0.38,13.9346
0.4,12.5215
0.42,10.7987
0.44,9.12279
0.46,7.66826
0.48,6.48133
0.5,5.54658
0.52,4.82774
0.54,4.28721
0.56,3.89374
0.58,3.62461
0.6,3.46545
0.62,3.40947
0.64,3.45647
0.66,3.61105
0.68,3.8786
0.7,4.25586
0.72,4.71293
0.74,5.17002
0.76,5.49502
0.78,5.56087
0.8,5.3388
0.82,4.91504
0.84,4.4069
0.86,3.89265
0.88,3.41175
0.9,2.98743
0.92,2.63336
0.94,2.35276
0.96,2.14132
0.98,1.992
1,1.89854
1.02,1.85721
1.04,1.86726
1.06,1.93088
1.08,2.05223
1.1,2.23475
1.12,2.47477
1.14,2.74977
1.16,3.00489
1.18,3.15638
1.2,3.13386
1.22,2.93642
1.24,2.6331
1.26,2.30712
1.28,2.01303
1.3,1.77282
1.32,1.58924
1.34,1.45756
1.36,1.3719
1.38,1.32766
1.4,1.32187
1.42,1.35217
1.44,1.41423
1.46,1.49757
1.48,1.58228
1.5,1.64376
1.52,1.6689
1.54,1.66868
1.56,1.66892
1.58,1.68869
1.6,1.72591
1.62,1.75489
1.64,1.73866
1.66,1.65572
1.68,1.51836
1.7,1.36021
1.72,1.21151
1.74,1.08834
1.76,0.995511
1.78,0.93248
1.8,0.897392
1.82,0.888972
1.84,0.907144
1.86,0.952823
1.88,1.02675
1.9,1.12663
1.92,1.24201
1.94,1.34853
1.96,1.40992
1.98,1.3968
2,1.31021
2.02,1.1805
2.04,1.04307
2.06,0.920712
2.08,0.822514
2.1,0.749658
2.12,0.700381
2.14,0.67262
2.16,0.665071
2.18,0.677397
2.2,0.709858
2.22,0.762134
2.24,0.830829
2.26,0.905617
2.28,0.966725
2.3,0.990528
2.32,0.965195
2.34,0.901057
2.36,0.821436
2.38,0.746192
2.4,0.684483
2.42,0.636337
2.44,0.597217
2.46,0.563103
2.48,0.533796
2.5,0.51224
2.52,0.501839
2.54,0.50496
2.56,0.522735
2.58,0.554711
2.6,0.597308
2.62,0.641345
2.64,0.671418
2.66,0.671972
2.68,0.638553
2.7,0.581555
2.72,0.51721
2.74,0.45769
2.76,0.408666
2.78,0.371476
2.8,0.345611
2.82,0.330166
2.84,0.324404
2.86,0.327741
2.88,0.339237
2.9,0.356501
2.92,0.374291
2.94,0.384358
2.96,0.378923
2.98,0.356372
3,0.322474
3.02,0.285378
3.04,0.250832
3.06,0.221281
3.08,0.197042
3.1,0.177531
3.12,0.16195
3.14,0.149568
3.16,0.139801
3.18,0.132205
3.2,0.12641
3.22,0.122027
3.24,0.118509
3.26,0.115099
3.28,0.111032
3.3,0.105986
3.32,0.100268
3.34,0.0944746
3.36,0.0890679
3.38,0.0842487
3.4,0.080035
3.42,0.0763628
3.44,0.0731477
3.46,0.0703102
3.48,0.0677848
3.5,0.0655197
3.52,0.0634751
3.54,0.0616214
3.56,0.0599366
3.58,0.058405
3.6,0.0570141
3.62,0.0557508
3.64,0.0545942
3.66,0.0535062
3.68,0.0524296
3.7,0.0513087
3.72,0.0501263
3.74,0.0489135
3.76,0.0477193
3.78,0.0465787
3.8,0.0455056
3.82,0.0445001
3.84,0.043556
3.86,0.0426662
3.88,0.0418236
3.9,0.0410224
3.92,0.0402578
3.94,0.039526
3.96,0.0388237
3.98,0.0381483
4,0.0374977
