0,4.48872
0.02,4.89184
0.04,5.32118
0.06,5.76974
0.08,6.22634
0.1,6.67504
0.12,7.0953
0.14,7.46319
0.16,7.75405
0.18,7.94626
0.2,8.02543
0.22,7.9875
0.24,7.83977
0.26,7.59933
0.28,7.28962
0.3,6.93619
0.32,6.56319
0.34,6.19103
0.36,5.83543
0.38,5.50745
0.4,5.21416
0.42,4.95945
0.44,4.74487
0.46,4.57025
0.48,4.4341
0.5,4.33384
0.52,4.26578
0.54,4.22505
0.56,4.20542
0.58,4.19922
0.6,4.19751
0.62,4.19061
0.64,4.16907
0.66,4.12497
0.68,4.05321
0.7,3.95242
0.72,3.82503
0.74,3.67656
0.76,3.51437
0.78,3.34629
0.8,3.17956
0.82,3.0201
0.84,2.87238
0.86,2.73942
0.88,2.62304
0.9,2.52411
0.92,2.44281
0.94,2.37877
0.96,2.33115
0.98,2.29867
1,2.27952
1.02,2.27131
1.04,2.27094
1.06,2.27461
1.08,2.27795
1.1,2.27636
1.12,2.26553
1.14,2.24215
1.16,2.20447
1.18,2.1526
1.2,2.08845
1.22,2.01524
1.24,1.93686
1.26,1.85722
1.28,1.77977
1.3,1.70728
1.32,1.64178
1.34,1.5846
1.36,1.53649
1.38,1.49775
1.4,1.46827
1.42,1.44764
1.44,1.43505
1.46,1.42937
1.48,1.429
1.5,1.43195
1.52,1.43578
1.54,1.43785
1.56,1.43553
1.58,1.42657
1.6,1.40956
1.62,1.3841
1.64,1.35095
1.66,1.31174
1.68,1.26872
1.7,1.22427
1.72,1.18063
1.74,1.13965
1.76,1.10272
1.78,1.07078
1.8,1.04437
1.82,1.02364
1.84,1.00842
1.86,0.998257
1.88,0.992357
1.9,0.98963
1.92,0.988689
1.94,0.987927
1.96,0.985655
1.98,0.980326
2,0.970777
2.02,0.956449
2.04,0.937475
2.06,0.914633
2.08,0.889155
2.1,0.86248
2.12,0.836024
2.14,0.811006
2.16,0.788363
2.18,0.768712
2.2,0.752356
2.22,0.739299
2.24,0.729261
2.26,0.7217
2.28,0.715835
2.3,0.710709
2.32,0.705283
2.34,0.698575
2.36,0.689823
2.38,0.678624
2.4,0.665004
2.42,0.649386
2.44,0.632485
2.46,0.615141
2.48,0.598165
2.5,0.582219
2.52,0.567743
2.54,0.554927
2.56,0.543712
2.58,0.533817
2.6,0.52479
2.62,0.51608
2.64,0.507136
2.66,0.497506
2.68,0.486927
2.7,0.475365
2.72,0.463001
2.74,0.45016
2.76,0.437219
2.78,0.42451
2.8,0.412251
2.82,0.400521
2.84,0.389255
2.86,0.378286
2.88,0.367397
2.9,0.356384
2.92,0.345115
2.94,0.333555
2.96,0.321763
2.98,0.309865
3,0.298005
3.02,0.286314
3.04,0.27488
3.06,0.26375
3.08,0.252943
3.1,0.242464
3.12,0.232323
3.14,0.222544
3.16,0.21316
3.18,0.204211
3.2,0.19573
3.22,0.187741
3.24,0.180254
3.26,0.173265
3.28,0.166758
3.3,0.160708
3.32,0.155082
3.34,0.149845
3.36,0.14496
3.38,0.14039
3.4,0.1361
3.42,0.132057
3.44,0.128236
3.46,0.124614
3.48,0.121176
3.5,0.117908
3.52,0.114802
3.54,0.111848
3.56,0.10904
3.58,0.106369
3.6,0.103827
3.62,0.101404
3.64,0.0990933
3.66,0.0968846
3.68,0.0947699
3.7,0.0927418
3.72,0.0907937
3.74,0.0889204
3.76,0.0871175
3.78,0.0853814
3.8,0.083709
3.82,0.0820977
3.84,0.0805447
3.86,0.0790473
3.88,0.0776029
3.9,0.0762089
3.92,0.0748627
3.94,0.0735619
3.96,0.0723041
3.98,0.0710869
4,0.0699083
