0,4.48869
0.02,4.89181
0.04,5.32115
0.06,5.76971
0.08,6.22631
0.1,6.67502
0.12,7.09528
0.14,7.46318
0.16,7.75404
0.18,7.94627
0.2,8.02544
0.22,7.98752
0.24,7.83979
0.26,7.59937
0.28,7.28966
0.3,6.93623
0.32,6.56323
0.34,6.19107
0.36,5.83547
0.38,5.50749
0.4,5.21419
0.42,4.95947
0.44,4.74489
0.46,4.57027
0.48,4.43411
0.5,4.33384
0.52,4.26578
0.54,4.22504
0.56,4.2054
0.58,4.19919
0.6,4.19748
0.62,4.19057
0.64,4.16902
0.66,4.12491
0.68,4.05315
0.7,3.95235
0.72,3.82496
0.74,3.67649
0.76,3.5143
0.78,3.34624
0.8,3.1795
0.82,3.02006
0.84,2.87234
0.86,2.73939
0.88,2.62301
0.9,2.5241
0.92,2.44281
0.94,2.37878
0.96,2.33118
0.98,2.29872
1,2.2796
1.02,2.27143
1.04,2.27109
1.06,2.2748
1.08,2.27818
1.1,2.2766
1.12,2.26578
1.14,2.24238
1.16,2.20467
1.18,2.15277
1.2,2.0886
1.22,2.0154
1.24,1.93706
1.26,1.85748
1.28,1.7801
1.3,1.70767
1.32,1.64221
1.34,1.58502
1.36,1.53685
1.38,1.49799
1.4,1.46836
1.42,1.44754
1.44,1.43477
1.46,1.42891
1.48,1.42842
1.5,1.4313
1.52,1.43514
1.54,1.43728
1.56,1.43506
1.58,1.42624
1.6,1.40936
1.62,1.38401
1.64,1.35092
1.66,1.31173
1.68,1.26869
1.7,1.22419
1.72,1.18046
1.74,1.13937
1.76,1.10233
1.78,1.07028
1.8,1.04376
1.82,1.02293
1.84,1.00765
1.86,0.997454
1.88,0.99159
1.9,0.988981
1.92,0.988254
1.94,0.987807
1.96,0.985938
1.98,0.981062
2,0.971957
2.02,0.957989
2.04,0.939226
2.06,0.916402
2.08,0.890742
2.1,0.863714
2.12,0.83678
2.14,0.811222
2.16,0.788032
2.18,0.767876
2.2,0.751097
2.22,0.737735
2.24,0.727544
2.26,0.720012
2.28,0.714389
2.3,0.709727
2.32,0.704975
2.34,0.699099
2.36,0.691247
2.38,0.680892
2.4,0.667924
2.42,0.652651
2.44,0.635698
2.46,0.617869
2.48,0.599985
2.5,0.582776
2.52,0.566801
2.54,0.552426
2.56,0.539817
2.58,0.528947
2.6,0.519599
2.62,0.511388
2.64,0.503792
2.66,0.496206
2.68,0.488035
2.7,0.478791
2.72,0.46819
2.74,0.456198
2.76,0.443026
2.78,0.429065
2.8,0.414794
2.82,0.400676
2.84,0.387088
2.86,0.374271
2.88,0.362317
2.9,0.351175
2.92,0.340672
2.94,0.330556
2.96,0.320545
2.98,0.310385
3,0.2999
3.02,0.289025
3.04,0.277807
3.06,0.266383
3.08,0.254942
3.1,0.24368
3.12,0.232772
3.14,0.222353
3.16,0.212513
3.18,0.2033
3.2,0.194726
3.22,0.186779
3.24,0.179429
3.26,0.172634
3.28,0.166343
3.3,0.160503
3.32,0.155063
3.34,0.149971
3.36,0.145182
3.38,0.14066
3.4,0.136375
3.42,0.132307
3.44,0.128441
3.46,0.124769
3.48,0.121282
3.5,0.117973
3.52,0.114835
3.54,0.111859
3.56,0.109035
3.58,0.106353
3.6,0.103804
3.62,0.101377
3.64,0.0990618
3.66,0.0968497
3.68,0.0947328
3.7,0.0927042
3.72,0.090758
3.74,0.0888891
3.76,0.087093
3.78,0.0853655
3.8,0.0837025
3.82,0.0821003
3.84,0.0805553
3.86,0.0790642
3.88,0.077624
3.9,0.0762322
3.92,0.0748863
3.94,0.0735842
3.96,0.0723239
3.98,0.0711036
4,0.0699215
