0,6.57266
0.02,6.37218
0.04,5.8021
0.06,5.06989
0.08,4.35155
0.1,3.73749
0.12,3.25256
0.14,2.8899
0.16,2.63286
0.18,2.46505
0.2,2.37393
0.22,2.35164
0.24,2.39498
0.26,2.50534
0.28,2.68885
0.3,2.95683
0.32,3.32643
0.34,3.82099
0.36,4.46901
0.38,5.2986
0.4,6.32176
0.42,7.49985
0.44,8.69113
0.46,9.62123
0.48,9.97093
0.5,9.59555
0.52,8.65202
0.54,7.45886
0.56,6.27918
0.58,5.24273
0.6,4.38243
0.62,3.68785
0.64,3.13533
0.66,2.6994
0.68,2.35701
0.7,2.08905
0.72,1.88057
0.74,1.72042
0.76,1.60059
0.78,1.51568
0.8,1.46246
0.82,1.43965
0.84,1.44784
0.86,1.48953
0.88,1.56925
0.9,1.69355
0.92,1.87041
0.94,2.10701
0.96,2.40386
0.98,2.7433
1,3.07491
1.02,3.31461
1.04,3.3828
1.06,3.26493
1.08,3.02166
1.1,2.73156
1.12,2.43996
1.14,2.15841
1.16,1.89028
1.18,1.64471
1.2,1.4318
1.22,1.25593
1.24,1.11563
1.26,1.00652
1.28,0.923818
1.3,0.86343
1.32,0.822392
1.34,0.798881
1.36,0.792162
1.38,0.802558
1.4,0.831489
1.42,0.881528
1.44,0.956233
1.46,1.05932
1.48,1.19242
1.5,1.35044
1.52,1.51454
1.54,1.64877
1.56,1.71244
1.58,1.68896
1.6,1.59994
1.62,1.48348
1.64,1.36433
1.66,1.24633
1.68,1.12513
1.7,1.00221
1.72,0.886069
1.74,0.784968
1.76,0.70271
1.78,0.639314
1.8,0.593113
1.82,0.562239
1.84,0.545333
1.86,0.541795
1.88,0.551829
1.9,0.576358
1.92,0.616698
1.94,0.673695
1.96,0.745865
1.98,0.826495
2,0.901774
2.02,0.954823
2.04,0.976294
2.06,0.969489
2.08,0.941449
2.1,0.893599
2.12,0.825653
2.14,0.744095
2.16,0.661087
2.18,0.587135
2.2,0.527503
2.22,0.483332
2.24,0.453851
2.26,0.437766
2.28,0.433662
2.3,0.439644
2.32,0.452605
2.34,0.468092
2.36,0.482193
2.38,0.494681
2.4,0.509391
2.42,0.530281
2.44,0.556645
2.46,0.58061
2.48,0.589223
2.5,0.572703
2.52,0.532786
2.54,0.480979
2.56,0.429558
2.58,0.386007
2.6,0.35319
2.62,0.331485
2.64,0.320403
2.66,0.319259
2.68,0.327028
2.7,0.341515
2.72,0.3581
2.74,0.369396
2.76,0.368084
2.78,0.35214
2.8,0.326535
2.82,0.298999
2.84,0.27539
2.86,0.258484
2.88,0.248748
2.9,0.245012
2.92,0.244482
2.94,0.242819
2.96,0.235656
2.98,0.221394
3,0.20222
3.02,0.181933
3.04,0.163431
3.06,0.148019
3.08,0.135876
3.1,0.126588
3.12,0.119398
3.14,0.113295
3.16,0.107253
3.18,0.100699
3.2,0.0937648
3.22,0.0869724
3.24,0.0807639
3.26,0.0753277
3.28,0.0706625
3.3,0.0666823
3.32,0.0632828
3.34,0.0603701
3.36,0.0578686
3.38,0.0557194
3.4,0.0538729
3.42,0.0522757
3.44,0.0508532
3.46,0.0494996
3.48,0.0481039
3.5,0.0466121
3.52,0.0450595
3.54,0.0435277
3.56,0.0420831
3.58,0.0407557
3.6,0.0395489
3.62,0.0384543
3.64,0.0374596
3.66,0.0365521
3.68,0.0357173
3.7,0.0349363
3.72,0.0341846
3.74,0.0334394
3.76,0.0326921
3.78,0.0319513
3.8,0.0312322
3.82,0.0305455
3.84,0.0298945
3.86,0.0292784
3.88,0.0286941
3.9,0.0281384
3.92,0.0276082
3.94,0.0271011
3.96,0.026615
3.98,0.0261482
4,0.0256993
