0,6.57266
0.02,6.37219
0.04,5.80212
0.06,5.06992
0.08,4.35158
0.1,3.73751
0.12,3.25258
0.14,2.88992
0.16,2.63287
0.18,2.46506
0.2,2.37394
0.22,2.35165
0.24,2.39499
0.26,2.50535
0.28,2.68886
0.3,2.95684
0.32,3.32644
0.34,3.82101
0.36,4.46903
0.38,5.29863
0.4,6.32179
0.42,7.49988
0.44,8.69115
0.46,9.62123
0.48,9.9709
0.5,9.59548
0.52,8.65194
0.54,7.45877
0.56,6.2791
0.58,5.24266
0.6,4.38237
0.62,3.68781
0.64,3.1353
0.66,2.69938
0.68,2.35699
0.7,2.08903
0.72,1.88055
0.74,1.7204
0.76,1.60057
0.78,1.51566
0.8,1.46243
0.82,1.43961
0.84,1.44779
0.86,1.48947
0.88,1.56917
0.9,1.69347
0.92,1.87036
0.94,2.10704
0.96,2.4041
0.98,2.7439
1,3.07584
1.02,3.31538
1.04,3.38264
1.06,3.26355
1.08,3.01967
1.1,2.72993
1.12,2.43942
1.14,2.15915
1.16,1.89196
1.18,1.64678
1.2,1.43382
1.22,1.25764
1.24,1.1169
1.26,1.00728
1.28,0.924006
1.3,0.863012
1.32,0.821331
1.34,0.797144
1.36,0.789743
1.38,0.79951
1.4,0.827937
1.42,0.877639
1.44,0.952208
1.46,1.05556
1.48,1.18997
1.5,1.35171
1.52,1.52382
1.54,1.67066
1.56,1.74633
1.58,1.72282
1.6,1.6131
1.62,1.45992
1.64,1.30555
1.66,1.17389
1.68,1.06977
1.7,0.985329
1.72,0.908388
1.74,0.831364
1.76,0.755353
1.78,0.686224
1.8,0.628926
1.82,0.58556
1.84,0.556282
1.86,0.54064
1.88,0.538415
1.9,0.550021
1.92,0.57665
1.94,0.620172
1.96,0.682638
1.98,0.764849
2,0.863264
2.02,0.965177
2.04,1.04568
2.06,1.075
2.08,1.03841
2.1,0.949097
2.12,0.836463
2.14,0.72588
2.16,0.630549
2.18,0.554208
2.2,0.49599
2.22,0.453619
2.24,0.424899
2.26,0.408257
2.28,0.402871
2.3,0.408633
2.32,0.425975
2.34,0.45543
2.36,0.49661
2.38,0.546217
2.4,0.59547
2.42,0.629714
2.44,0.634746
2.46,0.607574
2.48,0.559135
2.5,0.505021
2.52,0.456101
2.54,0.416397
2.56,0.385485
2.58,0.361772
2.6,0.34474
2.62,0.335193
2.64,0.334205
2.66,0.342101
2.68,0.357585
2.7,0.376581
2.72,0.391552
2.74,0.393704
2.76,0.378707
2.78,0.350289
2.8,0.316821
2.82,0.285567
2.84,0.260417
2.86,0.24264
2.88,0.232177
2.9,0.228292
2.92,0.229495
2.94,0.232987
2.96,0.234445
2.98,0.229451
3,0.21638
3.02,0.197553
3.04,0.177015
3.06,0.157883
3.08,0.141578
3.1,0.128325
3.12,0.117757
3.14,0.109243
3.16,0.102057
3.18,0.095555
3.2,0.0894051
3.22,0.0836268
3.24,0.0783848
3.26,0.0737921
3.28,0.0698633
3.3,0.0665511
3.32,0.0637829
3.34,0.0614699
3.36,0.0594927
3.38,0.0576852
3.4,0.05586
3.42,0.053898
3.44,0.0518201
3.46,0.0497422
3.48,0.0477751
3.5,0.0459749
3.52,0.0443518
3.54,0.0428931
3.56,0.0415793
3.58,0.0403918
3.6,0.039315
3.62,0.0383361
3.64,0.0374425
3.66,0.0366183
3.68,0.035839
3.7,0.0350733
3.72,0.0342958
3.74,0.0335032
3.76,0.0327133
3.78,0.0319479
3.8,0.03122
3.82,0.0305336
3.84,0.0298869
3.86,0.0292763
3.88,0.0286979
3.9,0.0281484
3.92,0.0276244
3.94,0.0271232
3.96,0.0266415
3.98,0.0261759
4,0.0257237
