0,6.40639
0.02,6.51133
0.04,6.5412
0.06,6.51605
0.08,6.46231
0.1,6.40748
0.12,6.37589
0.14,6.38666
0.16,6.453
0.18,6.58243
0.2,6.77694
0.22,7.03267
0.24,7.33906
0.26,7.67768
0.28,8.02148
0.3,8.33558
0.32,8.58079
0.34,8.72013
0.36,8.72716
0.38,8.59293
0.4,8.32828
0.42,7.96027
0.44,7.52472
0.46,7.0582
0.48,6.59226
0.5,6.15077
0.52,5.74968
0.54,5.39831
0.56,5.10101
0.58,4.85863
0.6,4.66964
0.62,4.53073
0.64,4.43699
0.66,4.38171
0.68,4.35605
0.7,4.34885
0.72,4.3469
0.74,4.33608
0.76,4.30337
0.78,4.23924
0.8,4.13954
0.82,4.00599
0.84,3.84524
0.86,3.66687
0.88,3.48139
0.9,3.29858
0.92,3.1265
0.94,2.97114
0.96,2.83643
0.98,2.72457
1,2.63632
1.02,2.5713
1.04,2.5281
1.06,2.50425
1.08,2.49609
1.1,2.49865
1.12,2.50573
1.14,2.51033
1.16,2.50558
1.18,2.48594
1.2,2.44827
1.22,2.39237
1.24,2.32068
1.26,2.23743
1.28,2.14774
1.3,2.05679
1.32,1.96924
1.34,1.88897
1.36,1.8189
1.38,1.76092
1.4,1.71604
1.42,1.68437
1.44,1.66523
1.46,1.65704
1.48,1.65729
1.5,1.66251
1.52,1.66839
1.54,1.67022
1.56,1.66369
1.58,1.64584
1.6,1.61578
1.62,1.57486
1.64,1.52623
1.66,1.47387
1.68,1.42168
1.7,1.37278
1.72,1.32927
1.74,1.29216
1.76,1.26164
1.78,1.23729
1.8,1.21846
1.82,1.20444
1.84,1.19452
1.86,1.18794
1.88,1.18362
1.9,1.18
1.92,1.17505
1.94,1.16653
1.96,1.15253
1.98,1.13204
2,1.10528
2.02,1.07372
2.04,1.03966
2.06,1.00563
2.08,0.973963
2.1,0.946415
2.12,0.924081
2.14,0.907363
2.16,0.895998
2.18,0.88909
2.2,0.885156
2.22,0.882248
2.24,0.878189
2.26,0.870969
2.28,0.859195
2.3,0.842442
2.32,0.821344
2.34,0.797365
2.36,0.772374
2.38,0.748211
2.4,0.726367
2.42,0.707814
2.44,0.692962
2.46,0.681667
2.48,0.673267
2.5,0.66666
2.52,0.66044
2.54,0.653128
2.56,0.643484
2.58,0.630804
2.6,0.615098
2.62,0.597044
2.64,0.577759
2.66,0.558482
2.68,0.540302
2.7,0.523976
2.72,0.509861
2.74,0.497895
2.76,0.487643
2.78,0.478365
2.8,0.46915
2.82,0.459097
2.84,0.447525
2.86,0.434142
2.88,0.419096
2.9,0.402887
2.92,0.386197
2.94,0.369688
2.96,0.35387
2.98,0.339029
3,0.325218
3.02,0.312298
3.04,0.300011
3.06,0.288065
3.08,0.276226
3.1,0.264376
3.12,0.252533
3.14,0.240822
3.16,0.229416
3.18,0.218486
3.2,0.208163
3.22,0.19853
3.24,0.189618
3.26,0.181423
3.28,0.173913
3.3,0.167042
3.32,0.160755
3.34,0.154992
3.36,0.149694
3.38,0.144801
3.4,0.140252
3.42,0.135994
3.44,0.131977
3.46,0.128163
3.48,0.124526
3.5,0.121051
3.52,0.11773
3.54,0.114562
3.56,0.111546
3.58,0.108679
3.6,0.105959
3.62,0.103378
3.64,0.10093
3.66,0.0986058
3.68,0.0963971
3.7,0.0942946
3.72,0.0922895
3.74,0.090373
3.76,0.0885365
3.78,0.0867725
3.8,0.0850742
3.82,0.0834361
3.84,0.0818545
3.86,0.0803263
3.88,0.0788496
3.9,0.0774226
3.92,0.0760437
3.94,0.0747111
3.96,0.073423
3.98,0.0721773
4,0.070972
