0,6.40636
0.02,6.51131
0.04,6.54119
0.06,6.51604
0.08,6.46231
0.1,6.40747
0.12,6.37589
0.14,6.38664
0.16,6.45297
0.18,6.5824
0.2,6.7769
0.22,7.03263
0.24,7.33902
0.26,7.67764
0.28,8.02146
0.3,8.33558
0.32,8.58082
0.34,8.72019
0.36,8.72725
0.38,8.59306
0.4,8.32843
0.42,7.96044
0.44,7.5249
0.46,7.05838
0.48,6.59244
0.5,6.15092
0.52,5.74978
0.54,5.39836
0.56,5.10099
0.58,4.85854
0.6,4.66949
0.62,4.53055
0.64,4.43682
0.66,4.38158
0.68,4.356
0.7,4.34889
0.72,4.347
0.74,4.33614
0.76,4.30326
0.78,4.23886
0.8,4.1389
0.82,4.00531
0.84,3.84486
0.86,3.66713
0.88,3.4824
0.9,3.30019
0.92,3.12834
0.94,2.97271
0.96,2.83728
0.98,2.72437
1,2.63492
1.02,2.56876
1.04,2.52473
1.06,2.50062
1.08,2.49302
1.1,2.49713
1.12,2.50669
1.14,2.51431
1.16,2.51228
1.18,2.49399
1.2,2.45541
1.22,2.39609
1.24,2.31921
1.26,2.23048
1.28,2.13667
1.3,2.04422
1.32,1.95829
1.34,1.88247
1.36,1.81883
1.38,1.7681
1.4,1.72988
1.42,1.70288
1.44,1.68502
1.46,1.67374
1.48,1.6663
1.5,1.66018
1.52,1.65342
1.54,1.64468
1.56,1.63306
1.58,1.61767
1.6,1.59744
1.62,1.57117
1.64,1.53797
1.66,1.49785
1.68,1.45202
1.7,1.40278
1.72,1.35306
1.74,1.30583
1.76,1.26364
1.78,1.22833
1.8,1.20102
1.82,1.18204
1.84,1.17102
1.86,1.16685
1.88,1.16768
1.9,1.17095
1.92,1.17354
1.94,1.17222
1.96,1.16421
1.98,1.14786
2,1.1231
2.02,1.09133
2.04,1.05509
2.06,1.01732
2.08,0.980785
2.1,0.94771
2.12,0.919634
2.14,0.897409
2.16,0.881262
2.18,0.870851
2.2,0.86529
2.22,0.863167
2.24,0.862617
2.26,0.861494
2.28,0.857702
2.3,0.849608
2.32,0.836419
2.34,0.818329
2.36,0.796369
2.38,0.772034
2.4,0.746877
2.42,0.722231
2.44,0.699105
2.46,0.678216
2.48,0.660062
2.5,0.644954
2.52,0.632999
2.54,0.624032
2.56,0.617546
2.58,0.61266
2.6,0.608161
2.62,0.602657
2.64,0.594832
2.66,0.583765
2.68,0.569164
2.7,0.551435
2.72,0.531535
2.74,0.51069
2.76,0.490111
2.78,0.470786
2.8,0.45338
2.82,0.438218
2.84,0.4253
2.86,0.41433
2.88,0.404767
2.9,0.395876
2.92,0.386838
2.94,0.376896
2.96,0.365514
2.98,0.352496
3,0.338006
3.02,0.322484
3.04,0.306505
3.06,0.290632
3.08,0.275324
3.1,0.260898
3.12,0.247537
3.14,0.235307
3.16,0.224193
3.18,0.214123
3.2,0.204986
3.22,0.196649
3.24,0.188972
3.26,0.181823
3.28,0.175087
3.3,0.168687
3.32,0.162579
3.34,0.156747
3.36,0.151198
3.38,0.145942
3.4,0.140987
3.42,0.136333
3.44,0.131974
3.46,0.127897
3.48,0.124085
3.5,0.12052
3.52,0.117182
3.54,0.114053
3.56,0.111113
3.58,0.108344
3.6,0.105731
3.62,0.103256
3.64,0.100903
3.66,0.0986576
3.68,0.096506
3.7,0.094437
3.72,0.0924425
3.74,0.0905173
3.76,0.0886586
3.78,0.0868653
3.8,0.0851364
3.82,0.0834709
3.84,0.0818671
3.86,0.0803231
3.88,0.0788361
3.9,0.0774034
3.92,0.0760222
3.94,0.0746894
3.96,0.0734025
3.98,0.0721587
4,0.0709557
