0,7.70503
0.02,7.83395
0.04,7.85569
0.06,7.80373
0.08,7.72087
0.1,7.64946
0.12,7.62477
0.14,7.67235
0.16,7.80788
0.18,8.03767
0.2,8.35853
0.22,8.75646
0.24,9.2044
0.26,9.66062
0.28,10.0699
0.3,10.3704
0.32,10.5062
0.34,10.4431
0.36,10.1794
0.38,9.74587
0.4,9.19476
0.42,8.58453
0.44,7.96731
0.46,7.38248
0.48,6.85576
0.5,6.40142
0.52,6.02541
0.54,5.72817
0.56,5.50646
0.58,5.35431
0.6,5.26302
0.62,5.22061
0.64,5.21124
0.66,5.21517
0.68,5.21021
0.7,5.17512
0.72,5.09404
0.74,4.96033
0.76,4.77765
0.78,4.55792
0.8,4.31729
0.82,4.07231
0.84,3.83723
0.86,3.62284
0.88,3.4364
0.9,3.2821
0.92,3.1617
0.94,3.07508
0.96,3.02045
0.98,2.99435
1,2.99128
1.02,3.00337
1.04,3.02036
1.06,3.0304
1.08,3.02198
1.1,2.98673
1.12,2.92171
1.14,2.83013
1.16,2.71978
1.18,2.60033
1.2,2.48072
1.22,2.36779
1.24,2.26604
1.26,2.17823
1.28,2.10604
1.3,2.05049
1.32,2.01204
1.34,1.9903
1.36,1.98373
1.38,1.98919
1.4,2.00174
1.42,2.01473
1.44,2.02051
1.46,2.01202
1.48,1.9846
1.5,1.93752
1.52,1.87405
1.54,1.80032
1.56,1.72345
1.58,1.64991
1.6,1.58467
1.62,1.53095
1.64,1.49046
1.66,1.46357
1.68,1.44954
1.7,1.44647
1.72,1.45129
1.74,1.45968
1.76,1.46644
1.78,1.46622
1.8,1.45481
1.82,1.43027
1.84,1.3936
1.86,1.34826
1.88,1.29902
1.9,1.25068
1.92,1.20717
1.94,1.17119
1.96,1.14414
1.98,1.12622
2,1.11655
2.02,1.1132
2.04,1.11325
2.06,1.1131
2.08,1.10905
2.1,1.09816
2.12,1.07912
2.14,1.0526
2.16,1.02099
2.18,0.98756
2.2,0.955548
2.22,0.927529
2.24,0.905116
2.26,0.88889
2.28,0.878434
2.3,0.872397
2.32,0.868626
2.34,0.86445
2.36,0.85721
2.38,0.84494
2.4,0.826957
2.42,0.804044
2.44,0.778123
2.46,0.751606
2.48,0.726762
2.5,0.705295
2.52,0.68817
2.54,0.675582
2.56,0.666984
2.58,0.661148
2.6,0.656297
2.62,0.650376
2.64,0.641499
2.66,0.628464
2.68,0.611104
2.7,0.590296
2.72,0.567609
2.74,0.544803
2.76,0.523404
2.78,0.504464
2.8,0.488488
2.82,0.475442
2.84,0.464806
2.86,0.455643
2.88,0.446735
2.9,0.436812
2.92,0.424858
2.94,0.410384
2.96,0.393545
2.98,0.375023
3,0.355761
3.02,0.33668
3.04,0.318499
3.06,0.301658
3.08,0.286334
3.1,0.272489
3.12,0.25993
3.14,0.248382
3.16,0.237553
3.18,0.227205
3.2,0.217203
3.22,0.207518
3.24,0.198201
3.26,0.189335
3.28,0.180994
3.3,0.173227
3.32,0.166046
3.34,0.159439
3.36,0.153375
3.38,0.147812
3.4,0.142707
3.42,0.138014
3.44,0.133692
3.46,0.1297
3.48,0.125999
3.5,0.122551
3.52,0.119317
3.54,0.116263
3.56,0.113354
3.58,0.110564
3.6,0.107874
3.62,0.105277
3.64,0.102771
3.66,0.100361
3.68,0.0980482
3.7,0.0958352
3.72,0.0937209
3.74,0.0917022
3.76,0.0897747
3.78,0.0879332
3.8,0.0861722
3.82,0.0844862
3.84,0.0828701
3.86,0.081319
3.88,0.0798283
3.9,0.0783939
3.92,0.0770119
3.94,0.0756785
3.96,0.07439
3.98,0.073143
4,0.0719344
