0,7.70499
0.02,7.83393
0.04,7.85568
0.06,7.80371
0.08,7.72084
0.1,7.64941
0.12,7.62468
0.14,7.67222
0.16,7.80771
0.18,8.03748
0.2,8.35833
0.22,8.75627
0.24,9.20427
0.26,9.66059
0.28,10.07
0.3,10.3706
0.32,10.5065
0.34,10.4435
0.36,10.1799
0.38,9.74647
0.4,9.19548
0.42,8.58536
0.44,7.96818
0.46,7.38325
0.48,6.85627
0.5,6.40151
0.52,6.02498
0.54,5.72717
0.56,5.50495
0.58,5.35242
0.6,5.26098
0.62,5.21877
0.64,5.20995
0.66,5.21469
0.68,5.21056
0.7,5.17602
0.72,5.09504
0.74,4.96113
0.76,4.77836
0.78,4.55896
0.8,4.31913
0.82,4.07507
0.84,3.84061
0.86,3.62627
0.88,3.43924
0.9,3.28379
0.92,3.16187
0.94,3.07354
0.96,3.01725
0.98,2.98975
1,2.98581
1.02,2.99781
1.04,3.01565
1.06,3.02746
1.08,3.02144
1.1,2.98858
1.12,2.92525
1.14,2.83418
1.16,2.72316
1.18,2.60235
1.2,2.48146
1.22,2.36804
1.24,2.26688
1.26,2.18042
1.28,2.1096
1.3,2.05456
1.32,2.01518
1.34,1.99101
1.36,1.98101
1.38,1.98291
1.4,1.99277
1.42,2.00484
1.44,2.01202
1.46,2.00711
1.48,1.98467
1.5,1.94272
1.52,1.88332
1.54,1.81184
1.56,1.73518
1.58,1.66004
1.6,1.59184
1.62,1.53431
1.64,1.48959
1.66,1.45848
1.68,1.44064
1.7,1.43468
1.72,1.43802
1.74,1.4469
1.76,1.4564
1.78,1.46107
1.8,1.45591
1.82,1.43776
1.84,1.40619
1.86,1.36363
1.88,1.31444
1.9,1.26365
1.92,1.21575
1.94,1.17414
1.96,1.14095
1.98,1.11713
2,1.10254
2.02,1.09606
2.04,1.0956
2.06,1.09811
2.08,1.09986
2.1,1.09708
2.12,1.08675
2.14,1.06758
2.16,1.04031
2.18,1.00742
2.2,0.972286
2.22,0.938281
2.24,0.908119
2.26,0.883586
2.28,0.865494
2.3,0.853736
2.32,0.847331
2.34,0.844484
2.36,0.842727
2.38,0.839262
2.4,0.831545
2.42,0.817973
2.44,0.798364
2.46,0.773964
2.48,0.746975
2.5,0.719874
2.52,0.694836
2.54,0.673413
2.56,0.656429
2.58,0.643995
2.6,0.635546
2.62,0.629892
2.64,0.625326
2.66,0.619857
2.68,0.611616
2.7,0.599344
2.72,0.582763
2.74,0.562611
2.76,0.540341
2.78,0.517641
2.8,0.49601
2.82,0.476519
2.84,0.459719
2.86,0.445659
2.88,0.433934
2.9,0.423755
2.92,0.414063
2.94,0.403728
2.96,0.391811
2.98,0.377813
3,0.361792
3.02,0.344282
3.04,0.326076
3.06,0.307974
3.08,0.290624
3.1,0.274451
3.12,0.25967
3.14,0.246329
3.16,0.234355
3.18,0.223594
3.2,0.213844
3.22,0.20489
3.24,0.196531
3.26,0.188618
3.28,0.181063
3.3,0.173842
3.32,0.16697
3.34,0.160478
3.36,0.154389
3.38,0.148713
3.4,0.143444
3.42,0.138563
3.44,0.134047
3.46,0.129865
3.48,0.125987
3.5,0.122386
3.52,0.119032
3.54,0.1159
3.56,0.112961
3.58,0.110192
3.6,0.107565
3.62,0.105057
3.64,0.102648
3.66,0.100325
3.68,0.0980799
3.7,0.0959115
3.72,0.0938209
3.74,0.0918097
3.76,0.0898787
3.78,0.088027
3.8,0.0862523
3.82,0.084551
3.84,0.0829192
3.86,0.0813528
3.88,0.0798475
3.9,0.0783995
3.92,0.077005
3.94,0.0756607
3.96,0.0743634
3.98,0.0731103
4,0.0718986
