1.2456,1.2456,1.69103e-24,0.00177448
0.963635,0.963635,0.000168746,1.9984e-15
0.933676,0.933677,2.96707e-22,0.0798667
0.576478,0.576505,7.43245e-23,0.175702
0.382357,0.382357,0.000123682,1.11022e-16
0.0429989,0.0429989,0.0593598,1.25767e-17
-0.565055,-0.565047,1.03039e-21,0.242787
-0.705478,-0.705448,2.44078e-21,0.401846
-0.872789,-0.872789,0.204361,4.44089e-16
-1.01421,-1.01421,0.00484985,4.44089e-16
-1.30409,-1.30409,1.32379e-23,0.0382332
-2.002,-2.002,0.731137,1.77636e-15
-2.49358,-2.49358,3.11216e-21,4.19007e-11
