1.24948,1.24948,1.51183e-24,0.000591787
1.10242,1.10246,2.48084e-24,0.0150049
0.963635,0.963635,0.000168746,1.11022e-15
0.774764,0.774769,3.77257e-23,0.00793426
0.382357,0.382357,0.000123682,2.22045e-16
0.179508,0.17955,4.02922e-22,0.0220611
0.0429989,0.0429989,0.0593598,9.54098e-18
-0.615159,-0.615157,2.29654e-21,0.000483333
-0.872789,-0.872789,0.204361,4.44089e-15
-1.01421,-1.01421,0.00484985,2.22045e-15
-1.17463,-1.17461,1.1798e-22,0.0121939
-1.41149,-1.41144,1.17049e-24,0.0128863
-2.002,-2.002,0.731137,0
-2.49358,-2.49358,3.11213e-21,8.0469e-13
