1.24999,1.25,1.48316e-24,3.99745e-06
1.11585,1.11591,1.96545e-24,0.000107011
0.963635,0.963635,0.000168746,3.55271e-15
0.784224,0.784253,3.76672e-23,0.000100619
0.382357,0.382357,0.000123682,1.66533e-16
0.248119,0.248916,3.78391e-22,0.00159336
0.0429989,0.0429989,0.0593598,1.65232e-16
-0.12874,-0.124253,1.39316e-23,0.00702872
-0.616036,-0.616022,2.31476e-21,1.39008e-05
-0.872789,-0.872789,0.204361,1.33227e-15
-1.01421,-1.01421,0.00484985,2.22045e-15
-1.18521,-1.18511,9.52365e-23,8.0403e-05
-1.42152,-1.42139,9.57495e-25,6.84834e-05
-2.002,-2.002,0.731137,0
-2.49358,-2.49358,3.11211e-21,3.55271e-14
