1.25,1.25,1.48287e-24,5.3853e-07
1.11596,1.11599,1.96516e-24,1.74123e-05
0.963635,0.963635,0.000168746,2.22045e-15
0.78434,0.784352,3.76111e-23,2.88674e-05
0.382357,0.382357,0.000123682,1.66533e-16
0.250669,0.25224,3.88254e-22,0.00205298
0.0429989,0.0429989,0.0593598,1.29237e-16
-0.113705,-0.0824176,1.5848e-23,0.0592728
-0.61598,-0.290716,2.94253e-24,0.236748
-0.872789,-0.616061,2.31393e-21,3.29887e-05
-1.01421,-0.872789,0.204361,2.22045e-15
-1.15219,-1.01421,0.00484985,0
-1.19055,-1.1852,9.5243e-23,2.75955e-05
-1.42209,-1.42145,9.53294e-25,1.49411e-05
-2.002,-2.002,0.731137,3.55271e-15
-2.49358,-2.49358,3.1121e-21,3.01981e-14
