1.25,1.25,1.48268e-24,1.39784e-07
1.11599,1.11602,1.96785e-24,7.14526e-06
0.963635,0.963635,0.000168746,3.33067e-15
0.784407,0.784501,3.73012e-23,0.000112426
0.382357,0.639819,1.70646e-24,0.104501
0.263995,0.382357,0.000123682,2.22045e-16
0.168997,0.249159,3.67545e-22,0.00067024
0.0429989,0.0429989,0.0593598,1.15793e-16
-0.140835,-0.11602,1.64506e-23,0.00239173
-0.616034,-0.595334,4.79474e-23,0.0379965
-0.872789,-0.616503,2.26749e-21,0.00084854
-1.01421,-0.872789,0.204361,4.44089e-15
-1.18509,-1.01421,0.00484985,6.21725e-15
-1.42133,-1.18522,9.51226e-23,2.9865e-06
-1.85934,-1.42146,9.54077e-25,1.02059e-06
-2.002,-2.002,0.731137,3.55271e-15
-2.49358,-2.49358,3.11214e-21,1.24345e-14
