1.25,1.25,1.48276e-24,2.23062e-09
1.11602,1.11603,1.96925e-24,1.51251e-07
0.963635,0.963635,0.000168746,1.55431e-15
0.784966,0.784801,3.62748e-23,2.48583e-05
0.742579,0.739246,2.17947e-24,0.00267432
0.382357,0.382357,0.000123682,3.33067e-16
0.249688,0.249988,3.6917e-22,3.19098e-05
0.0429989,0.0429989,0.0593598,5.11743e-17
-0.11348,-0.107959,1.8919e-23,0.000816646
-0.551718,-0.322108,4.80509e-26,0.0184391
-0.616195,-0.61599,2.31442e-21,9.39425e-06
-0.872789,-0.724896,5.71431e-25,0.00916871
-1.01421,-0.872789,0.204361,0
-1.18521,-1.01421,0.00484985,1.77636e-15
-1.42145,-1.18523,9.51548e-23,1.81167e-07
-1.9967,-1.42146,9.53683e-25,3.31943e-08
-2.002,-2.002,0.731137,5.32907e-15
-2.49358,-2.49358,3.11214e-21,3.37508e-14
