1.25,1.25,1.48252e-24,2.90509e-10
1.11602,1.11603,1.96932e-24,2.44068e-08
0.963635,0.963635,0.000168746,3.55271e-15
0.793313,0.784831,3.61416e-23,8.66417e-06
0.781787,0.742423,2.31764e-24,0.000893691
0.382357,0.382357,0.000123682,1.11022e-16
0.250322,0.250083,3.68812e-22,6.75711e-05
0.0429989,0.0429989,0.0593598,7.84962e-17
-0.0909031,-0.0372516,1.30485e-23,0.167987
-0.184767,-0.116571,1.39933e-23,0.0190469
-0.61592,-0.386753,1.33541e-25,0.0431716
-0.686491,-0.616008,2.31458e-21,8.56563e-06
-0.872789,-0.740969,2.9727e-25,0.00649426
-1.01421,-0.872789,0.204361,2.22045e-15
-1.18522,-1.01421,0.00484985,8.88178e-16
-1.42146,-1.18523,9.51534e-23,4.15134e-08
-2.00165,-1.42146,9.53601e-25,4.91992e-09
-2.002,-2.002,0.731137,7.10543e-15
-2.49358,-2.49358,3.11211e-21,5.50671e-14
