1.25,1.25,1.48261e-24,3.19744e-14
1.11602,1.11603,1.96943e-24,3.41949e-14
0.963635,0.963635,0.000168746,2.22045e-15
0.886306,0.784892,3.58829e-23,4.68514e-14
0.784426,0.75,2.39387e-24,2.14251e-12
0.688345,0.656803,2.06761e-25,2.31661e-10
0.382357,0.382357,0.000123682,5.55112e-16
0.249916,0.25,3.69454e-22,2.34812e-14
0.0429989,0.0429989,0.0593598,8.93383e-17
-0.10892,-0.106088,1.94244e-23,2.44253e-12
-0.344711,-0.25,1.43488e-26,3.22702e-11
-0.616005,-0.485342,6.4963e-25,1.19053e-10
-0.755175,-0.616025,2.31415e-21,3.24185e-14
-0.872789,-0.75,2.28991e-25,6.88782e-12
-1.01421,-0.872789,0.204361,2.22045e-16
-1.18523,-1.01421,0.00484985,6.66134e-15
-1.42146,-1.18523,9.51526e-23,2.62013e-14
-2.00198,-1.42146,9.53663e-25,1.33227e-14
-2.002,-2.002,0.731137,1.06581e-14
-2.49358,-2.49358,3.11206e-21,4.79616e-14
