1.25,1.25,1.48257e-24,3.125
1.11603,1.11603,1.96964e-24,2.49103
0.963635,0.963635,0.000168746,1.85719
0.951457,0.784892,3.58979e-23,1.23211
0.784733,0.75,2.33814e-24,1.125
0.733856,0.656803,2.74056e-25,0.862781
0.382357,0.382357,0.000123682,0.292394
0.250021,0.25,3.69512e-22,0.125
0.0429989,0.0429989,0.0593598,0.00369781
-0.105544,-0.106088,1.95154e-23,0.0225093
-0.24761,-0.25,3.48972e-27,0.125
-0.527687,-0.485342,7.48721e-25,0.471113
-0.616058,-0.616025,2.31413e-21,0.758975
-0.790719,-0.75,2.12833e-25,1.125
-0.872789,-0.872789,0.204361,1.52352
-1.01421,-1.01421,0.00484985,2.05723
-1.18523,-1.18523,9.51491e-23,2.80953
-1.42146,-1.42146,8.26263e-25,4.04111
-2.00199,-1.42801,4.54307e-15,0.250811
-2.002,-2.002,0.731137,8.01597
-2.49358,-2.49358,3.1122e-21,12.4359
