1.25,1.80711,1.53704e-16,9.78938
1.11603,1.25,1.48323e-24,1.2435e-14
0.963635,1.11603,1.96861e-24,3.59716e-14
0.95827,0.963635,0.000168746,6.66235e-15
0.784778,0.784892,3.57556e-23,1.03184e-12
0.738075,0.75,2.7816e-24,5.26046e-12
0.382357,0.656803,9.95553e-27,9.88283e-10
0.250169,0.382357,0.000123682,3.34179e-16
0.180079,0.25,3.69336e-22,7.77382e-16
0.0429989,0.0429989,0.0593598,9.32647e-17
-0.107922,-0.106088,1.92853e-23,1.83016e-12
-0.29823,-0.25,4.36431e-26,4.06188e-11
-0.611291,-0.485342,4.46665e-25,7.02011e-12
-0.616855,-0.616025,2.31439e-21,1.23251e-14
-0.808141,-0.75,1.47139e-25,3.62443e-12
-0.872789,-0.872789,0.204361,4.45641e-15
-1.01421,-1.01421,0.00484985,1.33239e-14
-1.18523,-1.18523,9.51652e-23,3.64157e-14
-1.42146,-1.42146,9.51193e-25,1.68782e-14
-2.002,-1.60025,6.45926e-15,1.42674
-2.002,-2.002,0.731137,6.39617e-14
-2.49358,-2.49358,3.11196e-21,8.52712e-14
