1.25,3.90175,2.2931e-18,36.0827
1.11603,1.25,1.48096e-24,3.125
0.963635,1.16528,3.26241e-16,22.3105
0.962763,1.11603,1.95944e-24,2.49103
0.784848,0.963635,0.000168746,1.85719
0.745076,0.784892,3.5905e-23,1.23211
0.585897,0.75,2.32418e-24,1.125
0.382357,0.656803,3.72821e-25,0.862781
0.250003,0.382357,0.000123682,0.292394
0.0429989,0.25,3.69587e-22,0.125
-0.105892,0.0429989,0.0593598,0.00369781
-0.247924,-0.106088,1.97304e-23,0.0225093
-0.488163,-0.25,2.21513e-27,0.125
-0.616028,-0.485342,9.69101e-25,0.471113
-0.757575,-0.616025,2.3139e-21,0.758975
-0.872789,-0.75,2.87137e-25,1.125
-0.896515,-0.872789,0.204361,1.52352
-1.01421,-1.01421,0.00484985,2.05723
-1.18523,-1.18523,9.5155e-23,2.80953
-1.42146,-1.42146,9.51578e-25,4.04111
-2.002,-1.66399,1.20274e-14,1.59719
-2.002,-2.002,0.731137,8.01597
-2.49358,-2.49358,3.11218e-21,12.4359
