1.25,6.74276,8.24167e-18,41.7881
1.11603,1.6287,1.44477e-16,2.04289
0.963635,1.25,1.48248e-24,3.125
0.96325,1.11603,1.96929e-24,2.49103
0.784865,0.963635,0.000168746,1.85719
0.746809,0.784892,3.60129e-23,1.23211
0.613369,0.75,2.01178e-24,1.125
0.382357,0.656803,8.10029e-25,0.862781
0.250007,0.382357,0.000123682,0.292394
0.0429989,0.25,3.69691e-22,0.125
-0.105611,0.0429989,0.0593598,0.00369781
-0.238085,-0.106088,1.98647e-23,0.0225093
-0.458754,-0.25,1.54617e-26,0.125
-0.616013,-0.485342,1.10416e-24,0.471113
-0.729446,-0.616025,2.31387e-21,0.758975
-0.851217,-0.75,2.65883e-25,1.125
-0.872789,-0.872789,0.204361,1.52352
-1.01421,-1.01421,0.00484985,2.05723
-1.18523,-1.18523,9.51397e-23,2.80953
-1.42146,-1.42146,9.29824e-25,4.04111
-1.83505,-1.48177,8.13899e-15,5.90283
-2.002,-2.002,0.731137,8.01597
-2.002,-2.49358,3.11209e-21,12.4359
-2.49358,-5.1791,1.95212e-16,30.3483
