1.25,6.74591,9.90808e-18,95.4799
1.11603,2.77542,2.07103e-16,0.0351705
0.963635,1.25,1.4825e-24,6.61765e-14
0.963596,1.11603,1.96951e-24,2.84254e-14
0.784887,0.963635,0.000168746,1.13725e-15
0.749331,0.784892,3.60047e-23,1.27165e-12
0.647671,0.75,2.02599e-24,2.95746e-10
0.382357,0.656803,7.85545e-25,4.90277e-09
0.257857,0.382357,0.000123682,1.63079e-15
0.249791,0.25,3.69712e-22,1.40429e-13
0.0429989,0.0803497,9.56e-16,1.48942
-0.106034,0.0429989,0.0593598,8.50986e-14
-0.250016,-0.106088,1.95033e-23,1.97134e-12
-0.487181,-0.25,4.74367e-28,5.01716e-11
-0.616027,-0.485342,1.02838e-24,2.36456e-10
-0.753127,-0.616025,2.31373e-21,2.04673e-15
-0.872789,-0.75,3.20865e-25,2.51053e-11
-0.883478,-0.872789,0.204361,1.48756e-14
-1.01421,-1.01421,0.00484985,4.66334e-14
-1.18523,-1.18523,9.51649e-23,4.48533e-14
-1.42146,-1.42146,9.53932e-25,6.839e-14
-2.002,-2.002,0.731137,1.79417e-13
-2.002,-2.21186,3.31277e-14,4.68421
-2.47806,-2.49358,3.1121e-21,1.4211e-13
-2.49358,-43.3892,3.75968e-17,294.2
