1.25,7.08484,2.11848e-19,47.2069
1.11603,6.72851,1.03791e-17,43.6355
0.963635,1.72443,2.14428e-16,4.39346
0.963629,1.25,1.48224e-24,3.125
0.784891,1.11603,1.97015e-24,2.49103
0.749837,0.963635,0.000168746,1.85719
0.654246,0.784892,3.60295e-23,1.23211
0.382357,0.75,1.96893e-24,1.125
0.331628,0.656803,8.28873e-25,0.862781
0.249988,0.382357,0.000123682,0.292394
0.0429989,0.25,3.6967e-22,0.125
-0.105926,0.0429989,0.0593598,0.00369781
-0.24692,-0.106088,1.93277e-23,0.0225093
-0.474819,-0.25,2.86875e-26,0.125
-0.616006,-0.485342,4.28887e-25,0.471113
-0.651148,-0.616025,2.31455e-21,0.758975
-0.763905,-0.75,1.25087e-25,1.125
-0.872789,-0.872789,0.204361,1.52352
-0.893369,-1.01421,0.00484985,2.05723
-1.01421,-1.18523,9.51503e-23,2.80953
-1.18523,-1.42146,9.49059e-25,4.04111
-1.42146,-1.97489,5.28564e-12,2.52687
-2.002,-2.002,0.731137,8.01597
-2.002,-2.49358,3.1122e-21,12.4359
-2.49258,-4.1982,6.93103e-16,51.0917
-2.49358,-43.4788,3.83784e-17,3149.26
