1.25,9.02966,1.86559e-18,176.535
1.11603,6.7415,1.01941e-17,66.9774
0.963635,3.59708,1.3971e-18,46.357
0.963635,1.25,1.48217e-24,3.125
0.784892,1.11603,1.96941e-24,2.49103
0.75,0.963635,0.000168746,1.85719
0.656803,0.784892,3.57244e-23,1.23211
0.382357,0.75,2.91954e-24,1.125
0.382357,0.656803,3.03999e-26,0.862781
0.25,0.382357,0.000123682,0.292394
0.0429989,0.25,3.68933e-22,0.125
0.0429989,0.0429989,0.0593598,0.00369781
-0.106088,-0.106088,1.64186e-23,0.0225093
-0.25,-0.25,6.33449e-24,0.125
-0.485342,-0.485342,3.66759e-23,0.471113
-0.616025,-0.616025,2.34673e-21,0.758975
-0.75,-0.693692,1.25411e-14,4.72474
-0.872789,-0.75,1.53416e-22,1.125
-0.872789,-0.872789,0.204361,1.52352
-1.01421,-1.01421,0.00484985,2.05723
-1.01421,-1.18523,9.51556e-23,2.80953
-1.18523,-1.42146,9.5703e-25,4.04111
-1.42146,-2.002,0.731137,8.01597
-2.002,-2.14392,4.17174e-14,7.41633
-2.002,-2.49358,3.11233e-21,12.4359
-2.49358,-41.6835,3.57706e-17,4499.69
-2.49358,-75.1749,2.8446e-18,6029.95
