1.25,11.1506,8.61161e-19,52.0928
1.24928,8.92421,3.30254e-18,63.1537
1.11603,6.36338,7.7323e-18,56.772
0.963635,1.25,1.47977e-24,3.125
0.963635,1.11603,1.97056e-24,2.49103
0.784892,0.963635,0.000168746,1.85719
0.75,0.784892,3.5667e-23,1.23211
0.656803,0.75,3.16632e-24,1.125
0.382357,0.656803,4.24861e-25,0.862781
0.382357,0.487963,2.02371e-16,1.94123
0.25,0.382357,0.000123682,0.292394
0.0429989,0.25,3.69355e-22,0.125
0.0429989,0.0429989,0.0593598,0.00369781
-0.106088,-0.106088,1.85608e-23,0.0225093
-0.25,-0.25,8.44168e-25,0.125
-0.485342,-0.485342,1.11374e-24,0.471113
-0.616025,-0.616025,2.31892e-21,0.758975
-0.75,-0.75,2.03776e-24,1.125
-0.872789,-0.872789,0.204361,1.52352
-0.872789,-1.01421,0.00484985,2.05723
-1.01421,-1.08519,2.29353e-15,5.05672
-1.01421,-1.18523,9.50829e-23,2.80953
-1.18523,-1.42146,9.6606e-25,4.04111
-1.42146,-2.002,0.731137,8.01597
-2.002,-2.49358,3.11221e-21,12.4359
-2.002,-5.78563,2.22792e-17,17.8578
-2.49358,-45.1712,3.18567e-17,3310.81
-2.49358,-75.3369,2.54407e-18,10003.4
