1.25,11.2783,1.22782e-18,63.7468
1.24997,9.52025,2.44632e-18,115.284
1.11603,8.81366,1.21087e-18,133
0.963635,3.79678,1.10705e-17,6.93078
0.963635,1.25,1.48247e-24,3.125
0.784892,1.11603,1.96938e-24,2.49103
0.75,0.963635,0.000168746,1.85719
0.656803,0.784892,3.57105e-23,1.23211
0.382357,0.75,2.97203e-24,1.125
0.382357,0.656803,5.45994e-26,0.862781
0.25,0.382357,0.000123682,0.292394
0.0429989,0.25,3.68829e-22,0.125
0.0429989,0.0429989,0.0593598,0.00369781
-0.106088,-0.106088,1.64442e-23,0.0225093
-0.25,-0.25,7.26399e-24,0.125
-0.485342,-0.485342,7.03855e-23,0.471113
-0.616025,-0.616025,2.44445e-21,0.758975
-0.75,-0.635384,1.10911e-14,9.94797
-0.872789,-0.75,4.38203e-23,1.125
-0.872789,-0.872789,0.204361,1.52352
-1.01421,-1.01421,0.00484985,2.05723
-1.01421,-1.18523,9.51499e-23,2.80953
-1.18523,-1.42146,9.56472e-25,4.04111
-1.42146,-2.002,0.731137,8.01597
-1.57345,-2.49358,3.11218e-21,12.4359
-2.002,-2.68907,2.882e-15,6.39626
-2.002,-7.53091,1.04987e-17,91.3088
-2.49358,-49.5077,2.85403e-17,4177.88
-2.49358,-75.3737,2.35951e-18,7614.49
