1.25,11.652,1.38749e-18,275.634
1.24997,9.68666,2.17158e-18,44.4735
1.11603,8.82023,1.40372e-18,10.825
0.963635,4.36796,4.2171e-18,7.49071
0.963635,2.52188,4.19885e-17,3.22409
0.784892,1.25,1.48386e-24,5.55455e-14
0.75,1.11603,1.97223e-24,4.53073e-14
0.656803,0.963635,0.000168746,3.05358e-14
0.382357,0.784892,3.58215e-23,3.1532e-14
0.382357,0.75,2.58534e-24,9.66764e-11
0.25,0.656803,4.65879e-26,3.00265e-09
0.0429989,0.382357,0.000123682,3.67052e-15
0.0429989,0.25,3.69198e-22,3.62765e-14
-0.106088,0.0429989,0.0593598,2.23346e-16
-0.25,-0.106088,1.89468e-23,1.35143e-11
-0.485342,-0.25,2.96413e-25,3.63016e-10
-0.616025,-0.485342,2.66957e-27,4.09909e-10
-0.75,-0.616025,2.31582e-21,6.70579e-14
-0.872789,-0.75,3.32009e-26,1.20918e-10
-0.872789,-0.872789,0.204361,5.57437e-14
-1.01421,-1.01421,0.00484985,4.66673e-14
-1.01421,-1.18523,9.51527e-23,4.59409e-14
-1.09927,-1.42146,9.43486e-25,2.61161e-13
-1.18523,-1.81748,2.23432e-13,0.444357
-1.42146,-2.002,0.731137,7.71093e-13
-1.75163,-2.49358,3.11215e-21,7.87646e-14
-2.002,-2.98494,1.52977e-19,9.67372
-2.002,-8.73272,1.74111e-19,85.999
-2.49358,-49.7962,2.90453e-17,890.833
-2.49358,-75.6877,2.13227e-18,3063.58
