1.25,17.0228,1.01779e-21,371.434
1.25,11.6336,1.33545e-18,39.182
1.11603,9.28777,3.9826e-18,94.8457
1.11074,5.20758,5.34451e-18,16.4487
0.963635,2.58667,4.0421e-17,3.9402
0.963635,1.25,1.48301e-24,3.125
0.784892,1.11603,1.96923e-24,2.49103
0.75,0.963635,0.000168746,1.85719
0.656803,0.784892,3.57797e-23,1.23211
0.382357,0.75,2.72632e-24,1.125
0.382357,0.656803,1.45701e-27,0.862781
0.25,0.382357,0.000123682,0.292394
0.0429989,0.25,3.68984e-22,0.125
0.0429989,0.0429989,0.0593598,0.00369781
-0.106088,-0.106088,1.77984e-23,0.0225093
-0.25,-0.25,3.23721e-24,0.125
-0.485342,-0.485342,9.57775e-23,0.471113
-0.616025,-0.559064,2.73235e-15,0.280571
-0.75,-0.616025,2.28898e-21,0.758975
-0.872789,-0.75,7.33819e-24,1.125
-0.872789,-0.872789,0.204361,1.52352
-1.01421,-1.01421,0.00484985,2.05723
-1.01421,-1.18523,9.51531e-23,2.80953
-1.18523,-1.42146,9.52917e-25,4.04111
-1.41708,-2.002,0.731137,8.01597
-1.42146,-2.36469,3.32213e-14,18.7353
-1.99984,-2.49358,3.11223e-21,12.4359
-2.002,-5.84951,1.63807e-16,4.54448
-2.002,-9.74147,7.90933e-18,122.449
-2.49358,-51.4376,2.75154e-17,6577.99
-2.49358,-76.0065,1.8394e-18,4056.97
