1.25,27.841,3.63095e-18,553.084
1.25,12.5219,2.81218e-18,115.434
1.11603,9.30968,4.14941e-18,49.4711
1.1159,7.44635,1.02288e-19,81.5114
0.963635,3.82815,2.72232e-17,17.7939
0.963635,1.25,1.4824e-24,3.125
0.784892,1.11603,1.97097e-24,2.49103
0.75,1.01803,1.28649e-16,0.803648
0.656803,0.963635,0.000168746,1.85719
0.382357,0.784892,3.59507e-23,1.23211
0.382357,0.75,2.23581e-24,1.125
0.25,0.656803,2.99897e-25,0.862781
0.0429989,0.382357,0.000123682,0.292394
0.0429989,0.25,3.69247e-22,0.125
-0.106088,0.0429989,0.0593598,0.00369781
-0.25,-0.106088,1.99384e-23,0.0225093
-0.485342,-0.25,2.77116e-27,0.125
-0.616025,-0.485342,3.16347e-25,0.471113
-0.75,-0.616025,2.31505e-21,0.758975
-0.872789,-0.75,2.72913e-28,1.125
-0.872789,-0.872789,0.204361,1.52352
-1.01421,-1.01421,0.00484985,2.05723
-1.01421,-1.08694,1.89045e-16,10.7009
-1.16571,-1.18523,9.51478e-23,2.80953
-1.18523,-1.42146,9.52731e-25,4.04111
-1.42125,-2.002,0.731137,8.01597
-1.42146,-2.49358,3.11208e-21,12.4359
-2.002,-3.56162,2.67299e-15,28.9078
-2.002,-5.86084,1.92166e-16,5.78575
-2.00201,-16.0135,7.90521e-19,24.556
-2.49358,-55.7125,3.07898e-17,4605.91
-2.49358,-80.9499,8.72321e-20,12200.8
