1.25,27.8911,3.87876e-18,1067.12
1.25,20.1659,1.01201e-18,407.773
1.11603,10.3457,3.36904e-19,228.307
1.11596,8.34948,1.14378e-17,90.2891
0.963635,7.2152,5.11641e-18,0.883729
0.963635,2.63477,3.12925e-20,4.67202
0.784892,1.25,1.48265e-24,3.125
0.75,1.11603,1.9693e-24,2.49103
0.656803,0.963635,0.000168746,1.85719
0.382357,0.784892,3.5832e-23,1.23211
0.382357,0.75,2.55689e-24,1.125
0.25,0.656803,6.39643e-26,0.862781
0.0429989,0.382357,0.000123682,0.292394
0.0429989,0.25,3.69261e-22,0.125
-0.106088,0.0429989,0.0593598,0.00369781
-0.25,-0.0454483,2.06535e-15,7.13503
-0.415804,-0.106088,2.06223e-23,0.0225093
-0.485342,-0.25,1.06627e-26,0.125
-0.616025,-0.485342,3.114e-25,0.471113
-0.75,-0.616025,2.3148e-21,0.758975
-0.872789,-0.75,5.90481e-26,1.125
-0.872789,-0.872789,0.204361,1.52352
-1.01421,-1.01421,0.00484985,2.05723
-1.01421,-1.18523,9.51473e-23,2.80953
-1.18523,-1.42146,9.52653e-25,4.04111
-1.2164,-2.002,0.731137,8.01597
-1.42146,-2.49358,3.11209e-21,12.4359
-1.42204,-3.13598,7.09197e-16,23.9143
-2.002,-4.43854,1.74808e-15,26.8813
-2.002,-8.68989,1.2724e-18,158.799
-2.00208,-16.7391,1.79703e-18,267.754
-2.49358,-55.8703,3.11738e-17,6504.68
-2.49358,-91.5954,2.74255e-21,9071.67
