1.25,27.9223,4.07729e-18,343.789
1.25,20.2045,1.18707e-18,406.198
1.11603,11.2469,1.08167e-18,210.67
1.116,8.66756,2.57077e-18,14.1439
0.963635,8.28118,2.10254e-17,47.0218
0.963635,4.24968,6.39284e-18,23.3688
0.784892,1.67083,1.11505e-17,3.35298
0.75,1.25,1.48451e-24,3.11143e-15
0.656803,1.11603,1.96938e-24,4.92097e-14
0.466499,0.963635,0.000168746,3.0653e-14
0.382357,0.784892,3.58458e-23,1.06584e-12
0.382357,0.75,2.5271e-24,8.86617e-11
0.25,0.656803,7.74629e-26,6.21461e-10
0.0429989,0.382357,0.000123682,3.99738e-15
0.0429989,0.25,3.69182e-22,8.57659e-14
-0.106088,0.0429989,0.0593598,6.86206e-17
-0.25,-0.106088,1.89827e-23,1.97766e-11
-0.485342,-0.25,1.98785e-25,1.47043e-10
-0.616025,-0.485342,4.95485e-26,4.21233e-10
-0.75,-0.616025,2.31544e-21,3.05429e-13
-0.872789,-0.75,1.33147e-26,9.98253e-11
-0.872789,-0.872789,0.204361,8.28794e-14
-1.01421,-1.01421,0.00484985,7.09317e-14
-1.01421,-1.18523,9.51534e-23,1.03125e-13
-1.16902,-1.42146,9.53144e-25,1.11245e-13
-1.18523,-2.002,0.731137,1.39268e-12
-1.42121,-2.29977,7.10866e-14,12.8335
-1.42146,-2.49358,3.11214e-21,1.59956e-13
-2.0019,-3.51567,6.92964e-16,7.35088
-2.002,-5.14254,4.55327e-16,4.72175
-2.002,-9.82011,1.03123e-21,354.727
-2.25048,-16.7775,2.20418e-18,348.638
-2.49358,-56.5139,2.98409e-17,2243.19
-2.49358,-91.6496,3.91623e-21,3757.51
