1.25,28.1997,4.65265e-18,807.012
1.25,20.2526,1.33232e-18,585.673
1.11603,11.2499,1.24214e-18,192.085
1.11602,8.67671,4.25424e-18,260.823
0.963635,8.34233,2.38037e-17,69.8975
0.963635,5.06379,2.902e-18,33.532
0.784892,2.16777,8.30581e-17,12.8579
0.75,1.25,1.48273e-24,3.125
0.713047,1.11603,1.96872e-24,2.49103
0.656803,0.963635,0.000168746,1.85719
0.382357,0.784892,3.44385e-23,1.23211
0.382357,0.75,1.17035e-23,1.125
0.25,0.656803,6.76834e-22,0.862782
0.0429989,0.624367,1.63042e-15,3.37449
0.0429989,0.382357,0.000123682,0.292394
-0.106088,0.25,3.71297e-22,0.125
-0.25,0.0429989,0.0593598,0.00369781
-0.420379,-0.106088,2.0376e-23,0.0225093
-0.485342,-0.25,3.17682e-25,0.125
-0.616025,-0.485342,2.90198e-24,0.471113
-0.75,-0.616025,2.31258e-21,0.758975
-0.872789,-0.75,9.48688e-25,1.125
-0.872789,-0.872789,0.204361,1.52352
-1.01421,-1.01421,0.00484985,2.05723
-1.01421,-1.18523,9.51531e-23,2.80953
-1.18285,-1.42146,9.53494e-25,4.04111
-1.18523,-2.002,0.731137,8.01597
-1.42144,-2.49358,3.11203e-21,12.4359
-1.42146,-3.49982,4.40159e-16,0.43996
-2.00199,-3.88327,1.01608e-16,43.0623
-2.002,-6.12287,2.79084e-16,38.8292
-2.002,-10.2709,3.00819e-19,239.786
-2.48505,-16.9351,1.94894e-18,421.177
-2.49358,-56.6214,2.95478e-17,5579.64
-2.49358,-92.3688,3.61826e-21,10041.7
