1.25,28.6882,4.79691e-18,851.449
1.25,20.2713,1.37896e-18,947.099
1.11603,13.6003,5.04411e-19,39.5528
1.11603,8.80796,2.89558e-18,64.9339
0.963635,8.36022,2.52286e-17,43.7388
0.963635,5.06383,2.89199e-18,7.23022
0.786598,2.36065,2.93165e-17,23.4249
0.784892,1.25,1.45756e-24,3.125
0.75,1.24617,6.73282e-16,3.02505
0.656803,1.11603,1.97543e-24,2.49103
0.382357,0.963635,0.000168746,1.85719
0.382357,0.784892,3.67543e-23,1.23211
0.25,0.75,5.39861e-25,1.125
0.24363,0.656803,8.47268e-24,0.862781
0.0429989,0.382357,0.000123682,0.292394
0.0429989,0.25,3.70621e-22,0.125
-0.106088,0.0429989,0.0593598,0.00369781
-0.25,-0.106088,2.03748e-23,0.0225093
-0.485342,-0.25,4.96695e-25,0.125
-0.614329,-0.485342,5.74272e-24,0.471113
-0.616025,-0.616025,2.3104e-21,0.758975
-0.75,-0.75,6.88238e-24,1.125
-0.872789,-0.872789,0.204361,1.52352
-0.872789,-0.881594,8.33526e-13,5.67107
-1.01421,-1.01421,0.00484985,2.05723
-1.01421,-1.18523,9.51496e-23,2.80953
-1.18521,-1.42146,9.53884e-25,4.04111
-1.18523,-2.002,0.731137,8.01597
-1.42146,-2.49358,3.11215e-21,12.4359
-1.42146,-3.65634,5.85348e-16,15.4753
-2.002,-5.0512,1.03102e-16,26.7298
-2.002,-6.26766,2.06948e-16,8.44525
-2.002,-15.6436,1.31276e-21,344.352
-2.49357,-17.3759,2.31546e-18,264.582
-2.49358,-57.0827,2.97025e-17,6333.61
-2.49358,-92.3858,2.14755e-21,17170.3
