1.25,31.5999,4.40898e-18,1398.34
1.25,20.6526,6.58707e-19,793.258
1.11603,14.3957,1.36329e-22,111.104
1.11603,8.80896,2.94395e-18,25.5167
0.963635,8.3683,2.39555e-17,39.8308
0.963635,5.62952,9.49593e-19,15.3363
0.788676,3.14389,7.07522e-17,25.9382
0.784892,1.25772,6.7862e-16,1.30314
0.75,1.25,1.49392e-24,2.37208e-13
0.656803,1.11603,1.97474e-24,1.23161e-14
0.382357,0.963635,0.000168746,3.42285e-12
0.382357,0.784892,3.67585e-23,9.31144e-12
0.340029,0.75,5.17689e-25,2.57492e-09
0.25,0.656803,9.33772e-24,1.92629e-08
0.182612,0.382357,0.000123682,8.15891e-15
0.0429989,0.25,3.71236e-22,3.62209e-12
0.0429989,0.0429989,0.0593598,8.47674e-15
-0.106088,-0.0362099,1.50322e-16,8.82095
-0.25,-0.106088,1.55288e-23,1.89851e-09
-0.485342,-0.25,6.12297e-25,4.85944e-09
-0.616025,-0.485342,4.65883e-25,3.54141e-09
-0.616455,-0.616025,2.31403e-21,1.22547e-12
-0.75,-0.75,3.90765e-25,3.60714e-11
-0.872789,-0.872789,0.204361,1.89296e-14
-0.872789,-1.01421,0.00484985,1.80971e-14
-1.01421,-1.18523,9.51454e-23,1.61085e-13
-1.01421,-1.42146,9.53102e-25,6.84134e-14
-1.18522,-2.002,0.731137,1.54806e-13
-1.18523,-2.49358,3.11202e-21,1.4481e-12
-1.42146,-3.64011,5.05364e-16,36.7515
-1.42146,-4.85391,3.54037e-18,16.7826
-2.002,-5.32538,3.40757e-16,1.88284
-2.002,-7.96035,4.79004e-17,9.74844
-2.002,-15.7751,1.22708e-19,115.429
-2.49358,-17.4948,1.63238e-18,279.909
-2.49358,-58.4745,2.86259e-17,518.325
-2.49358,-93.7036,3.93279e-20,975.753
