1.25,33.0867,3.64532e-18,715.982
1.25,21.2713,1.11842e-18,674.729
1.11603,14.4111,2.39392e-22,394.001
1.11603,9.21835,2.68982e-18,5.38998
0.963635,8.36832,2.38807e-17,121.733
0.963635,5.73503,7.91431e-19,53.2263
0.871257,3.25558,3.36863e-17,4.23237
0.784892,1.93933,4.97748e-16,11.8274
0.780713,1.25,1.48245e-24,5.27063e-14
0.75,1.11603,1.97062e-24,1.2267e-13
0.656803,0.963635,0.000168746,3.34608e-15
0.382357,0.784892,3.62263e-23,6.89626e-12
0.382357,0.75,1.45526e-24,2.5727e-09
0.25,0.656803,2.69652e-24,5.18284e-09
0.243594,0.382357,0.000123682,2.02897e-14
0.0429989,0.25,3.7503e-22,8.29389e-10
0.0429989,0.23332,2.88122e-17,2.82848
-0.106088,0.0429989,0.0593598,1.00209e-16
-0.25,-0.106088,1.93531e-23,4.23978e-10
-0.340976,-0.25,5.55965e-29,1.99513e-09
-0.485342,-0.485342,1.34638e-24,5.74556e-10
-0.616025,-0.616025,2.31341e-21,5.45675e-13
-0.618323,-0.75,6.33911e-25,1.82414e-10
-0.75,-0.872789,0.204361,5.88812e-14
-0.872789,-1.01421,0.00484985,2.15405e-13
-0.872789,-1.18523,9.51521e-23,1.07354e-14
-1.01421,-1.42146,9.532e-25,8.03312e-14
-1.01421,-2.002,0.731137,1.73089e-14
-1.18522,-2.49358,3.11204e-21,9.38276e-14
-1.18523,-2.9404,7.30432e-17,5.44361
-1.42146,-4.00686,1.8382e-16,24.8697
-1.42146,-5.15621,2.12151e-16,17.5306
-2.002,-7.89193,1.08094e-16,65.27
-2.002,-8.40875,3.82287e-17,46.108
-2.002,-15.8129,3.31732e-20,400.197
-2.49358,-17.5029,1.79003e-18,290.166
-2.49358,-58.5015,2.87024e-17,1498.06
-2.49358,-93.7062,4.0155e-20,879.16
