1.25,33.2227,3.74767e-18,371.598
1.25,22.1669,1.14985e-18,672.174
1.11603,15.1951,3.5135e-20,251.982
1.11603,11.7292,1.34666e-18,91.8783
0.963635,8.89756,1.75713e-17,122.655
0.963635,5.81527,4.81797e-18,0.999555
0.961022,5.09617,1.47114e-17,1.94619
0.784892,2.04016,1.7125e-16,7.29174
0.784779,1.73954,3.96013e-16,4.86294
0.75,1.25,1.48269e-24,3.125
0.656803,1.11603,1.97032e-24,2.49103
0.382357,0.963635,0.000168746,1.85719
0.382357,0.784892,3.62032e-23,1.23211
0.25,0.75,1.51232e-24,1.125
0.249295,0.656803,2.42063e-24,0.862781
0.0429989,0.382357,0.000123682,0.292394
0.0429989,0.25,3.72783e-22,0.125
-0.106088,0.219547,3.35197e-17,2.8765
-0.108202,0.0429989,0.0593598,0.00369781
-0.25,-0.106088,1.95968e-23,0.0225093
-0.485342,-0.25,4.38538e-27,0.125
-0.616025,-0.485342,1.38814e-24,0.471113
-0.616261,-0.616025,2.31337e-21,0.758975
-0.75,-0.75,6.32633e-25,1.125
-0.872789,-0.872789,0.204361,1.52352
-0.872789,-1.01421,0.00484985,2.05723
-0.89393,-1.18523,9.51602e-23,2.80953
-1.01421,-1.42146,9.5304e-25,4.04111
-1.01421,-2.002,0.731137,8.01597
-1.18523,-2.49358,3.112e-21,12.4359
-1.18523,-3.18075,3.3351e-16,12.2543
-1.42146,-4.81012,1.57882e-16,22.6659
-1.42146,-6.01118,2.10546e-16,71.2798
-2.002,-8.13751,7.5362e-18,103.422
-2.002,-10.0725,3.19569e-17,38.6863
-2.002,-16.7043,1.07176e-18,69.4763
-2.49358,-21.1196,1.78699e-18,122.826
-2.49358,-60.8021,2.6675e-17,6497.95
-2.49358,-93.7409,5.26607e-20,17414.7
