1.25,33.2663,3.86606e-18,959.193
1.25,22.942,1.31498e-18,806.731
1.11603,15.1962,3.68651e-20,325.057
1.11603,12.6423,4.79632e-19,142.279
0.963635,10.2384,6.06473e-18,165.828
0.963635,6.29336,4.22683e-17,77.7517
0.963166,5.4719,1.32801e-17,8.98772
0.784892,3.7491,5.4505e-17,11.9672
0.784839,1.94268,8.36448e-19,8.01411
0.75,1.25,1.48279e-24,8.14515e-14
0.656803,1.11603,1.96918e-24,1.80312e-13
0.382357,0.963635,0.000168746,3.81917e-14
0.382357,0.784892,3.56385e-23,1.31528e-11
0.25,0.75,3.47044e-24,3.98529e-09
0.249845,0.702856,8.4717e-16,2.48846
0.0429989,0.656803,4.8731e-25,2.65271e-08
0.0429989,0.382357,0.000123682,2.92801e-14
-0.0696072,0.25,3.68387e-22,1.51231e-10
-0.106088,0.109604,3.53801e-16,7.57865
-0.25,0.0429989,0.0593598,5.84065e-16
-0.415955,-0.106088,2.00179e-23,5.16669e-10
-0.485342,-0.25,8.96961e-26,1.9791e-10
-0.616025,-0.485342,1.79244e-24,9.00069e-11
-0.616945,-0.616025,2.31322e-21,7.63421e-13
-0.75,-0.75,6.63194e-25,6.39449e-11
-0.872789,-0.872789,0.204361,4.28571e-14
-0.872789,-1.01421,0.00484985,3.9969e-14
-0.957591,-1.18523,9.51709e-23,1.58432e-14
-1.01421,-1.42146,9.52697e-25,1.92736e-13
-1.01421,-2.002,0.731137,7.16726e-13
-1.18523,-2.49358,3.11208e-21,5.66663e-13
-1.18523,-4.56205,4.19783e-16,0.193439
-1.42146,-5.4016,6.74245e-17,44.9943
-1.42146,-6.13847,1.14245e-16,57.6716
-2.002,-8.76302,5.57643e-19,51.4005
-2.002,-12.0833,2.27122e-17,189.666
-2.002,-16.9165,6.00492e-19,241.475
-2.49358,-23.5925,4.21301e-18,7.25633
-2.49358,-61.4572,2.55709e-17,1276.46
-2.49358,-93.7608,5.62609e-20,457.68
