0.998032,4.9727,1.10997e-18,43.6168
0.808178,1.0564,3.65942e-18,2.06145
0.588705,1,9.75029e-24,2.81223e-10
0.58278,0.809017,8.08219e-22,4.21259e-13
0.309017,0.588705,0.0200671,6.77728e-15
0.232198,0.309017,0.0939395,1.03346e-15
-0.200465,0.207107,1.80859e-22,2.72445e-14
-0.626805,-0.309017,3.86669e-22,3.74372e-14
-0.660819,-0.660819,0.00691301,8.65987e-15
-0.804623,-0.809017,0.538507,8.9125e-16
-0.809017,-1.20711,8.50622e-22,1.86269e-14
-1.2071,-1.92789,0.340573,2.52255e-14
-1.92789,-3.16799,6.73457e-18,4.00116
-1.92789,-11.6973,1.26479e-16,6.4551
