1,5.06003,2.37394e-18,50.824
0.809017,1.21115,1.01378e-17,4.87015
0.588705,1,9.70635e-24,2
0.588705,0.809017,8.08119e-22,1.30902
0.309017,0.588705,0.0200671,0.693147
0.309017,0.309017,0.0939395,0.190983
0.207107,0.207107,1.80911e-22,0.0857864
-0.309017,-0.309017,3.86521e-22,0.190983
-0.660819,-0.660819,0.00691301,0.873362
-0.660819,-0.809017,0.538507,1.30902
-0.809017,-1.20711,8.50612e-22,2.91421
-0.809017,-1.92789,0.340573,7.43349
-1.20711,-3.13318,2.71721e-17,5.26456
-1.92789,-9.64061,7.60345e-17,256.795
-1.92789,-75.5972,1.00054e-17,5623.74
