1,5.32763,1.58696e-18,5.08334
0.809017,1.27888,2.5442e-18,3.20425
0.588705,1,9.72841e-24,2
0.588705,0.809017,8.08045e-22,1.30902
0.309017,0.588705,0.0200671,0.693147
0.309017,0.309017,0.0939395,0.190983
0.207107,0.207107,1.81209e-22,0.0857864
-0.309017,0.193491,4.64756e-17,0.438038
-0.660819,-0.309017,3.86427e-22,0.190983
-0.660819,-0.660819,0.00691301,0.873362
-0.809017,-0.809017,0.538507,1.30902
-0.809017,-1.20711,8.50611e-22,2.91421
-1.20711,-1.92789,0.340573,7.43349
-1.92346,-3.47383,3.35343e-17,19.994
-1.92789,-9.73053,7.25228e-17,206.22
-1.92789,-76.0098,9.94197e-18,6684.28
