1,5.4232,1.5789e-18,24.2469
0.809017,4.1947,9.04992e-17,5.15525
0.588705,1,9.69356e-24,2
0.588705,0.809017,8.08071e-22,1.30902
0.309017,0.588705,0.0200671,0.693147
0.309017,0.309017,0.0939395,0.190983
0.207107,0.209838,3.48927e-17,1.77164
-0.309017,0.207107,1.80943e-22,0.0857864
-0.660819,-0.309017,3.86069e-22,0.190983
-0.660819,-0.660819,0.00691301,0.873362
-0.809017,-0.809017,0.538507,1.30902
-0.809017,-1.20711,8.50663e-22,2.91421
-1.00282,-1.92789,0.340573,7.43349
-1.20711,-2.21009,1.44136e-14,15.3348
-1.92722,-8.70189,1.75363e-16,199.612
-1.92789,-9.95919,1.3698e-17,0.969636
-1.92789,-76.5533,1.05981e-17,4334.67
