1,8.04837,3.05455e-17,157.04
0.809017,4.80762,6.66788e-17,37.1573
0.699686,1,9.75216e-24,2
0.588705,0.809017,8.07887e-22,1.30902
0.588705,0.588705,0.0200671,0.693147
0.309017,0.309017,0.0939395,0.190983
0.309017,0.252992,2.89727e-17,2.38165
0.207107,0.207107,1.81247e-22,0.0857864
-0.309017,-0.309017,3.86315e-22,0.190983
-0.660819,-0.660819,0.00691301,0.873362
-0.660819,-0.809017,0.538507,1.30902
-0.809017,-0.978618,1.30924e-15,2.43349
-0.809017,-1.20711,8.50569e-22,2.91421
-1.19819,-1.92789,0.340573,7.43349
-1.20711,-4.26625,4.25385e-16,21.3123
-1.92787,-9.0375,7.58108e-17,210.489
-1.92789,-67.7222,1.35608e-19,5721.95
-1.92789,-81.8179,1.65624e-17,16662.6
