1,8.18965,2.81569e-17,61.6765
0.824476,6.301,8.12653e-19,13.8631
0.809017,4.38394,6.2294e-17,62.3446
0.588705,1,9.67979e-24,2
0.588705,0.809017,8.08153e-22,1.30902
0.309017,0.588705,0.0200671,0.693147
0.309017,0.309017,0.0939395,0.190983
0.207107,0.229572,9.61918e-17,0.59171
0.110114,0.207107,1.80918e-22,0.0857864
-0.309017,-0.309017,3.85909e-22,0.190983
-0.660819,-0.660819,0.00691301,0.873362
-0.660819,-0.809017,0.538507,1.30902
-0.809017,-1.20711,8.59434e-22,2.91421
-0.809017,-1.21075,1.38856e-15,1.79258
-1.20426,-1.92789,0.340573,7.43349
-1.20711,-7.41796,4.77441e-18,88.0782
-1.92788,-11.6598,1.13254e-16,247.241
-1.92789,-67.7227,1.40813e-19,1858.23
-1.92789,-82.1623,1.60291e-17,14749.5
