1,9.60304,2.91425e-17,28.0968
0.945203,6.77192,4.19084e-18,74.3855
0.809017,4.457,6.02732e-17,18.6988
0.588705,1.30729,3.15212e-17,0.764481
0.588705,1,9.78838e-24,2
0.520944,0.809017,8.08003e-22,1.30902
0.309017,0.588705,0.0200671,0.693147
0.309017,0.309017,0.0939395,0.190983
0.207107,0.207107,1.80815e-22,0.0857864
-0.309017,-0.040829,8.24928e-19,1.49764
-0.614329,-0.309017,3.86035e-22,0.190983
-0.660819,-0.660819,0.00691301,0.873362
-0.660819,-0.809017,0.538507,1.30902
-0.809017,-1.20711,8.50643e-22,2.91421
-0.809017,-1.92789,0.340573,7.43349
-1.2065,-2.77625,1.14261e-15,10.3453
-1.20711,-8.30718,1.60256e-18,77.3346
-1.92789,-12.601,1.04269e-16,235.221
-1.92789,-68.2568,7.14249e-20,1513.07
-1.92789,-82.1908,1.59504e-17,19379.6
