1,10.0666,4.18874e-17,190.176
0.981624,6.79886,5.63669e-18,53.8488
0.809017,4.58755,8.16941e-17,21.2487
0.604684,2.23589,1.14014e-16,3.19833
0.588705,1.24501,1.08342e-16,5.42751
0.588705,1,9.83085e-24,2
0.309017,0.809017,8.08001e-22,1.30902
0.309017,0.588705,0.0200671,0.693147
0.207107,0.309017,0.0939395,0.190983
0.0455864,0.207107,1.80841e-22,0.0857864
-0.309017,-0.0471681,1.2229e-18,0.555462
-0.660819,-0.309017,3.86189e-22,0.190983
-0.660819,-0.660819,0.00691301,0.873362
-0.767711,-0.809017,0.538507,1.30902
-0.809017,-1.20711,8.50592e-22,2.91421
-0.809017,-1.92789,0.340573,7.43349
-1.20703,-3.25693,4.54371e-18,9.66829
-1.20711,-8.3076,1.27479e-18,49.5803
-1.92789,-14.2903,5.08017e-17,192.342
-1.92789,-69.0718,6.15705e-19,3039.74
-1.92789,-85.4443,1.42734e-17,16740.2
