1,10.4581,4.82791e-17,52.2885
0.992571,6.85786,1.09503e-18,99.5208
0.809017,6.23989,4.14242e-17,3.64836
0.6636,2.76549,1.0282e-17,23.4189
0.588705,1.26675,5.28711e-17,1.384
0.588705,1,9.49651e-24,2
0.389058,0.809017,8.09015e-22,1.30902
0.309017,0.671317,5.88184e-17,2.00291
0.309017,0.588705,0.0200671,0.693147
0.207107,0.309017,0.0939395,0.190983
-0.229789,0.207107,1.8077e-22,0.0857864
-0.309017,-0.309017,3.86773e-22,0.190983
-0.660819,-0.660819,0.00691301,0.873362
-0.660819,-0.809017,0.538507,1.30902
-0.803653,-1.20711,8.52456e-22,2.91421
-0.809017,-1.36029,3.93803e-16,3.57147
-0.809017,-1.92789,0.340573,7.43349
-1.2071,-3.50892,3.32821e-20,27.8336
-1.20711,-8.44569,6.54306e-19,95.2136
-1.92789,-14.4524,4.87353e-17,258.723
-1.92789,-69.0866,6.73226e-19,12557.8
-1.92789,-86.7761,1.39298e-17,23860.3
