1,15.2344,4.98596e-17,252.848
0.999879,8.16581,1.03191e-20,16.1815
0.809017,6.49819,1.65878e-17,73.2807
0.806082,3.68343,2.843e-21,19.2998
0.588705,1.79816,4.70044e-18,0.388138
0.588705,1,5.42938e-24,2.20853e-09
0.58667,0.981477,1.90012e-16,2.56176
0.309017,0.809017,8.07312e-22,2.80265e-12
0.309017,0.588705,0.0200671,1.02904e-14
0.217792,0.309017,0.0939395,3.39066e-15
0.207107,0.207107,1.8087e-22,1.15255e-13
-0.308624,-0.309017,3.86694e-22,6.74794e-13
-0.309017,-0.660819,0.00691301,9.70441e-15
-0.660819,-0.809017,0.538507,7.78346e-15
-0.660819,-1.20711,8.50539e-22,8.66074e-14
-0.808989,-1.30275,4.27117e-17,0.661897
-0.809017,-1.92789,0.340573,1.06411e-13
-0.809017,-3.14281,6.24185e-18,14.4016
-1.20711,-6.08945,1.82418e-17,36.3504
-1.20711,-10.5143,5.04998e-17,34.7214
-1.92789,-27.9584,1.0299e-19,762.186
-1.92789,-69.4709,1.42327e-18,8853.14
-1.92789,-94.1697,1.1268e-17,166.791
