1,15.4223,5.1004e-17,171.305
0.999988,8.54825,5.91983e-20,54.8091
0.809017,6.70092,1.49054e-17,103.976
0.808629,5.14608,9.14488e-19,11.7261
0.588705,1.79991,4.85544e-18,4.60325
0.588705,1.01452,1.54009e-16,7.52553
0.588229,1,1.84834e-23,2
0.309017,0.809017,8.07012e-22,1.30902
0.309017,0.588705,0.0200671,0.693147
0.234304,0.309017,0.0939395,0.190983
0.207107,0.207107,1.83306e-22,0.0857864
0.148036,0.137978,1.26794e-15,4.2945
-0.309017,-0.309017,3.86774e-22,0.190983
-0.30946,-0.660819,0.00691301,0.873362
-0.660819,-0.809017,0.538507,1.30902
-0.660819,-1.20711,8.51122e-22,2.91421
-0.809008,-1.30986,4.44419e-17,3.50088
-0.809017,-1.92789,0.340573,7.43349
-0.809017,-3.54905,4.16461e-21,24.2566
-1.20711,-6.11406,1.70546e-17,136.351
-1.20711,-10.5149,5.05816e-17,112.774
-1.92789,-29.1638,1.37562e-19,1341.85
-1.92789,-70.1331,1.38789e-18,2511.12
-1.92789,-94.2767,1.13876e-17,25014.2
