1,16.254,4.04253e-17,386.283
0.999998,9.72645,6.47741e-18,34.6978
0.809017,6.78475,6.29001e-18,56.6854
0.809011,5.79097,2.28239e-17,29.0445
0.588707,3.35405,6.98927e-17,5.17198
0.588705,1.79885,3.07179e-18,7.69356
0.588705,1,9.66932e-24,4.09894e-12
0.309017,0.809017,8.08166e-22,8.79309e-14
0.309017,0.588705,0.0200671,1.85415e-14
0.309012,0.493644,3.78686e-16,1.6942
0.207119,0.309017,0.0939395,3.60791e-15
0.207107,0.207107,1.81351e-22,6.53047e-13
-0.309017,-0.309017,3.87365e-22,7.87982e-13
-0.309025,-0.660819,0.00691301,1.36286e-14
-0.660819,-0.803148,5.52111e-13,1.88902
-0.660819,-0.809017,0.538507,1.36802e-12
-0.660843,-1.20711,8.50626e-22,9.77733e-14
-0.809017,-1.92789,0.340573,7.18774e-15
-0.809017,-3.45262,2.31455e-17,5.74544
-0.809021,-4.74416,1.61587e-16,23.4332
-1.20711,-6.20391,1.74304e-18,27.2407
-1.20711,-13.0743,1.68215e-17,25.611
-1.92789,-29.8726,1.15885e-19,1199.64
-1.92789,-70.1814,1.45647e-18,9264.53
-1.92789,-94.967,1.12471e-17,2070.32
