1,17.8465,3.38174e-17,325.951
0.999998,9.98385,9.02996e-18,51.7863
0.809017,7.65558,4.17833e-18,80.3485
0.809011,6.10173,4.26786e-18,42.0276
0.588707,4.02929,4.10221e-17,10.4616
0.588705,3.33762,5.67595e-17,4.36176
0.588705,1,9.67367e-24,2
0.309017,0.809017,8.08189e-22,1.30902
0.309017,0.588705,0.0200671,0.693147
0.309015,0.499634,3.2965e-16,0.982499
0.207119,0.309017,0.0939395,0.190983
0.207107,0.207107,1.81302e-22,0.0857864
-0.309017,-0.309017,3.87004e-22,0.190983
-0.309025,-0.413144,8.63925e-16,0.726401
-0.660705,-0.660819,0.00691301,0.873362
-0.660819,-0.809017,0.538507,1.30902
-0.660819,-1.20711,8.50584e-22,2.91421
-0.809017,-1.92789,0.340573,7.43349
-0.809017,-2.27316,1.55149e-16,7.27736
-0.809021,-3.57852,1.63888e-17,14.3889
-0.817341,-4.79421,1.67983e-16,23.8645
-1.20711,-9.56663,1.6875e-18,160.42
-1.20711,-13.0839,1.75094e-17,362.539
-1.92789,-29.9108,6.78634e-20,337.469
-1.92789,-70.5024,9.57731e-19,2156.17
-1.92789,-101.048,1.03684e-17,34718.1
