1,23.7415,2.36382e-18,409.201
0.999998,14.2332,4.65031e-17,74.6126
0.866393,7.65608,4.25932e-18,52.296
0.809017,6.15101,4.4175e-18,38.9637
0.809011,4.22635,5.72662e-18,29.911
0.588707,4.02644,4.74736e-17,7.67212
0.588705,1.5189,1.50592e-16,7.93729
0.588705,1,9.81109e-24,2
0.309017,0.809017,8.07944e-22,1.30902
0.309017,0.588705,0.0200671,0.693147
0.309012,0.452283,5.69423e-16,0.287277
0.207119,0.309017,0.0939395,0.190983
0.207107,0.207107,1.81253e-22,0.0857864
-0.309017,-0.309017,3.86921e-22,0.190983
-0.309025,-0.660819,0.00691301,0.873362
-0.660819,-0.716258,4.79488e-15,0.277116
-0.660819,-0.809017,0.538507,1.30902
-0.660825,-1.20711,8.50605e-22,2.91421
-0.809017,-1.92789,0.340573,7.43349
-0.809017,-2.82712,8.23262e-17,24.67
-0.809021,-3.59562,3.08841e-18,23.1199
-1.20711,-9.56611,1.44768e-18,209.651
-1.20711,-12.9334,6.62086e-18,267.725
-1.4116,-16.5271,3.67163e-17,133.673
-1.92789,-30.6601,1.24182e-19,1890.28
-1.92789,-80.033,1.83087e-18,8744.83
-1.92789,-105.329,9.5366e-18,24118.9
