1,25.7228,1.61472e-18,569.375
0.999998,14.9085,3.01382e-17,150.622
0.99385,8.89834,7.18576e-18,13.572
0.809017,6.3275,1.75346e-17,87.8199
0.809011,4.23348,2.5209e-17,53.0497
0.588707,4.16878,6.19519e-17,56.9493
0.588705,2.19826,1.65109e-16,12.3569
0.588705,1,9.78012e-24,1.97591e-11
0.309017,0.809017,8.07943e-22,1.26358e-13
0.309017,0.588705,0.0200671,1.75783e-14
0.309013,0.513852,1.42507e-16,5.22074
0.207119,0.309017,0.0939395,7.74494e-15
0.207107,0.207107,1.8134e-22,2.76516e-13
-0.309017,-0.30823,1.96166e-19,3.58809
-0.309025,-0.309017,3.88643e-22,4.26428e-08
-0.660818,-0.660819,0.00691301,6.06241e-14
-0.660819,-0.809017,0.538507,2.29003e-14
-0.660819,-1.20711,8.5066e-22,7.46721e-14
-0.809017,-1.79426,1.28313e-14,3.78602
-0.809017,-1.92789,0.340573,2.61142e-13
-0.809021,-3.16365,8.5176e-18,39.7437
-1.19708,-3.97683,1.42003e-17,8.63675
-1.20711,-9.80282,6.85867e-19,96.6149
-1.20711,-13.571,1.02858e-17,254.658
-1.9114,-16.5474,3.49407e-17,115.175
-1.92789,-32.0467,2.51222e-19,887.016
-1.92789,-80.0374,1.81238e-18,3340.27
-1.92789,-106.585,9.67088e-18,8545.21
