1,26.7667,8.66621e-19,720.854
0.999998,15.0627,2.54022e-17,4.63395
0.998813,8.91686,8.87017e-18,160.328
0.809017,6.7175,1.70782e-18,143.145
0.809011,4.69743,7.54305e-17,1.7553
0.588707,4.16947,5.46595e-17,38.7374
0.588705,2.2,1.73338e-16,2.6464
0.588705,1.74021,2.83721e-17,6.54248
0.455121,1,9.78536e-24,2
0.309017,0.809017,8.07961e-22,1.30902
0.309017,0.588705,0.0200671,0.693147
0.309012,0.309017,0.0939395,0.190983
0.207119,0.207107,1.80097e-22,0.0857864
0.207107,0.174285,1.0087e-16,2.17952
-0.309017,-0.309017,3.87145e-22,0.190983
-0.309025,-0.660819,0.00691301,0.873362
-0.660818,-0.809017,0.538507,1.30902
-0.660819,-1.00487,2.9519e-15,2.76198
-0.660819,-1.20711,8.50557e-22,2.91421
-0.809017,-1.92789,0.340573,7.43349
-0.809017,-2.74944,1.38219e-16,4.47424
-0.809021,-3.93605,1.28973e-17,19.1894
-1.20644,-4.32778,1.1666e-18,14.8206
-1.20711,-10.1327,6.42173e-21,7.31962
-1.20711,-14.8897,3.29987e-19,217.11
-1.92743,-17.5687,4.52046e-17,50.8437
-1.92789,-32.2161,1.04725e-19,1117.1
-1.92789,-80.5958,1.77707e-18,1435.73
-1.92789,-107.103,1.00144e-17,24760.8
