1,63.9897,4.89401e-18,6907.88
0.999998,24.4023,4.42597e-18,641.757
0.999883,15.0089,2.27372e-17,189.325
0.809017,7.67394,3.97223e-18,60.4036
0.809011,5.45954,4.73117e-17,40.0148
0.60012,4.38761,1.14309e-18,27.0843
0.588707,3.59627,1.25613e-16,16.6412
0.588705,2.19584,1.55616e-16,1.62129
0.588705,1.11062,6.12106e-18,5.94977
0.309017,1,9.89852e-24,2
0.309017,0.809017,8.07937e-22,1.30902
0.309012,0.588705,0.0200671,0.693147
0.207119,0.309017,0.0939395,0.190983
0.207107,0.207107,1.81211e-22,0.0857864
-0.309017,-0.309017,3.8566e-22,0.190983
-0.309025,-0.393902,5.02623e-16,2.50903
-0.310708,-0.660819,0.00691301,0.873362
-0.660819,-0.809017,0.538507,1.30902
-0.660819,-1.20711,8.50701e-22,2.91421
-0.660819,-1.39012,7.80751e-18,0.843317
-0.809017,-1.92789,0.340573,7.43349
-0.809017,-3.2171,4.72089e-17,12.2901
-0.809021,-3.95287,1.65885e-17,4.73937
-1.20708,-6.09723,3.32727e-18,74.2603
-1.20711,-10.5353,1.187e-19,275.469
-1.20711,-17.3446,4.34371e-17,597.705
-1.92788,-23.7814,2.58836e-18,462.744
-1.92789,-34.6428,1.35789e-19,2178.05
-1.92789,-83.6502,9.86292e-20,11719.3
-1.92789,-163.324,9.14504e-18,90894.8
