1,67.7068,5.1052e-18,9696.08
0.999999,25.5368,3.99472e-18,808.521
0.999924,15.0089,2.27242e-17,425.053
0.809017,7.68675,3.34423e-18,59.189
0.809011,6.4824,3.55979e-18,5.52642
0.611981,5.35056,7.57041e-17,19.047
0.588707,4.3729,6.47591e-18,29.9756
0.588705,2.47719,1.36153e-17,7.9415
0.588705,2.0784,2.74557e-16,0.639194
0.309017,1,9.87305e-24,3.17724e-12
0.309017,0.809017,8.07739e-22,9.80549e-13
0.309013,0.588705,0.0200671,2.53762e-14
0.24553,0.309017,0.0939395,1.01736e-12
0.207119,0.207107,1.81043e-22,5.8284e-13
0.207107,0.172124,7.6125e-17,0.691914
-0.309017,-0.309017,3.85481e-22,3.99514e-12
-0.309025,-0.415085,9.14507e-16,5.28598
-0.351975,-0.660819,0.00691301,4.34768e-14
-0.660819,-0.809017,0.538507,3.17839e-14
-0.660819,-1.20711,8.506e-22,6.46158e-14
-0.660819,-1.92789,0.340573,1.6156e-13
-0.809017,-3.10605,3.38948e-17,11.659
-0.809017,-3.22668,3.43042e-17,1.81201
-0.809021,-5.04079,2.65694e-17,23.7603
-1.2071,-8.00771,2.13201e-18,101.711
-1.20711,-11.2503,5.01998e-19,149.166
-1.20711,-17.5747,4.22146e-17,211.619
-1.92789,-24.5933,1.89341e-18,1511.84
-1.92789,-38.8092,3.71672e-19,243.11
-1.92789,-84.1459,1.31158e-19,3891.02
-1.92789,-163.351,9.11765e-18,666.473
