1,68.1003,5.13001e-18,3795.49
1,26.0643,3.36674e-18,1186.56
0.999981,15.4788,2.29665e-17,185.299
0.809017,8.1301,1.25838e-18,39.5194
0.809011,7.08545,9.20785e-19,80.3424
0.795561,6.4799,3.50951e-18,42.1561
0.588707,5.29611,8.15539e-17,64.251
0.588705,4.09774,2.21341e-18,1.75337
0.588705,2.20681,2.00777e-16,17.0491
0.586764,1.37195,2.0284e-16,11.0906
0.309017,1,9.86165e-24,2
0.309017,0.809017,8.07803e-22,1.30902
0.309012,0.588705,0.0200671,0.693147
0.207119,0.309017,0.0939395,0.190983
0.207107,0.207107,1.81162e-22,0.0857864
-0.306913,-0.121142,2.38601e-17,0.440576
-0.309017,-0.309017,3.86923e-22,0.190983
-0.309025,-0.660819,0.00691301,0.873362
-0.660819,-0.809017,0.538507,1.30902
-0.660819,-1.20711,8.50619e-22,2.91421
-0.660819,-1.77004,1.15704e-15,2.90206
-0.794565,-1.92789,0.340573,7.43349
-0.809017,-3.16047,6.39695e-17,11.7504
-0.809017,-5.02635,2.23802e-17,3.65399
-0.809021,-5.93207,9.28012e-18,68.3876
-1.20711,-8.03491,1.61015e-18,167.676
-1.20711,-13.0507,4.48594e-18,143.8
-1.20711,-17.8776,3.78389e-17,386.35
-1.92789,-24.8209,2.24387e-18,856.663
-1.92789,-39.0177,3.23221e-19,2033.26
-1.92789,-85.4322,1.72405e-19,13673.9
-1.92789,-164.401,9.055e-18,92582.7
