0,20.4606
0.02,20.785
0.04,20.4323
0.06,19.8505
0.08,19.4791
0.1,19.6106
0.12,20.3846
0.14,21.8095
0.16,23.7407
0.18,25.8162
0.2,27.4377
0.22,27.9527
0.24,27.0395
0.26,24.9422
0.28,22.2674
0.3,19.5908
0.32,17.2538
0.34,15.3786
0.36,13.9643
0.38,12.97
0.4,12.3578
0.42,12.0939
0.44,12.122
0.46,12.3288
0.48,12.5246
0.5,12.4822
0.52,12.0523
0.54,11.2642
0.56,10.2939
0.58,9.33874
0.6,8.53249
0.62,7.93706
0.64,7.56742
0.66,7.41193
0.68,7.43624
0.7,7.57326
0.72,7.71299
0.74,7.7209
0.76,7.50173
0.78,7.06288
0.8,6.50336
0.82,5.94173
0.84,5.46182
0.86,5.1048
0.88,4.88381
0.9,4.79811
0.92,4.83823
0.94,4.98186
0.96,5.18263
0.98,5.36156
1,5.42156
1.02,5.29618
1.04,4.99601
1.06,4.59805
1.08,4.19131
1.1,3.83745
1.12,3.56613
1.14,3.38674
1.16,3.30001
1.18,3.3042
1.2,3.39604
1.22,3.56673
1.24,3.79287
1.26,4.02539
1.28,4.18843
1.3,4.20586
1.32,4.04906
1.34,3.75827
1.36,3.41077
1.38,3.07458
1.4,2.78881
1.42,2.56844
1.44,2.41565
1.46,2.32817
1.48,2.30359
1.5,2.34058
1.52,2.43773
1.54,2.58973
1.56,2.78015
1.58,2.97285
1.6,3.11068
1.62,3.13525
1.64,3.02352
1.66,2.80527
1.68,2.53955
1.7,2.27887
1.72,2.05354
1.74,1.87497
1.76,1.74433
1.78,1.65911
1.8,1.61665
1.82,1.61559
1.84,1.65603
1.86,1.73876
1.88,1.86299
1.9,2.02183
1.92,2.1954
1.94,2.34569
1.96,2.42324
1.98,2.39246
2,2.25747
2.02,2.05853
2.04,1.84351
2.06,1.64586
2.08,1.48122
2.1,1.35349
2.12,1.26128
2.14,1.20185
2.16,1.17297
2.18,1.17363
2.2,1.20395
2.22,1.26458
2.24,1.35495
2.26,1.46999
2.28,1.59512
2.3,1.7026
2.32,1.7566
2.34,1.73172
2.36,1.63147
2.38,1.48528
2.4,1.32768
2.42,1.1826
2.44,1.06111
2.46,0.965819
2.48,0.895555
2.5,0.848162
2.52,0.821832
2.54,0.815583
2.56,0.829259
2.58,0.863118
2.6,0.916781
2.62,0.98715
2.64,1.06522
2.66,1.13349
2.68,1.16873
2.7,1.15344
2.72,1.08845
2.74,0.992054
2.76,0.886827
2.78,0.788886
2.8,0.705876
2.82,0.639739
2.84,0.589765
2.86,0.554487
2.88,0.532532
2.9,0.522841
2.92,0.524418
2.94,0.535635
2.96,0.553033
2.98,0.570108
3,0.577673
3.02,0.567587
3.04,0.538055
3.06,0.494778
3.08,0.446449
3.1,0.39991
3.12,0.358626
3.14,0.323522
3.16,0.29422
3.18,0.269873
3.2,0.249586
3.22,0.232565
3.24,0.218167
3.26,0.205883
3.28,0.195324
3.3,0.186189
3.32,0.178256
3.34,0.171356
3.36,0.165367
3.38,0.160193
3.4,0.155751
3.42,0.151936
3.44,0.148578
3.46,0.145403
3.48,0.142069
3.5,0.138315
3.52,0.13412
3.54,0.1297
3.56,0.125326
3.58,0.12119
3.6,0.117374
3.62,0.113884
3.64,0.110693
3.66,0.107762
3.68,0.105054
3.7,0.102537
3.72,0.100184
3.74,0.0979722
3.76,0.0958849
3.78,0.0939074
3.8,0.0920279
3.82,0.0902366
3.84,0.0885256
3.86,0.0868882
3.88,0.0853187
3.9,0.0838125
3.92,0.0823658
3.94,0.0809753
3.96,0.0796386
3.98,0.0783535
4,0.0771178
