0,20.5413
0.02,20.8612
0.04,20.4637
0.06,19.7972
0.08,19.3115
0.1,19.3118
0.12,19.9544
0.14,21.2788
0.16,23.2006
0.18,25.4477
0.2,27.4936
0.22,28.6324
0.24,28.3115
0.26,26.5136
0.28,23.7561
0.3,20.7067
0.32,17.8511
0.34,15.4217
0.36,13.4759
0.38,11.9885
0.4,10.9089
0.42,10.1896
0.44,9.79606
0.46,9.70826
0.48,9.91541
0.5,10.4033
0.52,11.1293
0.54,11.9833
0.56,12.7534
0.58,13.1525
0.6,12.9516
0.62,12.1388
0.64,10.9236
0.66,9.58108
0.68,8.31272
0.7,7.21479
0.72,6.31002
0.74,5.58539
0.76,5.01629
0.78,4.57797
0.8,4.25001
0.82,4.01744
0.84,3.87064
0.86,3.80507
0.88,3.8209
0.9,3.92279
0.92,4.11938
0.94,4.42173
0.96,4.83918
0.98,5.36972
1,5.98213
1.02,6.5927
1.04,7.05721
1.06,7.21539
1.08,6.98817
1.1,6.43864
1.12,5.72174
1.14,4.9852
1.16,4.31775
1.18,3.7531
1.2,3.2929
1.22,2.92543
1.24,2.63577
1.26,2.41025
1.28,2.23783
1.3,2.11026
1.32,2.02191
1.34,1.9694
1.36,1.95145
1.38,1.96877
1.4,2.02406
1.42,2.12209
1.44,2.2696
1.46,2.47474
1.48,2.74504
1.5,3.08252
1.52,3.47391
1.54,3.87648
1.56,4.20902
1.58,4.37041
1.6,4.29531
1.62,4.00333
1.64,3.58314
1.66,3.13164
1.68,2.71281
1.7,2.35416
1.72,2.06008
1.74,1.8245
1.76,1.63835
1.78,1.49288
1.8,1.38082
1.82,1.29665
1.84,1.23642
1.86,1.19759
1.88,1.17889
1.9,1.18016
1.92,1.20243
1.94,1.2479
1.96,1.32
1.98,1.42333
2,1.56315
2.02,1.74391
2.04,1.96561
2.06,2.21703
2.08,2.4667
2.1,2.65958
2.12,2.73364
2.14,2.65733
2.16,2.45403
2.18,2.18345
2.2,1.90328
2.22,1.64851
2.24,1.43266
2.26,1.2566
2.28,1.11591
2.3,1.00484
2.32,0.918064
2.34,0.851279
2.36,0.801238
2.38,0.765672
2.4,0.743173
2.42,0.733098
2.44,0.735532
2.46,0.751272
2.48,0.781845
2.5,0.829474
2.52,0.896875
2.54,0.986591
2.56,1.09933
2.58,1.23067
2.6,1.36623
2.62,1.47851
2.64,1.53299
2.66,1.50698
2.68,1.40661
2.7,1.26189
2.72,1.10595
2.74,0.960864
2.76,0.836185
2.78,0.733514
2.8,0.650837
2.82,0.585089
2.84,0.533318
2.86,0.493103
2.88,0.462634
2.9,0.440671
2.92,0.426474
2.94,0.419705
2.96,0.420286
2.98,0.428111
3,0.442494
3.02,0.461223
3.04,0.479517
3.06,0.49007
3.08,0.485826
3.1,0.464538
3.12,0.430425
3.14,0.390834
3.16,0.351925
3.18,0.317018
3.2,0.287142
3.22,0.262101
3.24,0.241228
3.26,0.223777
3.28,0.209076
3.3,0.196571
3.32,0.185822
3.34,0.176486
3.36,0.168296
3.38,0.161045
3.4,0.154569
3.42,0.148741
3.44,0.143458
3.46,0.138639
3.48,0.134219
3.5,0.130143
3.52,0.126367
3.54,0.122855
3.56,0.119576
3.58,0.116504
3.6,0.11362
3.62,0.110903
3.64,0.10834
3.66,0.105916
3.68,0.103623
3.7,0.101451
3.72,0.0993936
3.74,0.0974456
3.76,0.0956035
3.78,0.0938644
3.8,0.0922243
3.82,0.0906749
3.84,0.0891979
3.86,0.0877605
3.88,0.0863195
3.9,0.0848409
3.92,0.0833217
3.94,0.0817899
3.96,0.0802821
3.98,0.0788242
4,0.0774276
