0,19.7531
0.02,19.8452
0.04,19.1263
0.06,18.1607
0.08,17.456
0.1,17.3167
0.12,17.8852
0.14,19.2034
0.16,21.2107
0.18,23.6576
0.2,25.9894
0.22,27.3842
0.24,27.1608
0.26,25.3105
0.28,22.4898
0.3,19.4838
0.32,16.7986
0.34,14.6283
0.36,12.9881
0.38,11.8346
0.4,11.1238
0.42,10.8212
0.44,10.8863
0.46,11.2411
0.48,11.7248
0.5,12.0731
0.52,12.0022
0.54,11.3965
0.56,10.3993
0.58,9.28086
0.6,8.26032
0.62,7.44818
0.64,6.87718
0.66,6.54432
0.68,6.43336
0.7,6.51624
0.72,6.73714
0.74,6.98936
0.76,7.11797
0.78,6.98905
0.8,6.58864
0.82,6.03045
0.84,5.46104
0.86,4.9814
0.88,4.63716
0.9,4.44048
0.92,4.38883
0.94,4.47055
0.96,4.65725
0.98,4.88731
1,5.05778
1.02,5.05766
1.04,4.84238
1.06,4.47003
1.08,4.04916
1.1,3.66807
1.12,3.3721
1.14,3.17611
1.16,3.08167
1.18,3.0869
1.2,3.18853
1.22,3.37676
1.24,3.62282
1.26,3.8638
1.28,4.00496
1.3,3.96484
1.32,3.73804
1.34,3.39868
1.36,3.0396
1.38,2.72327
1.4,2.47636
1.42,2.30433
1.44,2.20481
1.46,2.17472
1.48,2.21271
1.5,2.31826
1.52,2.48706
1.54,2.70146
1.56,2.9179
1.58,3.06435
1.6,3.07005
1.62,2.91768
1.64,2.65813
1.66,2.36704
1.68,2.09989
1.7,1.88201
1.72,1.71906
1.74,1.60852
1.76,1.54637
1.78,1.52999
1.8,1.55898
1.82,1.63475
1.84,1.75845
1.86,1.92616
1.88,2.12016
1.9,2.29926
1.92,2.40213
1.94,2.37901
1.96,2.23155
1.98,2.01097
2,1.77704
2.02,1.56822
2.04,1.39979
2.06,1.27357
2.08,1.18638
2.1,1.13446
2.12,1.11537
2.14,1.12844
2.16,1.17465
2.18,1.25555
2.2,1.37066
2.22,1.51218
2.24,1.65729
2.26,1.76482
2.28,1.78964
2.3,1.71446
2.32,1.56492
2.34,1.38713
2.36,1.21785
2.38,1.07505
2.4,0.963256
2.42,0.880853
2.44,0.824654
2.46,0.791926
2.48,0.781123
2.5,0.792007
2.52,0.825396
2.54,0.882348
2.56,0.962191
2.58,1.05864
2.6,1.15458
2.62,1.22073
2.64,1.22746
2.66,1.16657
2.68,1.05849
2.7,0.934735
2.72,0.818784
2.74,0.721412
2.76,0.644899
2.78,0.587838
2.8,0.547965
2.82,0.523384
2.84,0.51293
2.86,0.516083
2.88,0.53246
2.9,0.560663
2.92,0.596191
2.94,0.62917
2.96,0.645059
2.98,0.63198
3,0.59002
3.02,0.530866
3.04,0.468261
3.06,0.410977
3.08,0.362328
3.1,0.322419
3.12,0.290085
3.14,0.26391
3.16,0.242624
3.18,0.225211
3.2,0.210897
3.22,0.199117
3.24,0.189465
3.26,0.181652
3.28,0.175455
3.3,0.170632
3.32,0.1668
3.34,0.163309
3.36,0.159306
3.38,0.154146
3.4,0.147851
3.42,0.141025
3.44,0.134339
3.46,0.128191
3.48,0.122707
3.5,0.117861
3.52,0.113568
3.54,0.109737
3.56,0.106287
3.58,0.103152
3.6,0.10028
3.62,0.0976296
3.64,0.0951698
3.66,0.092875
3.68,0.0907256
3.7,0.0887059
3.72,0.086804
3.74,0.0850105
3.76,0.0833186
3.78,0.0817234
3.8,0.0802206
3.82,0.0788045
3.84,0.0774636
3.86,0.0761746
3.88,0.074902
3.9,0.0736109
3.92,0.0722911
3.94,0.070963
3.96,0.069658
3.98,0.0683983
4,0.0671926
