0,19.805
0.02,19.8984
0.04,19.1553
0.06,18.141
0.08,17.3694
0.1,17.151
0.12,17.6333
0.14,18.8702
0.16,20.8314
0.18,23.3286
0.2,25.8866
0.22,27.7058
0.24,27.9702
0.26,26.4322
0.28,23.6186
0.3,20.3696
0.32,17.318
0.34,14.7552
0.36,12.7414
0.38,11.2351
0.4,10.17
0.42,9.48846
0.44,9.15198
0.46,9.14129
0.48,9.44899
0.5,10.0612
0.52,10.9201
0.54,11.8674
0.56,12.6079
0.58,12.7912
0.6,12.2401
0.62,11.0985
0.64,9.69953
0.66,8.33143
0.68,7.14328
0.7,6.17513
0.72,5.41357
0.74,4.82835
0.76,4.38932
0.78,4.07234
0.8,3.86059
0.82,3.7443
0.84,3.72031
0.86,3.79168
0.88,3.96719
0.9,4.26013
0.92,4.68396
0.94,5.24139
0.96,5.90129
0.98,6.56545
1,7.0541
1.02,7.17024
1.04,6.83938
1.06,6.17513
1.08,5.37986
1.1,4.6138
1.12,3.95402
1.14,3.41796
1.16,2.99541
1.18,2.66807
1.2,2.41818
1.22,2.23135
1.24,2.09705
1.26,2.00828
1.28,1.96111
1.3,1.95447
1.32,1.98999
1.34,2.0721
1.36,2.20806
1.38,2.40771
1.4,2.68178
1.42,3.03689
1.44,3.46391
1.46,3.91816
1.48,4.30226
1.5,4.48573
1.52,4.38411
1.54,4.03072
1.56,3.54643
1.58,3.04957
1.6,2.60758
1.62,2.24248
1.64,1.9521
1.66,1.72563
1.68,1.55119
1.7,1.41867
1.72,1.32031
1.74,1.25058
1.76,1.20594
1.78,1.18452
1.8,1.18601
1.82,1.21161
1.84,1.26411
1.86,1.34803
1.88,1.46957
1.9,1.63603
1.92,1.85358
1.94,2.12163
1.96,2.42172
1.98,2.70387
2,2.88686
2.02,2.89632
2.04,2.72269
2.06,2.42972
2.08,2.10169
2.1,1.79654
2.12,1.53851
2.14,1.33074
2.16,1.16746
2.18,1.04084
2.2,0.943688
2.22,0.870279
2.24,0.816416
2.26,0.779236
2.28,0.757015
2.3,0.749038
2.32,0.755535
2.34,0.777699
2.36,0.817737
2.38,0.878899
2.4,0.965278
2.42,1.08092
2.44,1.22729
2.46,1.39792
2.48,1.57023
2.5,1.70135
2.52,1.74232
2.54,1.67214
2.56,1.51629
2.58,1.32439
2.6,1.13712
2.62,0.974746
2.64,0.842281
2.66,0.73752
2.68,0.656046
2.7,0.593495
2.72,0.546317
2.74,0.51192
2.76,0.488595
2.78,0.475422
2.8,0.472181
2.82,0.479275
2.84,0.497602
2.86,0.528185
2.88,0.571248
2.9,0.624267
2.92,0.679025
2.94,0.720003
2.96,0.72933
2.98,0.698993
3,0.637795
3.02,0.563497
3.04,0.490842
3.06,0.427186
3.08,0.374337
3.1,0.331437
3.12,0.296791
3.14,0.268696
3.16,0.245714
3.18,0.22671
3.2,0.210817
3.22,0.197378
3.24,0.185898
3.26,0.176002
3.28,0.167407
3.3,0.159897
3.32,0.153311
3.34,0.147529
3.36,0.142468
3.38,0.13807
3.4,0.134301
3.42,0.131137
3.44,0.128534
3.46,0.12638
3.48,0.124425
3.5,0.122266
3.52,0.119501
3.54,0.116012
3.56,0.112053
3.58,0.108016
3.6,0.104186
3.62,0.100686
3.64,0.0975304
3.66,0.0946845
3.68,0.0921018
3.7,0.0897384
3.72,0.0875575
3.74,0.0855297
3.76,0.0836318
3.78,0.0818456
3.8,0.0801565
3.82,0.0785531
3.84,0.0770259
3.86,0.0755672
3.88,0.0741704
3.9,0.0728303
3.92,0.071542
3.94,0.0703018
3.96,0.0691059
3.98,0.0679515
4,0.0668358
