0,0.395327
0.02,0.398567
0.04,0.401596
0.06,0.40442
0.08,0.407046
0.1,0.409487
0.12,0.411753
0.14,0.41386
0.16,0.415824
0.18,0.417661
0.2,0.41939
0.22,0.42103
0.24,0.4226
0.26,0.424121
0.28,0.425611
0.3,0.427091
0.32,0.428578
0.34,0.430092
0.36,0.431649
0.38,0.433264
0.4,0.434954
0.42,0.43673
0.44,0.438604
0.46,0.440585
0.48,0.442682
0.5,0.444899
0.52,0.447242
0.54,0.449711
0.56,0.452306
0.58,0.455024
0.6,0.45786
0.62,0.460808
0.64,0.463857
0.66,0.466996
0.68,0.470211
0.7,0.473486
0.72,0.476803
0.74,0.480141
0.76,0.483478
0.78,0.486791
0.8,0.490053
0.82,0.493239
0.84,0.496319
0.86,0.499266
0.88,0.502049
0.9,0.50464
0.92,0.507009
0.94,0.509127
0.96,0.510967
0.98,0.512501
1,0.513706
1.02,0.51456
1.04,0.515041
1.06,0.515134
1.08,0.514825
1.1,0.514102
1.12,0.51296
1.14,0.511396
1.16,0.509409
1.18,0.507005
1.2,0.504191
1.22,0.500979
1.24,0.497383
1.26,0.493422
1.28,0.489115
1.3,0.484484
1.32,0.479555
1.34,0.474353
1.36,0.468905
1.38,0.463238
1.4,0.457382
1.42,0.451363
1.44,0.44521
1.46,0.43895
1.48,0.432609
1.5,0.426212
1.52,0.419784
1.54,0.413346
1.56,0.40692
1.58,0.400524
1.6,0.394178
1.62,0.387895
1.64,0.381692
1.66,0.375579
1.68,0.369568
1.7,0.363669
1.72,0.357888
1.74,0.352231
1.76,0.346703
1.78,0.341307
1.8,0.336045
1.82,0.330918
1.84,0.325923
1.86,0.321061
1.88,0.316327
1.9,0.311719
1.92,0.307231
1.94,0.302859
1.96,0.298596
1.98,0.294436
2,0.290373
2.02,0.286398
2.04,0.282504
2.06,0.278685
2.08,0.274931
2.1,0.271236
2.12,0.267592
2.14,0.263992
2.16,0.260428
2.18,0.256895
2.2,0.253387
2.22,0.249897
2.24,0.246422
2.26,0.242956
2.28,0.239497
2.3,0.236041
2.32,0.232587
2.34,0.229132
2.36,0.225676
2.38,0.222218
2.4,0.218759
2.42,0.2153
2.44,0.211841
2.46,0.208384
2.48,0.204931
2.5,0.201486
2.52,0.198049
2.54,0.194625
2.56,0.191215
2.58,0.187823
2.6,0.184452
2.62,0.181105
2.64,0.177785
2.66,0.174495
2.68,0.171237
2.7,0.168015
2.72,0.164831
2.74,0.161688
2.76,0.158587
2.78,0.155531
2.8,0.152521
2.82,0.149559
2.84,0.146647
2.86,0.143785
2.88,0.140976
2.9,0.138219
2.92,0.135515
2.94,0.132865
2.96,0.130269
2.98,0.127727
3,0.12524
3.02,0.122807
3.04,0.120427
3.06,0.118101
3.08,0.115828
3.1,0.113608
3.12,0.111439
3.14,0.109321
3.16,0.107254
3.18,0.105236
3.2,0.103266
3.22,0.101345
3.24,0.0994698
3.26,0.0976405
3.28,0.095856
3.3,0.0941152
3.32,0.0924171
3.34,0.0907607
3.36,0.089145
3.38,0.0875689
3.4,0.0860315
3.42,0.0845317
3.44,0.0830686
3.46,0.0816412
3.48,0.0802485
3.5,0.0788896
3.52,0.0775635
3.54,0.0762694
3.56,0.0750064
3.58,0.0737735
3.6,0.0725699
3.62,0.0713949
3.64,0.0702476
3.66,0.0691272
3.68,0.068033
3.7,0.0669641
3.72,0.06592
3.74,0.0648998
3.76,0.063903
3.78,0.0629288
3.8,0.0619766
3.82,0.0610458
3.84,0.0601358
3.86,0.059246
3.88,0.0583758
3.9,0.0575247
3.92,0.0566921
3.94,0.0558775
3.96,0.0550805
3.98,0.0543005
4,0.0535371
