0,3.69555
0.02,3.56385
0.04,3.21413
0.06,2.76717
0.08,2.32528
0.1,1.94063
0.12,1.62697
0.14,1.37929
0.16,1.18659
0.18,1.03765
0.2,0.923018
0.22,0.835299
0.24,0.768936
0.26,0.719837
0.28,0.685048
0.3,0.662488
0.32,0.650768
0.34,0.649056
0.36,0.657004
0.38,0.674705
0.4,0.702697
0.42,0.741997
0.44,0.79418
0.46,0.861502
0.48,0.94709
0.5,1.0552
0.52,1.19161
0.54,1.36404
0.56,1.58279
0.58,1.86124
0.6,2.21595
0.62,2.66527
0.64,3.22395
0.66,3.88941
0.68,4.61567
0.7,5.28301
0.72,5.70445
0.74,5.72004
0.76,5.32502
0.78,4.67428
0.8,3.95686
0.82,3.29644
0.84,2.74059
0.86,2.29038
0.88,1.92844
0.9,1.6356
0.92,1.39735
0.94,1.20345
0.96,1.04585
0.98,0.917694
1,0.813173
1.02,0.727565
1.04,0.657144
1.06,0.599021
1.08,0.550979
1.1,0.511325
1.12,0.478774
1.14,0.452364
1.16,0.431391
1.18,0.415369
1.2,0.403999
1.22,0.397161
1.24,0.394911
1.26,0.397492
1.28,0.405368
1.3,0.419263
1.32,0.440229
1.34,0.469725
1.36,0.509711
1.38,0.562728
1.4,0.631906
1.42,0.720831
1.44,0.833166
1.46,0.971636
1.48,1.1351
1.5,1.31209
1.52,1.4731
1.54,1.57295
1.56,1.57539
1.58,1.48356
1.6,1.33802
1.62,1.185
1.64,1.0533
1.66,0.951799
1.68,0.87523
1.7,0.810394
1.72,0.743689
1.74,0.669373
1.76,0.591414
1.78,0.517401
1.8,0.452588
1.82,0.398642
1.84,0.354974
1.86,0.320139
1.88,0.292615
1.9,0.271105
1.92,0.254607
1.94,0.2424
1.96,0.234012
1.98,0.229183
2,0.227847
2.02,0.23012
2.04,0.236314
2.06,0.246965
2.08,0.262912
2.1,0.285361
2.12,0.315864
2.14,0.356097
2.16,0.407223
2.18,0.468448
2.2,0.534488
2.22,0.593164
2.24,0.627295
2.26,0.624573
2.28,0.58806
2.3,0.53382
2.32,0.478874
2.34,0.433502
2.36,0.400932
2.38,0.3794
2.4,0.363686
2.42,0.34696
2.44,0.32432
2.46,0.295827
2.48,0.265416
2.5,0.237257
2.52,0.213712
2.54,0.195479
2.56,0.182413
2.58,0.174148
2.6,0.170388
2.62,0.171004
2.64,0.176021
2.66,0.185508
2.68,0.199246
2.7,0.215978
2.72,0.232423
2.74,0.243182
2.76,0.243206
2.78,0.231714
2.8,0.212959
2.82,0.192745
2.84,0.175171
2.86,0.161962
2.88,0.153086
2.9,0.147275
2.92,0.142333
2.94,0.135875
2.96,0.126671
2.98,0.115331
3,0.103426
3.02,0.092263
3.04,0.0824772
3.06,0.0742053
3.08,0.0673335
3.1,0.0616561
3.12,0.0569573
3.14,0.053043
3.16,0.0497441
3.18,0.0469103
3.2,0.0444112
3.22,0.0421545
3.24,0.0400981
3.26,0.0382342
3.28,0.0365603
3.3,0.0350659
3.32,0.0337354
3.34,0.0325548
3.36,0.0315141
3.38,0.0306034
3.4,0.029806
3.42,0.0290882
3.44,0.0283946
3.46,0.0276615
3.48,0.0268554
3.5,0.0259962
3.52,0.0251352
3.54,0.0243165
3.56,0.0235607
3.58,0.0228697
3.6,0.0222349
3.62,0.0216436
3.64,0.0210854
3.66,0.0205556
3.68,0.0200541
3.7,0.0195815
3.72,0.019136
3.74,0.0187136
3.76,0.0183092
3.78,0.0179189
3.8,0.0175416
3.82,0.0171782
3.84,0.0168298
3.86,0.0164966
3.88,0.0161779
3.9,0.0158729
3.92,0.0155805
3.94,0.0153
3.96,0.0150305
3.98,0.0147714
4,0.0145215
