0,0.165435
0.02,0.166438
0.04,0.167415
0.06,0.168364
0.08,0.169288
0.1,0.170186
0.12,0.171059
0.14,0.171908
0.16,0.172733
0.18,0.173536
0.2,0.174316
0.22,0.175076
0.24,0.175816
0.26,0.176538
0.28,0.177242
0.3,0.177929
0.32,0.178602
0.34,0.17926
0.36,0.179906
0.38,0.18054
0.4,0.181163
0.42,0.181777
0.44,0.182383
0.46,0.182981
0.48,0.183573
0.5,0.18416
0.52,0.184742
0.54,0.185321
0.56,0.185896
0.58,0.186469
0.6,0.18704
0.62,0.187609
0.64,0.188177
0.66,0.188744
0.68,0.18931
0.7,0.189874
0.72,0.190438
0.74,0.190999
0.76,0.191558
0.78,0.192114
0.8,0.192666
0.82,0.193215
0.84,0.193757
0.86,0.194294
0.88,0.194822
0.9,0.195342
0.92,0.195851
0.94,0.196348
0.96,0.196831
0.98,0.197298
1,0.197749
1.02,0.19818
1.04,0.19859
1.06,0.198977
1.08,0.199338
1.1,0.199672
1.12,0.199976
1.14,0.200249
1.16,0.200487
1.18,0.20069
1.2,0.200854
1.22,0.200978
1.24,0.201059
1.26,0.201096
1.28,0.201087
1.3,0.20103
1.32,0.200923
1.34,0.200765
1.36,0.200554
1.38,0.200289
1.4,0.199968
1.42,0.199591
1.44,0.199157
1.46,0.198665
1.48,0.198114
1.5,0.197504
1.52,0.196836
1.54,0.196108
1.56,0.195322
1.58,0.194477
1.6,0.193574
1.62,0.192613
1.64,0.191597
1.66,0.190525
1.68,0.189399
1.7,0.18822
1.72,0.18699
1.74,0.18571
1.76,0.184383
1.78,0.183009
1.8,0.18159
1.82,0.18013
1.84,0.17863
1.86,0.177091
1.88,0.175517
1.9,0.17391
1.92,0.172271
1.94,0.170603
1.96,0.168909
1.98,0.16719
2,0.16545
2.02,0.163689
2.04,0.161911
2.06,0.160118
2.08,0.158311
2.1,0.156494
2.12,0.154667
2.14,0.152833
2.16,0.150995
2.18,0.149153
2.2,0.147309
2.22,0.145466
2.24,0.143625
2.26,0.141787
2.28,0.139954
2.3,0.138127
2.32,0.136309
2.34,0.134499
2.36,0.132699
2.38,0.130911
2.4,0.129135
2.42,0.127372
2.44,0.125624
2.46,0.12389
2.48,0.122172
2.5,0.120471
2.52,0.118787
2.54,0.11712
2.56,0.115471
2.58,0.113841
2.6,0.112231
2.62,0.110639
2.64,0.109067
2.66,0.107515
2.68,0.105984
2.7,0.104472
2.72,0.102981
2.74,0.101511
2.76,0.100062
2.78,0.0986328
2.8,0.0972247
2.82,0.0958373
2.84,0.0944707
2.86,0.0931247
2.88,0.0917992
2.9,0.0904942
2.92,0.0892096
2.94,0.0879451
2.96,0.0867007
2.98,0.0854762
3,0.0842713
3.02,0.083086
3.04,0.0819201
3.06,0.0807732
3.08,0.0796452
3.1,0.0785358
3.12,0.0774449
3.14,0.0763722
3.16,0.0753175
3.18,0.0742804
3.2,0.0732609
3.22,0.0722585
3.24,0.0712731
3.26,0.0703043
3.28,0.069352
3.3,0.0684159
3.32,0.0674957
3.34,0.0665912
3.36,0.0657021
3.38,0.0648281
3.4,0.0639691
3.42,0.0631246
3.44,0.0622946
3.46,0.0614787
3.48,0.0606767
3.5,0.0598884
3.52,0.0591134
3.54,0.0583517
3.56,0.0576028
3.58,0.0568667
3.6,0.056143
3.62,0.0554315
3.64,0.054732
3.66,0.0540444
3.68,0.0533682
3.7,0.0527035
3.72,0.0520498
3.74,0.0514071
3.76,0.0507751
3.78,0.0501537
3.8,0.0495425
3.82,0.0489415
3.84,0.0483504
3.86,0.047769
3.88,0.0471972
3.9,0.0466348
3.92,0.0460816
3.94,0.0455374
3.96,0.045002
3.98,0.0444753
4,0.0439572
