0,110.326
0.02,168.823
0.04,224.872
0.06,215.548
0.08,158.391
0.1,113.288
0.12,91.9111
0.14,87.9974
0.16,90.5544
0.18,89.7607
0.2,81.2701
0.22,66.913
0.24,58.1928
0.26,56.2841
0.28,51.7534
0.3,41.9772
0.32,34.6375
0.34,32.5523
0.36,35.2102
0.38,38.6127
0.4,35.4944
0.42,28.7931
0.44,24.856
0.46,24.9916
0.48,28.5794
0.5,31.4199
0.52,27.7208
0.54,21.5306
0.56,17.621
0.58,16.4876
0.6,17.9592
0.62,21.7107
0.64,24.4823
0.66,21.5973
0.68,16.4678
0.7,13.0115
0.72,11.5226
0.74,11.6998
0.76,13.628
0.78,17.3236
0.8,20.3187
0.82,18.2803
0.84,13.7678
0.86,10.516
0.88,8.88108
0.9,8.48913
0.92,9.25268
0.94,11.4247
0.96,15.0339
0.98,17.6048
1,15.4522
1.02,11.3522
1.04,8.43119
1.06,6.8478
1.08,6.1966
1.1,6.28533
1.12,7.18267
1.14,9.17757
1.16,12.281
1.18,14.3015
1.2,12.3549
1.22,8.97288
1.24,6.59206
1.26,5.26701
1.28,4.64239
1.3,4.52373
1.32,4.89242
1.34,5.89912
1.36,7.84416
1.38,10.6782
1.4,12.2647
1.42,10.3352
1.44,7.39586
1.46,5.37787
1.48,4.24378
1.5,3.67589
1.52,3.49526
1.54,3.65572
1.56,4.22803
1.58,5.41726
1.6,7.4922
1.62,9.97824
1.64,10.3392
1.66,7.98657
1.68,5.60419
1.7,4.10991
1.72,3.27736
1.74,2.85269
1.76,2.70603
1.78,2.80154
1.8,3.18274
1.82,3.98897
1.84,5.4606
1.86,7.61112
1.88,8.94596
1.9,7.62022
1.92,5.38687
1.94,3.80718
1.96,2.8885
1.98,2.38028
2,2.12518
2.02,2.05182
2.04,2.14703
2.06,2.45027
2.08,3.07023
2.1,4.19946
2.12,5.91679
2.14,7.21804
2.16,6.39315
2.18,4.55969
2.2,3.18953
2.22,2.38034
2.24,1.92506
2.26,1.68283
2.28,1.58488
2.3,1.60883
2.32,1.7687
2.34,2.12181
2.36,2.78918
2.38,3.93805
2.4,5.40681
2.42,5.854
2.44,4.61458
2.46,3.18869
2.48,2.25785
2.5,1.71859
2.52,1.41271
2.54,1.24919
2.56,1.18581
2.58,1.21142
2.6,1.34127
2.62,1.6243
2.64,2.15662
2.66,3.03502
2.68,3.9577
2.7,3.87623
2.72,2.87995
2.74,1.99166
2.76,1.44235
2.78,1.12455
2.8,0.942995
2.82,0.846698
2.84,0.813439
2.86,0.840183
2.88,0.942184
2.9,1.15939
2.92,1.55881
2.94,2.1447
2.96,2.50519
2.98,2.12953
3,1.50014
3.02,1.04823
3.04,0.774997
3.06,0.609357
3.08,0.504759
3.1,0.436256
3.12,0.390892
3.14,0.362313
3.16,0.348455
3.18,0.351107
3.2,0.376052
3.22,0.426611
3.24,0.468696
3.26,0.433102
3.28,0.3535
3.3,0.290231
3.32,0.249383
3.34,0.222764
3.36,0.204343
3.38,0.190777
3.4,0.180253
3.42,0.171752
3.44,0.164677
3.46,0.158664
3.48,0.153491
3.5,0.14903
3.52,0.145227
3.54,0.142111
3.56,0.139824
3.58,0.138699
3.6,0.139398
3.62,0.142852
3.64,0.148342
3.66,0.148692
3.68,0.13962
3.7,0.129254
3.72,0.121667
3.74,0.116336
3.76,0.112348
3.78,0.109147
3.8,0.106433
3.82,0.104041
3.84,0.101878
3.86,0.0998853
3.88,0.098029
3.9,0.0962858
3.92,0.0946408
3.94,0.0930851
3.96,0.0916149
3.98,0.0902314
4,0.0889428
