0,106.739
0.02,164.826
0.04,228.984
0.06,232.687
0.08,172.306
0.1,115.663
0.12,81.6828
0.14,64.4011
0.16,58.4758
0.18,62.3731
0.2,77.261
0.22,100.735
0.24,110.342
0.26,88.5616
0.28,60.5865
0.3,41.5222
0.32,30.0808
0.34,23.1773
0.36,18.9133
0.38,16.2893
0.4,14.805
0.42,14.2511
0.44,14.6318
0.46,16.1829
0.48,19.4896
0.5,25.7207
0.52,36.6405
0.54,51.7883
0.56,59.3317
0.58,48.414
0.6,32.908
0.62,22.1878
0.64,15.7637
0.66,11.8792
0.68,9.42935
0.7,7.8206
0.72,6.73472
0.74,5.99663
0.76,5.50867
0.78,5.21851
0.8,5.10408
0.82,5.16835
0.84,5.44155
0.86,5.99233
0.88,6.95376
0.9,8.57799
0.92,11.3445
0.94,16.123
0.96,24.0114
0.98,33.5897
1,35.6934
1.02,27.2091
1.04,18.0938
1.06,12.1805
1.08,8.6672
1.1,6.53139
1.12,5.17262
1.14,4.27005
1.16,3.64991
1.18,3.21458
1.2,2.9073
1.22,2.69452
1.24,2.55674
1.26,2.48389
1.28,2.47325
1.3,2.52906
1.32,2.66387
1.34,2.90211
1.36,3.28756
1.38,3.89835
1.4,4.8772
1.42,6.49181
1.44,9.23665
1.46,13.8456
1.48,20.1682
1.5,23.4407
1.52,19.1412
1.54,12.8751
1.56,8.53721
1.58,5.9495
1.6,4.3942
1.62,3.41793
1.64,2.7767
1.66,2.33924
1.68,2.03235
1.7,1.81363
1.72,1.65773
1.74,1.54933
1.76,1.4794
1.78,1.44328
1.8,1.43979
1.82,1.47114
1.84,1.5435
1.86,1.66867
1.88,1.86735
1.9,2.17564
1.92,2.65793
1.94,3.43292
1.96,4.7236
1.98,6.92304
2,10.4462
2.02,14.2559
2.04,14.254
2.06,10.4221
2.08,6.86287
2.1,4.62732
2.12,3.3018
2.14,2.492
2.16,1.97386
2.18,1.62781
2.2,1.38864
2.22,1.21941
2.24,1.09839
2.26,1.01248
2.28,0.953796
2.3,0.917859
2.32,0.902673
2.34,0.908399
2.36,0.937498
2.38,0.995405
2.4,1.09205
2.42,1.24487
2.44,1.48483
2.46,1.86855
2.48,2.50226
2.5,3.58048
2.52,5.37517
2.54,7.72169
2.56,8.6472
2.58,6.84148
2.6,4.57022
2.62,3.04661
2.64,2.14035
2.66,1.59311
2.68,1.24745
2.7,1.01899
2.72,0.862236
2.74,0.751756
2.76,0.672847
2.78,0.616841
2.8,0.578728
2.82,0.55598
2.84,0.54808
2.86,0.55661
2.88,0.585978
2.9,0.645203
2.92,0.751724
2.94,0.938967
2.96,1.26767
2.98,1.81395
3,2.47486
3.02,2.60804
3.04,2.00843
3.06,1.37074
3.08,0.956345
3.1,0.708315
3.12,0.55563
3.14,0.456639
3.16,0.38905
3.18,0.340728
3.2,0.304787
3.22,0.277141
3.24,0.255255
3.26,0.237499
3.28,0.222788
3.3,0.210375
3.32,0.199737
3.34,0.190494
3.36,0.182368
3.38,0.175148
3.4,0.168676
3.42,0.162827
3.44,0.157504
3.46,0.152629
3.48,0.14814
3.5,0.143987
3.52,0.140128
3.54,0.136529
3.56,0.133163
3.58,0.130006
3.6,0.12704
3.62,0.12425
3.64,0.121626
3.66,0.119163
3.68,0.11686
3.7,0.114726
3.72,0.112784
3.74,0.111083
3.76,0.109718
3.78,0.108875
3.8,0.108886
3.82,0.110106
3.84,0.111646
3.86,0.109972
3.88,0.105043
3.9,0.100393
3.92,0.0969341
3.94,0.0943076
3.96,0.0921706
3.98,0.0903271
4,0.0886715
