0,19.5936
0.02,23.7532
0.04,28.5306
0.06,33.4129
0.08,37.369
0.1,39.1514
0.12,38.1355
0.14,34.8777
0.16,30.6352
0.18,26.5081
0.2,23.0874
0.22,20.565
0.24,18.9359
0.26,18.122
0.28,18.0042
0.3,18.3868
0.32,18.9316
0.34,19.1643
0.36,18.674
0.38,17.4022
0.4,15.6644
0.42,13.869
0.44,12.2807
0.46,10.9903
0.48,9.99352
0.5,9.26786
0.52,8.80597
0.54,8.60844
0.56,8.66383
0.58,8.92479
0.6,9.27821
0.62,9.53399
0.64,9.49009
0.66,9.06986
0.68,8.3846
0.7,7.63477
0.72,6.98221
0.74,6.51027
0.76,6.24501
0.78,6.18013
0.8,6.28236
0.82,6.4781
0.84,6.64178
0.86,6.62733
0.88,6.35712
0.9,5.88242
0.92,5.33319
0.94,4.82568
0.96,4.4236
0.98,4.14949
1,4.00648
1.02,3.99187
1.04,4.1002
1.06,4.31684
1.08,4.60213
1.1,4.87378
1.12,5.01408
1.14,4.93031
1.16,4.62769
1.18,4.20281
1.2,3.76648
1.22,3.38974
1.24,3.10158
1.26,2.90737
1.28,2.80439
1.3,2.78961
1.32,2.86194
1.34,3.01987
1.36,3.25384
1.38,3.53216
1.4,3.78649
1.42,3.91959
1.44,3.85757
1.46,3.60956
1.48,3.25844
1.5,2.89581
1.52,2.57877
1.54,2.32947
1.56,2.15059
1.58,2.03808
1.6,1.98764
1.62,1.99734
1.64,2.06766
1.66,2.19964
1.68,2.38968
1.7,2.61959
1.72,2.84404
1.74,2.98983
1.76,2.98846
1.78,2.82816
1.8,2.5639
1.82,2.2713
1.84,2.00361
1.86,1.78408
1.88,1.61702
1.9,1.499
1.92,1.42518
1.94,1.39203
1.96,1.39826
1.98,1.44475
2,1.53375
2.02,1.66656
2.04,1.83831
2.06,2.02904
2.08,2.19536
2.1,2.27767
2.12,2.23466
2.14,2.0777
2.16,1.86035
2.18,1.63756
2.2,1.44191
2.22,1.28497
2.24,1.16703
2.26,1.08446
2.28,1.03344
2.3,1.01145
2.32,1.01767
2.34,1.05289
2.36,1.11883
2.38,1.2164
2.4,1.3418
2.42,1.47994
2.44,1.59855
2.46,1.65408
2.48,1.61752
2.5,1.49862
2.52,1.33696
2.54,1.1721
2.56,1.02701
2.58,0.909597
2.6,0.819704
2.62,0.754421
2.64,0.710692
2.66,0.68633
2.68,0.68028
2.7,0.69253
2.72,0.723672
2.74,0.773792
2.76,0.840096
2.78,0.913056
2.8,0.973326
2.82,0.996064
2.84,0.966281
2.86,0.891487
2.88,0.794778
2.9,0.697936
2.92,0.613078
2.94,0.544083
2.96,0.490597
2.98,0.450856
3,0.42301
3.02,0.405491
3.04,0.39681
3.06,0.394881
3.08,0.396046
3.1,0.394671
3.12,0.384953
3.14,0.364691
3.16,0.336846
3.18,0.306679
3.2,0.278257
3.22,0.253426
3.24,0.23248
3.26,0.215014
3.28,0.200429
3.3,0.188152
3.32,0.177707
3.34,0.16872
3.36,0.1609
3.38,0.154026
3.4,0.147928
3.42,0.142477
3.44,0.137572
3.46,0.133137
3.48,0.129112
3.5,0.125456
3.52,0.122135
3.54,0.119131
3.56,0.116427
3.58,0.114005
3.6,0.111832
3.62,0.109824
3.64,0.107841
3.66,0.105713
3.68,0.103347
3.7,0.100796
3.72,0.098206
3.74,0.0957033
3.76,0.0933522
3.78,0.0911668
3.8,0.089136
3.82,0.087241
3.84,0.0854627
3.86,0.0837846
3.88,0.0821933
3.9,0.0806779
3.92,0.0792299
3.94,0.0778421
3.96,0.0765088
3.98,0.0752253
4,0.0739876
