0,19.5868
0.02,23.7482
0.04,28.5326
0.06,33.4312
0.08,37.4146
0.1,39.2264
0.12,38.2232
0.14,34.9465
0.16,30.6542
0.18,26.4552
0.2,22.9477
0.22,20.3261
0.24,18.5876
0.26,17.6646
0.28,17.4708
0.3,17.8829
0.32,18.6728
0.34,19.4362
0.36,19.6434
0.38,18.9159
0.4,17.3129
0.42,15.2532
0.44,13.179
0.46,11.3527
0.48,9.8635
0.5,8.70659
0.52,7.84378
0.54,7.23457
0.56,6.84805
0.58,6.66636
0.6,6.68465
0.62,6.90922
0.64,7.35208
0.66,8.01759
0.68,8.87356
0.7,9.80397
0.72,10.5715
0.74,10.8717
0.76,10.5218
0.78,9.61511
0.8,8.43531
0.82,7.24829
0.84,6.20053
0.86,5.33682
0.88,4.64929
0.9,4.11196
0.92,3.69728
0.94,3.38201
0.96,3.14858
0.98,2.98476
1,2.88299
1.02,2.83984
1.04,2.8558
1.06,2.93522
1.08,3.08656
1.1,3.3224
1.12,3.65856
1.14,4.1104
1.16,4.68251
1.18,5.34696
1.2,6.01146
1.22,6.50521
1.24,6.63953
1.26,6.34166
1.28,5.71926
1.3,4.96638
1.32,4.23755
1.34,3.6074
1.36,3.09301
1.38,2.68456
1.4,2.36422
1.42,2.11442
1.44,1.92066
1.46,1.77182
1.48,1.6598
1.5,1.57894
1.52,1.52568
1.54,1.49813
1.56,1.496
1.58,1.52058
1.6,1.57484
1.62,1.66367
1.64,1.79415
1.66,1.97564
1.68,2.21907
1.7,2.53411
1.72,2.9216
1.74,3.35831
1.76,3.77692
1.78,4.06307
1.8,4.10484
1.82,3.87769
1.84,3.46645
1.86,2.99376
1.88,2.54794
1.9,2.16781
1.92,1.85975
1.94,1.616
1.96,1.42512
1.98,1.27633
2,1.16089
2.02,1.07213
2.04,1.00522
2.06,0.956803
2.08,0.924732
2.1,0.907886
2.12,0.906082
2.14,0.920066
2.16,0.951586
2.18,1.00352
2.2,1.08006
2.22,1.18667
2.24,1.32972
2.26,1.51466
2.28,1.7414
2.3,1.99519
2.32,2.23504
2.34,2.39339
2.36,2.40703
2.38,2.26593
2.4,2.02232
2.42,1.74708
2.44,1.48969
2.46,1.27118
2.48,1.09448
2.5,0.954863
2.52,0.845688
2.54,0.760822
2.56,0.695333
2.58,0.645531
2.6,0.608808
2.62,0.583459
2.64,0.56855
2.66,0.563839
2.68,0.569753
2.7,0.587402
2.72,0.618587
2.74,0.665681
2.76,0.731127
2.78,0.81599
2.8,0.91678
2.82,1.02049
2.84,1.10147
2.86,1.12893
2.88,1.08756
2.9,0.990886
2.92,0.869182
2.94,0.748558
2.96,0.642496
2.98,0.554612
3,0.483663
3.02,0.426822
3.04,0.381187
3.06,0.34429
3.08,0.314187
3.1,0.289396
3.12,0.268805
3.14,0.251585
3.16,0.237126
3.18,0.224985
3.2,0.214848
3.22,0.20651
3.24,0.199851
3.26,0.194813
3.28,0.191349
3.3,0.189319
3.32,0.188302
3.34,0.187378
3.36,0.185171
3.38,0.180505
3.4,0.1733
3.42,0.164597
3.44,0.155684
3.46,0.147401
3.48,0.140069
3.5,0.133694
3.52,0.128158
3.54,0.123316
3.56,0.119038
3.58,0.115215
3.6,0.111762
3.62,0.108613
3.64,0.105718
3.66,0.103037
3.68,0.100538
3.7,0.0981969
3.72,0.0959936
3.74,0.0939119
3.76,0.0919383
3.78,0.0900617
3.8,0.0882726
3.82,0.0865632
3.84,0.0849264
3.86,0.0833565
3.88,0.0818482
3.9,0.080397
3.92,0.0789989
3.94,0.0776503
3.96,0.0763479
3.98,0.0750891
4,0.073871
