0,1.7581
0.02,1.7801
0.04,1.79657
0.06,1.80801
0.08,1.81516
0.1,1.8189
0.12,1.82026
0.14,1.8203
0.16,1.82009
0.18,1.82065
0.2,1.82291
0.22,1.82768
0.24,1.83565
0.26,1.84736
0.28,1.86323
0.3,1.88349
0.32,1.90826
0.34,1.93748
0.36,1.97093
0.38,2.00822
0.4,2.04878
0.42,2.09186
0.44,2.13648
0.46,2.18153
0.48,2.22568
0.5,2.26749
0.52,2.30543
0.54,2.33795
0.56,2.36359
0.58,2.38104
0.6,2.38925
0.62,2.38751
0.64,2.3755
0.66,2.35333
0.68,2.32149
0.7,2.28086
0.72,2.23256
0.74,2.17795
0.76,2.11845
0.78,2.05552
0.8,1.99056
0.82,1.92486
0.84,1.85956
0.86,1.79563
0.88,1.73388
0.9,1.67496
0.92,1.61935
0.94,1.56742
0.96,1.5194
0.98,1.47543
1,1.43557
1.02,1.39978
1.04,1.36798
1.06,1.34002
1.08,1.3157
1.1,1.29475
1.12,1.27686
1.14,1.26169
1.16,1.24881
1.18,1.23777
1.2,1.22807
1.22,1.21919
1.24,1.2106
1.26,1.20178
1.28,1.19222
1.3,1.1815
1.32,1.16925
1.34,1.15522
1.36,1.13925
1.38,1.12132
1.4,1.10149
1.42,1.07993
1.44,1.05688
1.46,1.03264
1.48,1.00755
1.5,0.98195
1.52,0.956194
1.54,0.930615
1.56,0.905523
1.58,0.881191
1.6,0.857855
1.62,0.835708
1.64,0.814902
1.66,0.795545
1.68,0.777703
1.7,0.761405
1.72,0.746639
1.74,0.733358
1.76,0.721481
1.78,0.710892
1.8,0.701446
1.82,0.692972
1.84,0.685273
1.86,0.678138
1.88,0.671345
1.9,0.664672
1.92,0.657909
1.94,0.650865
1.96,0.643381
1.98,0.635337
2,0.626657
2.02,0.617309
2.04,0.607307
2.06,0.596701
2.08,0.585575
2.1,0.574036
2.12,0.562208
2.14,0.550223
2.16,0.538213
2.18,0.526306
2.2,0.514619
2.22,0.503258
2.24,0.492305
2.26,0.481826
2.28,0.471863
2.3,0.462433
2.32,0.453532
2.34,0.445134
2.36,0.437191
2.38,0.42964
2.4,0.422407
2.42,0.415409
2.44,0.408562
2.46,0.401785
2.48,0.395007
2.5,0.388168
2.52,0.381225
2.54,0.374153
2.56,0.366939
2.58,0.359589
2.6,0.352119
2.62,0.344553
2.64,0.336923
2.66,0.32926
2.68,0.321598
2.7,0.313965
2.72,0.306387
2.74,0.298884
2.76,0.29147
2.78,0.284152
2.8,0.276935
2.82,0.269818
2.84,0.262799
2.86,0.255874
2.88,0.249039
2.9,0.242292
2.92,0.235633
2.94,0.229064
2.96,0.222591
2.98,0.21622
3,0.20996
3.02,0.203819
3.04,0.197808
3.06,0.191935
3.08,0.18621
3.1,0.180642
3.12,0.175238
3.14,0.170004
3.16,0.164946
3.18,0.160066
3.2,0.155367
3.22,0.150849
3.24,0.14651
3.26,0.142349
3.28,0.138361
3.3,0.134541
3.32,0.130884
3.34,0.127384
3.36,0.124034
3.38,0.120828
3.4,0.117758
3.42,0.114818
3.44,0.112001
3.46,0.1093
3.48,0.106709
3.5,0.104223
3.52,0.101835
3.54,0.0995404
3.56,0.097334
3.58,0.0952112
3.6,0.0931675
3.62,0.0911991
3.64,0.0893021
3.66,0.0874729
3.68,0.0857082
3.7,0.0840049
3.72,0.08236
3.74,0.0807708
3.76,0.0792346
3.78,0.077749
3.8,0.0763115
3.82,0.0749202
3.84,0.0735727
3.86,0.0722673
3.88,0.071002
3.9,0.069775
3.92,0.0685847
3.94,0.0674295
3.96,0.0663079
3.98,0.0652184
4,0.0641597
