0,1.7581
0.02,1.7801
0.04,1.79657
0.06,1.80801
0.08,1.81516
0.1,1.8189
0.12,1.82026
0.14,1.8203
0.16,1.82009
0.18,1.82065
0.2,1.82291
0.22,1.82768
0.24,1.83565
0.26,1.84736
0.28,1.86323
0.3,1.88349
0.32,1.90826
0.34,1.93748
0.36,1.97093
0.38,2.00822
0.4,2.04878
0.42,2.09186
0.44,2.13648
0.46,2.18153
0.48,2.22568
0.5,2.26749
0.52,2.30543
0.54,2.33795
0.56,2.36359
0.58,2.38104
0.6,2.38925
0.62,2.38751
0.64,2.3755
0.66,2.35333
0.68,2.32149
0.7,2.28086
0.72,2.23256
0.74,2.17794
0.76,2.11844
0.78,2.05552
0.8,1.99056
0.82,1.92486
0.84,1.85956
0.86,1.79563
0.88,1.73388
0.9,1.67495
0.92,1.61935
0.94,1.56741
0.96,1.5194
0.98,1.47543
1,1.43557
1.02,1.39978
1.04,1.36798
1.06,1.34002
1.08,1.3157
1.1,1.29475
1.12,1.27687
1.14,1.26169
1.16,1.24881
1.18,1.23777
1.2,1.22807
1.22,1.2192
1.24,1.21061
1.26,1.20179
1.28,1.19223
1.3,1.18151
1.32,1.16926
1.34,1.15523
1.36,1.13926
1.38,1.12133
1.4,1.1015
1.42,1.07994
1.44,1.05689
1.46,1.03265
1.48,1.00756
1.5,0.98196
1.52,0.956206
1.54,0.93063
1.56,0.905539
1.58,0.881207
1.6,0.85787
1.62,0.83572
1.64,0.81491
1.66,0.795547
1.68,0.777701
1.7,0.761397
1.72,0.746627
1.74,0.733343
1.76,0.721465
1.78,0.710877
1.8,0.701434
1.82,0.692965
1.84,0.685271
1.86,0.678142
1.88,0.671353
1.9,0.664682
1.92,0.657916
1.94,0.650866
1.96,0.643372
1.98,0.635314
2,0.626619
2.02,0.617259
2.04,0.607247
2.06,0.596639
2.08,0.585518
2.1,0.573993
2.12,0.562184
2.14,0.55022
2.16,0.538232
2.18,0.526342
2.2,0.514666
2.22,0.503305
2.24,0.492343
2.26,0.481846
2.28,0.471859
2.3,0.462404
2.32,0.453481
2.34,0.445068
2.36,0.43712
2.38,0.429578
2.4,0.422365
2.42,0.415396
2.44,0.408584
2.46,0.401842
2.48,0.395091
2.5,0.388269
2.52,0.381327
2.54,0.374238
2.56,0.366996
2.58,0.359609
2.6,0.352101
2.62,0.344503
2.64,0.336854
2.66,0.329188
2.68,0.321538
2.7,0.31393
2.72,0.306384
2.74,0.298912
2.76,0.291523
2.78,0.28422
2.8,0.277005
2.82,0.269877
2.84,0.262838
2.86,0.255889
2.88,0.249031
2.9,0.242265
2.92,0.235595
2.94,0.229024
2.96,0.222555
2.98,0.216193
3,0.209944
3.02,0.203814
3.04,0.197811
3.06,0.191943
3.08,0.186221
3.1,0.180652
3.12,0.175246
3.14,0.170009
3.16,0.164947
3.18,0.160065
3.2,0.155363
3.22,0.150844
3.24,0.146504
3.26,0.142342
3.28,0.138354
3.3,0.134535
3.32,0.130879
3.34,0.12738
3.36,0.124031
3.38,0.120825
3.4,0.117756
3.42,0.114817
3.44,0.112
3.46,0.1093
3.48,0.106709
3.5,0.104223
3.52,0.101835
3.54,0.0995405
3.56,0.0973339
3.58,0.095211
3.6,0.0931673
3.62,0.0911988
3.64,0.0893017
3.66,0.0874725
3.68,0.0857078
3.7,0.0840046
3.72,0.0823597
3.74,0.0807706
3.76,0.0792344
3.78,0.0777489
3.8,0.0763116
3.82,0.0749203
3.84,0.073573
3.86,0.0722676
3.88,0.0710023
3.9,0.0697754
3.92,0.0685851
3.94,0.0674299
3.96,0.0663082
3.98,0.0652187
4,0.0641599
