0,13.6242
0.02,16.525
0.04,20.0345
0.06,24.0104
0.08,27.9631
0.1,30.9797
0.12,32.0527
0.14,30.8003
0.16,27.8129
0.18,24.1463
0.2,20.645
0.22,17.727
0.24,15.5058
0.26,13.9555
0.28,13.0117
0.3,12.6115
0.32,12.6919
0.34,13.1571
0.36,13.8207
0.38,14.3641
0.4,14.4127
0.42,13.7637
0.44,12.5456
0.46,11.0905
0.48,9.69423
0.5,8.51353
0.52,7.59615
0.54,6.93816
0.56,6.52108
0.58,6.32784
0.6,6.34573
0.62,6.55923
0.64,6.9308
0.66,7.37055
0.68,7.71706
0.7,7.78183
0.72,7.47105
0.74,6.86362
0.76,6.13874
0.78,5.45205
0.8,4.88611
0.82,4.4673
0.84,4.19545
0.86,4.06277
0.88,4.06075
0.9,4.1775
0.92,4.38657
0.94,4.62958
0.96,4.80901
0.98,4.82184
1,4.63082
1.02,4.29617
1.04,3.92336
1.06,3.59689
1.08,3.36021
1.1,3.22724
1.12,3.19589
1.14,3.25187
1.16,3.36268
1.18,3.47048
1.2,3.5033
1.22,3.41636
1.24,3.22788
1.26,3.00182
1.28,2.80134
1.3,2.66443
1.32,2.606
1.34,2.62558
1.36,2.70845
1.38,2.81972
1.4,2.90184
1.42,2.89417
1.44,2.77379
1.46,2.57368
1.48,2.35307
1.5,2.15959
1.52,2.01784
1.54,1.93647
1.56,1.91719
1.58,1.95928
1.6,2.05908
1.62,2.20431
1.64,2.36459
1.66,2.48649
1.68,2.51068
1.7,2.41213
1.72,2.22119
1.74,1.99654
1.76,1.78635
1.78,1.61517
1.8,1.49031
1.82,1.41142
1.84,1.37642
1.86,1.38409
1.88,1.43447
1.9,1.52724
1.92,1.65759
1.94,1.80873
1.96,1.94452
1.98,2.01428
2,1.98085
2.02,1.85094
2.04,1.66866
2.06,1.48136
2.08,1.31798
2.1,1.18952
2.12,1.09706
2.14,1.03833
2.16,1.011
2.18,1.01396
2.2,1.04737
2.22,1.11186
2.24,1.20598
2.26,1.32146
2.28,1.4368
2.3,1.51583
2.32,1.52265
2.34,1.44811
2.36,1.31779
2.38,1.17016
2.4,1.0336
2.42,0.921094
2.44,0.835519
2.46,0.775462
2.48,0.738651
2.5,0.723434
2.52,0.729213
2.54,0.756269
2.56,0.804891
2.58,0.873306
2.6,0.953903
2.62,1.02899
2.64,1.07191
2.66,1.06051
2.68,0.99467
2.7,0.896191
2.72,0.79118
2.74,0.696664
2.76,0.619488
2.78,0.560519
2.8,0.51834
2.82,0.491229
2.84,0.477914
2.86,0.477676
2.88,0.489948
2.9,0.513277
2.92,0.543453
2.94,0.571479
2.96,0.584281
2.98,0.571332
3,0.532882
3.02,0.479438
3.04,0.423199
3.06,0.371886
3.08,0.32838
3.1,0.292742
3.12,0.263924
3.14,0.24067
3.16,0.221864
3.18,0.206622
3.2,0.194279
3.22,0.184356
3.24,0.176496
3.26,0.170388
3.28,0.165642
3.3,0.161651
3.32,0.157547
3.34,0.152502
3.36,0.146256
3.38,0.13926
3.4,0.13223
3.42,0.12568
3.44,0.119816
3.46,0.114647
3.48,0.110095
3.5,0.106062
3.52,0.10246
3.54,0.0992119
3.56,0.09626
3.58,0.0935578
3.6,0.0910697
3.62,0.0887683
3.64,0.0866331
3.66,0.0846486
3.68,0.0828036
3.7,0.0810894
3.72,0.0794968
3.74,0.0780106
3.76,0.0766018
3.78,0.0752229
3.8,0.0738221
3.82,0.0723751
3.84,0.0709018
3.86,0.0694453
3.88,0.0680402
3.9,0.0667024
3.92,0.0654335
3.94,0.0642286
3.96,0.0630812
3.98,0.0619848
4,0.0609337
