0,13.622
0.02,16.5223
0.04,20.0317
0.06,24.0083
0.08,27.9629
0.1,30.9833
0.12,32.0606
0.14,30.8107
0.16,27.8221
0.18,24.1509
0.2,20.6426
0.22,17.7163
0.24,15.4853
0.26,13.9237
0.28,12.9673
0.3,12.5542
0.32,12.6255
0.34,13.095
0.36,13.7917
0.38,14.4097
0.4,14.5627
0.42,14.0021
0.44,12.8123
0.46,11.3208
0.48,9.84869
0.5,8.57807
0.52,7.56898
0.54,6.81821
0.56,6.3024
0.58,5.99914
0.6,5.8944
0.62,5.98263
0.64,6.26044
0.66,6.71101
0.68,7.2751
0.7,7.81707
0.72,8.12936
0.74,8.03127
0.76,7.50851
0.78,6.72279
0.8,5.87783
0.82,5.10975
0.84,4.47393
0.86,3.97683
0.88,3.60543
0.9,3.34325
0.92,3.17699
0.94,3.09869
0.96,3.10606
0.98,3.20209
1,3.39347
1.02,3.68654
1.04,4.07755
1.06,4.5339
1.08,4.97085
1.1,5.251
1.12,5.24696
1.14,4.93923
1.16,4.43295
1.18,3.87001
1.2,3.34906
1.22,2.91199
1.24,2.56489
1.26,2.29884
1.28,2.10159
1.3,1.96233
1.32,1.8733
1.34,1.83
1.36,1.83113
1.38,1.87843
1.4,1.9765
1.42,2.13215
1.44,2.35236
1.46,2.63875
1.48,2.97622
1.5,3.31621
1.52,3.56923
1.54,3.63636
1.56,3.47919
1.58,3.15371
1.6,2.76137
1.62,2.38314
1.64,2.05831
1.66,1.79614
1.68,1.59185
1.7,1.43664
1.72,1.32199
1.74,1.24123
1.76,1.1898
1.78,1.16512
1.8,1.16651
1.82,1.1951
1.84,1.25379
1.86,1.34715
1.88,1.48076
1.9,1.65918
1.92,1.88077
1.94,2.12809
1.96,2.35661
1.98,2.49691
2,2.48938
2.02,2.33158
2.04,2.08033
2.06,1.80549
2.08,1.55321
2.1,1.34195
2.12,1.17351
2.14,1.04292
2.16,0.943817
2.18,0.870551
2.2,0.818842
2.22,0.785818
2.24,0.769906
2.26,0.770735
2.28,0.78909
2.3,0.826896
2.32,0.887123
2.34,0.973339
2.36,1.08829
2.38,1.23047
2.4,1.38771
2.42,1.53024
2.44,1.6132
2.46,1.60024
2.48,1.49294
2.5,1.32925
2.52,1.15321
2.54,0.992926
2.56,0.859177
2.58,0.752653
2.6,0.670067
2.62,0.607391
2.64,0.561135
2.66,0.528712
2.68,0.50846
2.7,0.499579
2.72,0.502059
2.74,0.516598
2.76,0.544432
2.78,0.586837
2.8,0.643884
2.82,0.711892
2.84,0.779825
2.86,0.827983
2.88,0.835385
2.9,0.794872
2.92,0.719378
2.94,0.630661
2.96,0.545517
2.98,0.471815
3,0.411177
3.02,0.362367
3.04,0.323331
3.06,0.292078
3.08,0.266967
3.1,0.246734
3.12,0.230452
3.14,0.217462
3.16,0.207319
3.18,0.199726
3.2,0.194465
3.22,0.191248
3.24,0.189489
3.26,0.188045
3.28,0.185264
3.3,0.179751
3.32,0.1714
3.34,0.161405
3.36,0.15124
3.38,0.14186
3.4,0.133619
3.42,0.126515
3.44,0.120404
3.46,0.115111
3.48,0.11048
3.5,0.106384
3.52,0.102721
3.54,0.0994123
3.56,0.0963981
3.58,0.0936308
3.6,0.0910732
3.62,0.0886959
3.64,0.0864751
3.66,0.0843916
3.68,0.0824293
3.7,0.0805754
3.72,0.0788187
3.74,0.0771499
3.76,0.0755614
3.78,0.0740462
3.8,0.0725988
3.82,0.0712144
3.84,0.0698888
3.86,0.0686188
3.88,0.0674017
3.9,0.0662355
3.92,0.0651188
3.94,0.0640502
3.96,0.0630276
3.98,0.0620466
4,0.0610974
