0,4.58453
0.02,5.43346
0.04,6.50439
0.06,7.85641
0.08,9.54753
0.1,11.6047
0.12,13.9581
0.14,16.3387
0.16,18.2171
0.18,18.9666
0.2,18.2893
0.22,16.4794
0.24,14.164
0.26,11.8759
0.28,9.88829
0.3,8.27421
0.32,7.0096
0.34,6.03953
0.36,5.30866
0.38,4.77172
0.4,4.39558
0.42,4.15848
0.44,4.04871
0.46,4.06345
0.48,4.2075
0.5,4.49095
0.52,4.92303
0.54,5.49783
0.56,6.16666
0.58,6.80427
0.6,7.20924
0.62,7.19697
0.64,6.74179
0.66,5.99863
0.68,5.1739
0.7,4.41002
0.72,3.76677
0.74,3.25206
0.76,2.85206
0.78,2.54797
0.8,2.32291
0.82,2.16406
0.84,2.06289
0.86,2.01486
0.88,2.01914
0.9,2.0783
0.92,2.19775
0.94,2.38431
0.96,2.64199
0.98,2.96272
1,3.31042
1.02,3.60711
1.04,3.74793
1.06,3.66355
1.08,3.378
1.1,2.98663
1.12,2.58489
1.14,2.22847
1.16,1.93636
1.18,1.70774
1.2,1.53465
1.22,1.40836
1.24,1.32179
1.26,1.27017
1.28,1.25113
1.3,1.26453
1.32,1.31225
1.34,1.39782
1.36,1.52501
1.38,1.69467
1.4,1.89814
1.42,2.10756
1.44,2.27061
1.46,2.32603
1.48,2.24386
1.5,2.0517
1.52,1.81101
1.54,1.57512
1.56,1.37194
1.58,1.20942
1.6,1.08577
1.62,0.996186
1.64,0.936031
1.66,0.902025
1.68,0.892521
1.7,0.907502
1.72,0.948354
1.74,1.01725
1.76,1.11552
1.78,1.24004
1.8,1.377
1.82,1.49609
1.84,1.55567
1.86,1.52708
1.88,1.41862
1.9,1.26796
1.92,1.11358
1.94,0.978254
1.96,0.870084
1.98,0.789311
2,0.733465
2.02,0.699968
2.04,0.687151
2.06,0.694495
2.08,0.722422
2.1,0.771537
2.12,0.840787
2.14,0.923967
2.16,1.0053
2.18,1.0591
2.2,1.06123
2.22,1.00745
2.24,0.917164
2.26,0.817282
2.28,0.726928
2.3,0.654693
2.32,0.602537
2.34,0.569757
2.36,0.555193
2.38,0.55802
2.4,0.57755
2.42,0.612073
2.44,0.656554
2.46,0.699985
2.48,0.725895
2.5,0.720387
2.52,0.683035
2.54,0.6272
2.56,0.569328
2.58,0.520544
2.6,0.485786
2.62,0.466229
2.64,0.461207
2.66,0.468578
2.68,0.483762
2.7,0.498605
2.72,0.502779
2.74,0.489557
2.76,0.461127
2.78,0.426436
2.8,0.394509
2.82,0.37075
2.84,0.35709
2.86,0.353034
2.88,0.355883
2.9,0.360331
2.92,0.359165
2.94,0.346825
2.96,0.323453
2.98,0.294345
3,0.265526
3.02,0.240745
3.04,0.221309
3.06,0.206942
3.08,0.196372
3.1,0.187578
3.12,0.178329
3.14,0.167282
3.16,0.154713
3.18,0.141903
3.2,0.130014
3.22,0.119603
3.24,0.110742
3.26,0.103272
3.28,0.0969698
3.3,0.091624
3.32,0.0870613
3.34,0.0831476
3.36,0.0797829
3.38,0.0768937
3.4,0.0744215
3.42,0.0723061
3.44,0.0704607
3.46,0.0687466
3.48,0.0669871
3.5,0.0650506
3.52,0.0629403
3.54,0.060774
3.56,0.0586807
3.58,0.0567352
3.6,0.0549589
3.62,0.0533442
3.64,0.0518728
3.66,0.0505258
3.68,0.0492869
3.7,0.0481428
3.72,0.0470827
3.74,0.0460953
3.76,0.0451665
3.78,0.0442761
3.8,0.0434015
3.82,0.0425285
3.84,0.0416595
3.86,0.0408083
3.88,0.0399876
3.9,0.0392034
3.92,0.0384562
3.94,0.0377435
3.96,0.0370623
3.98,0.0364095
4,0.0357823
