0,4.58443
0.02,5.43333
0.04,6.50423
0.06,7.85621
0.08,9.54728
0.1,11.6045
0.12,13.9578
0.14,16.3384
0.16,18.2169
0.18,18.9667
0.2,18.2896
0.22,16.4798
0.24,14.1644
0.26,11.8763
0.28,9.88859
0.3,8.27445
0.32,7.00979
0.34,6.03968
0.36,5.30877
0.38,4.77181
0.4,4.39565
0.42,4.15853
0.44,4.04876
0.46,4.06348
0.48,4.20753
0.5,4.49096
0.52,4.92305
0.54,5.49784
0.56,6.16665
0.58,6.80421
0.6,7.20904
0.62,7.19661
0.64,6.74138
0.66,5.99833
0.68,5.17375
0.7,4.40996
0.72,3.76676
0.74,3.25205
0.76,2.85204
0.78,2.54793
0.8,2.32285
0.82,2.16396
0.84,2.06275
0.86,2.01467
0.88,2.01889
0.9,2.07796
0.92,2.19734
0.94,2.38385
0.96,2.64162
0.98,2.96272
1,3.31128
1.02,3.60922
1.04,3.7509
1.06,3.66607
1.08,3.37895
1.1,2.98602
1.12,2.58348
1.14,2.22694
1.16,1.93508
1.18,1.70684
1.2,1.53415
1.22,1.40826
1.24,1.32207
1.26,1.27088
1.28,1.25231
1.3,1.26628
1.32,1.31475
1.34,1.40128
1.36,1.52972
1.38,1.7008
1.4,1.90511
1.42,2.11278
1.44,2.26883
1.46,2.31232
1.48,2.21941
1.5,2.02445
1.52,1.78996
1.54,1.56575
1.56,1.37551
1.58,1.22388
1.6,1.10711
1.62,1.02019
1.64,0.959835
1.66,0.924418
1.68,0.91327
1.7,0.926174
1.72,0.962784
1.74,1.02161
1.76,1.0991
1.78,1.19033
1.8,1.29035
1.82,1.39128
1.84,1.47393
1.86,1.50713
1.88,1.46673
1.9,1.35839
1.92,1.21402
1.94,1.06752
1.96,0.939301
1.98,0.836702
2,0.759857
2.02,0.706411
2.04,0.673911
2.06,0.660765
2.08,0.666507
2.1,0.691709
2.12,0.737502
2.14,0.804315
2.16,0.889129
2.18,0.981002
2.2,1.05753
2.22,1.08999
2.24,1.06125
2.26,0.980348
2.28,0.874332
2.3,0.768593
2.32,0.677287
2.34,0.605046
2.36,0.551656
2.38,0.515372
2.4,0.494523
2.42,0.488119
2.44,0.495961
2.46,0.518433
2.48,0.555819
2.5,0.606759
2.52,0.665492
2.54,0.718939
2.56,0.748044
2.58,0.737917
2.6,0.689871
2.62,0.62011
2.64,0.546914
2.66,0.481801
2.68,0.429237
2.7,0.389686
2.72,0.362148
2.74,0.345484
2.76,0.338921
2.78,0.342108
2.8,0.354818
2.82,0.376176
2.84,0.403213
2.86,0.429163
2.88,0.443657
2.9,0.437617
2.92,0.410238
2.94,0.369537
2.96,0.325687
2.98,0.285505
3,0.251767
3.02,0.224786
3.04,0.203876
3.06,0.188127
3.08,0.17667
3.1,0.168646
3.12,0.163
3.14,0.158277
3.16,0.152798
3.18,0.145455
3.2,0.136413
3.22,0.126767
3.24,0.117599
3.26,0.109462
3.28,0.102425
3.3,0.0963051
3.32,0.0908839
3.34,0.0860298
3.36,0.0816929
3.38,0.0778432
3.4,0.0744374
3.42,0.0714206
3.44,0.0687373
3.46,0.0663393
3.48,0.0641876
3.5,0.0622528
3.52,0.0605131
3.54,0.0589529
3.56,0.0575583
3.58,0.0563098
3.6,0.0551705
3.62,0.0540749
3.64,0.0529387
3.66,0.0517036
3.68,0.0503798
3.7,0.0490309
3.72,0.0477216
3.74,0.0464882
3.76,0.0453404
3.78,0.0442739
3.8,0.0432796
3.82,0.0423476
3.84,0.0414694
3.86,0.0406378
3.88,0.0398472
3.9,0.0390928
3.92,0.038371
3.94,0.0376787
3.96,0.0370133
3.98,0.0363727
4,0.0357551
