0,1.30507
0.02,1.25548
0.04,1.12683
0.06,0.9628
0.08,0.800388
0.1,0.65844
0.12,0.541896
0.14,0.448907
0.16,0.375448
0.18,0.317412
0.2,0.271316
0.22,0.234415
0.24,0.204612
0.26,0.180324
0.28,0.160358
0.3,0.143812
0.32,0.129997
0.34,0.118387
0.36,0.108574
0.38,0.100238
0.4,0.0931291
0.42,0.0870482
0.44,0.0818363
0.46,0.0773657
0.48,0.0735329
0.5,0.0702541
0.52,0.0674606
0.54,0.0650966
0.56,0.0631163
0.58,0.0614824
0.6,0.0601646
0.62,0.0591386
0.64,0.0583852
0.66,0.0578897
0.68,0.0576412
0.7,0.0576327
0.72,0.0578601
0.74,0.058323
0.76,0.0590239
0.78,0.0599684
0.8,0.0611654
0.82,0.0626275
0.84,0.0643709
0.86,0.066416
0.88,0.0687879
0.9,0.0715174
0.92,0.0746414
0.94,0.0782042
0.96,0.0822593
0.98,0.0868707
1,0.0921152
1.02,0.0980858
1.04,0.104895
1.06,0.112679
1.08,0.121606
1.1,0.13188
1.12,0.143759
1.14,0.157559
1.16,0.173683
1.18,0.192638
1.2,0.215076
1.22,0.241837
1.24,0.274016
1.26,0.31305
1.28,0.360839
1.3,0.4199
1.32,0.493571
1.34,0.586218
1.36,0.703383
1.38,0.851599
1.4,1.03727
1.42,1.26334
1.44,1.52194
1.46,1.78311
1.48,1.98799
1.5,2.06712
1.52,1.98769
1.54,1.7825
1.56,1.52103
1.58,1.26211
1.6,1.03573
1.62,0.849749
1.64,0.701214
1.66,0.583727
1.68,0.490751
1.7,0.416746
1.72,0.357343
1.74,0.309205
1.76,0.269813
1.78,0.237266
1.8,0.210126
1.82,0.187298
1.84,0.16794
1.86,0.151399
1.88,0.137166
1.9,0.124838
1.92,0.114095
1.94,0.104681
1.96,0.0963875
1.98,0.0890454
2,0.0825158
2.02,0.0766841
2.04,0.0714549
2.06,0.0667483
2.08,0.0624973
2.1,0.0586451
2.12,0.0551434
2.14,0.051951
2.16,0.0490326
2.18,0.0463576
2.2,0.0438998
2.22,0.0416361
2.24,0.0395466
2.26,0.0376138
2.28,0.0358224
2.3,0.0341588
2.32,0.0326112
2.34,0.0311688
2.36,0.0298225
2.38,0.0285636
2.4,0.0273849
2.42,0.0262795
2.44,0.0252414
2.46,0.0242653
2.48,0.0233463
2.5,0.02248
2.52,0.0216623
2.54,0.0208897
2.56,0.0201589
2.58,0.0194668
2.6,0.0188109
2.62,0.0181885
2.64,0.0175973
2.66,0.0170354
2.68,0.0165008
2.7,0.0159917
2.72,0.0155065
2.74,0.0150438
2.76,0.014602
2.78,0.0141801
2.8,0.0137767
2.82,0.0133908
2.84,0.0130214
2.86,0.0126675
2.88,0.0123283
2.9,0.012003
2.92,0.0116908
2.94,0.011391
2.96,0.0111029
2.98,0.0108259
3,0.0105595
3.02,0.0103031
3.04,0.0100562
3.06,0.00981841
3.08,0.00958916
3.1,0.0093681
3.12,0.00915482
3.14,0.00894896
3.16,0.00875018
3.18,0.00855815
3.2,0.00837257
3.22,0.00819313
3.24,0.00801958
3.26,0.00785164
3.28,0.00768908
3.3,0.00753167
3.32,0.00737918
3.34,0.00723142
3.36,0.00708818
3.38,0.00694927
3.4,0.00681453
3.42,0.00668378
3.44,0.00655687
3.46,0.00643364
3.48,0.00631395
3.5,0.00619767
3.52,0.00608466
3.54,0.0059748
3.56,0.00586797
3.58,0.00576406
3.6,0.00566296
3.62,0.00556457
3.64,0.00546879
3.66,0.00537554
3.68,0.00528471
3.7,0.00519623
3.72,0.00511001
3.74,0.00502598
3.76,0.00494405
3.78,0.00486417
3.8,0.00478626
3.82,0.00471025
3.84,0.00463609
3.86,0.00456371
3.88,0.00449306
3.9,0.00442407
3.92,0.0043567
3.94,0.0042909
3.96,0.00422662
3.98,0.0041638
4,0.00410241
