0,21.7495
0.02,26.3361
0.04,31.5014
0.06,36.5823
0.08,40.3837
0.1,41.6458
0.12,39.9733
0.14,36.2031
0.16,31.7
0.18,27.52
0.2,24.1782
0.22,21.817
0.24,20.4049
0.26,19.8374
0.28,19.9408
0.3,20.4147
0.32,20.7923
0.34,20.564
0.36,19.4874
0.38,17.7638
0.4,15.8332
0.42,14.0597
0.44,12.6095
0.46,11.4912
0.48,10.6399
0.5,9.99597
0.52,9.54851
0.54,9.32116
0.56,9.32698
0.58,9.52717
0.6,9.80119
0.62,9.95121
0.64,9.79019
0.66,9.27937
0.68,8.5576
0.7,7.823
0.72,7.22019
0.74,6.81809
0.76,6.63452
0.78,6.656
0.8,6.83554
0.82,7.07478
0.84,7.22081
0.86,7.12431
0.88,6.74311
0.9,6.17309
0.92,5.56273
0.94,5.02301
0.96,4.6066
0.98,4.32831
1,4.18757
1.02,4.18035
1.04,4.30104
1.06,4.53488
1.08,4.84107
1.1,5.13377
1.12,5.28866
1.14,5.20577
1.16,4.88787
1.18,4.43596
1.2,3.96801
1.22,3.5603
1.24,3.24396
1.26,3.02449
1.28,2.89834
1.3,2.86165
1.32,2.91327
1.34,3.05376
1.36,3.28012
1.38,3.57418
1.4,3.88529
1.42,4.12151
1.44,4.17945
1.46,4.01518
1.48,3.68212
1.5,3.28367
1.52,2.90481
1.54,2.58836
1.56,2.34626
1.58,2.17628
1.6,2.07264
1.62,2.03085
1.64,2.04937
1.66,2.12936
1.68,2.27268
1.7,2.47663
1.72,2.72381
1.74,2.96861
1.76,3.13476
1.78,3.14714
1.8,2.98769
1.82,2.71108
1.84,2.3981
1.86,2.10774
1.88,1.86657
1.9,1.67992
1.92,1.54406
1.94,1.45332
1.96,1.40315
1.98,1.39122
2,1.41754
2.02,1.48422
2.04,1.59429
2.06,1.74877
2.08,1.94043
2.1,2.14382
2.12,2.30828
2.14,2.37133
2.16,2.29915
2.18,2.11575
2.2,1.88141
2.22,1.65011
2.24,1.45083
2.26,1.29237
2.28,1.17353
2.3,1.09001
2.32,1.03771
2.34,1.01398
2.36,1.01791
2.38,1.05028
2.4,1.11297
2.42,1.20753
2.44,1.33182
2.46,1.47378
2.48,1.60452
2.5,1.68038
2.52,1.6652
2.54,1.55924
2.56,1.39867
2.58,1.22641
2.6,1.07028
2.62,0.941229
2.64,0.840305
2.66,0.7647
2.68,0.710972
2.7,0.676363
2.72,0.659201
2.74,0.65892
2.76,0.675868
2.78,0.710773
2.8,0.763461
2.82,0.830233
2.84,0.899967
2.86,0.952026
2.88,0.962883
2.9,0.922173
2.92,0.84163
2.94,0.744599
2.96,0.650356
2.98,0.568508
3,0.501455
3.02,0.448174
3.04,0.406614
3.06,0.374772
3.08,0.351033
3.1,0.334165
3.12,0.3231
3.14,0.316516
3.16,0.312272
3.18,0.307177
3.2,0.297965
3.22,0.283353
3.24,0.264902
3.26,0.245453
3.28,0.227197
3.3,0.211119
3.32,0.197355
3.34,0.185662
3.36,0.175693
3.38,0.167118
3.4,0.159663
3.42,0.153109
3.44,0.147288
3.46,0.14207
3.48,0.137353
3.5,0.13306
3.52,0.129128
3.54,0.12551
3.56,0.12217
3.58,0.119076
3.6,0.116209
3.62,0.113553
3.64,0.111097
3.66,0.108834
3.68,0.106755
3.7,0.104841
3.72,0.103047
3.74,0.101289
3.76,0.0994626
3.78,0.0975037
3.8,0.095437
3.82,0.093349
3.84,0.0913204
3.86,0.089394
3.88,0.0875805
3.9,0.0858736
3.92,0.0842617
3.94,0.0827327
3.96,0.0812761
3.98,0.0798832
4,0.0785468
