0,21.7405
0.02,26.3317
0.04,31.5114
0.06,36.6227
0.08,40.4704
0.1,41.7757
0.12,40.1121
0.14,36.2975
0.16,31.703
0.18,27.3996
0.2,23.9129
0.22,21.3896
0.24,19.8055
0.26,19.0832
0.28,19.1208
0.3,19.7532
0.32,20.6678
0.34,21.3536
0.36,21.2432
0.38,20.0688
0.4,18.0675
0.42,15.7485
0.44,13.5377
0.46,11.6466
0.48,10.126
0.5,8.95047
0.52,8.07284
0.54,7.44904
0.56,7.04677
0.58,6.84746
0.6,6.846
0.62,7.04921
0.64,7.47225
0.66,8.12878
0.68,9.00813
0.7,10.0318
0.72,11.0006
0.74,11.5978
0.76,11.5387
0.78,10.7907
0.8,9.6008
0.82,8.29018
0.84,7.07703
0.86,6.05112
0.88,5.22246
0.9,4.56792
0.92,4.05672
0.94,3.66079
0.96,3.35775
0.98,3.13106
1,2.96924
1.02,2.86511
1.04,2.81522
1.06,2.81961
1.08,2.88179
1.1,3.00903
1.12,3.21264
1.14,3.50801
1.16,3.9131
1.18,4.44302
1.2,5.09605
1.22,5.8265
1.24,6.51125
1.26,6.95122
1.28,6.96547
1.3,6.53245
1.32,5.80922
1.34,5.00149
1.36,4.24992
1.38,3.61292
1.4,3.09755
1.42,2.68935
1.44,2.36871
1.46,2.11756
1.48,1.92129
1.5,1.76879
1.52,1.65189
1.54,1.56483
1.56,1.50376
1.58,1.4664
1.6,1.45189
1.62,1.46069
1.64,1.49466
1.66,1.55722
1.68,1.65366
1.7,1.79143
1.72,1.9803
1.74,2.23173
1.76,2.55632
1.78,2.95646
1.8,3.41139
1.82,3.85615
1.84,4.17519
1.86,4.24783
1.88,4.03694
1.9,3.62218
1.92,3.1316
1.94,2.66225
1.96,2.25896
1.98,1.93066
2,1.67005
2.02,1.46528
2.04,1.30489
2.06,1.17948
2.08,1.0818
2.1,1.0065
2.12,0.949768
2.14,0.908994
2.16,0.882574
2.18,0.869764
2.2,0.870625
2.22,0.886041
2.24,0.917805
2.26,0.968766
2.28,1.04299
2.3,1.14584
2.32,1.28361
2.34,1.46201
2.36,1.68205
2.38,1.93162
2.4,2.17393
2.42,2.34456
2.44,2.37786
2.46,2.25568
2.48,2.02369
2.5,1.75239
2.52,1.49424
2.54,1.27304
2.56,1.09325
2.58,0.950732
2.6,0.838975
2.62,0.751788
2.64,0.684128
2.66,0.632189
2.68,0.593249
2.7,0.565492
2.72,0.547868
2.74,0.540005
2.76,0.542167
2.78,0.555255
2.8,0.580762
2.82,0.620589
2.84,0.676402
2.86,0.747992
2.88,0.830054
2.9,0.908088
2.92,0.958165
2.94,0.957712
2.96,0.902818
2.98,0.811666
3,0.70927
3.02,0.613171
3.04,0.530834
3.06,0.463282
3.08,0.40878
3.1,0.364902
3.12,0.329378
3.14,0.300343
3.16,0.276344
3.18,0.256277
3.2,0.239305
3.22,0.224794
3.24,0.212263
3.26,0.201343
3.28,0.19175
3.3,0.183262
3.32,0.175709
3.34,0.168954
3.36,0.162894
3.38,0.15745
3.4,0.152563
3.42,0.148195
3.44,0.144322
3.46,0.140938
3.48,0.13804
3.5,0.13562
3.52,0.133616
3.54,0.131858
3.56,0.130017
3.58,0.127687
3.6,0.12463
3.62,0.120973
3.64,0.117079
3.66,0.113282
3.68,0.10976
3.7,0.106559
3.72,0.103661
3.74,0.101023
3.76,0.0986052
3.78,0.096369
3.8,0.094285
3.82,0.0923297
3.84,0.0904848
3.86,0.0887355
3.88,0.0870705
3.9,0.0854804
3.92,0.0839576
3.94,0.0824958
3.96,0.0810896
3.98,0.0797348
4,0.0784273
