0,5.51407
0.02,6.06733
0.04,6.66071
0.06,7.28192
0.08,7.91064
0.1,8.51752
0.12,9.06507
0.14,9.51137
0.16,9.81689
0.18,9.9531
0.2,9.90981
0.22,9.69819
0.24,9.34782
0.26,8.89941
0.28,8.39618
0.3,7.87706
0.32,7.37291
0.34,6.90563
0.36,6.4891
0.38,6.13087
0.4,5.83389
0.42,5.59787
0.44,5.42023
0.46,5.29639
0.48,5.21982
0.5,5.18174
0.52,5.17077
0.54,5.17288
0.56,5.17207
0.58,5.15201
0.6,5.09851
0.62,5.00238
0.64,4.86132
0.66,4.68016
0.68,4.46918
0.7,4.24142
0.72,4.00995
0.74,3.78598
0.76,3.57798
0.78,3.39166
0.8,3.23037
0.82,3.09567
0.84,2.98785
0.86,2.90621
0.88,2.84929
0.9,2.81481
0.92,2.79952
0.94,2.79898
0.96,2.80745
0.98,2.81785
1,2.82236
1.02,2.81336
1.04,2.7848
1.06,2.73352
1.08,2.65994
1.1,2.56781
1.12,2.46312
1.14,2.35273
1.16,2.24311
1.18,2.13957
1.2,2.04598
1.22,1.9649
1.24,1.89774
1.26,1.84506
1.28,1.80675
1.3,1.78211
1.32,1.76985
1.34,1.768
1.36,1.77379
1.38,1.78364
1.4,1.79319
1.42,1.79775
1.44,1.79295
1.46,1.77558
1.48,1.74433
1.5,1.70007
1.52,1.64557
1.54,1.58473
1.56,1.52181
1.58,1.46065
1.6,1.40431
1.62,1.35499
1.64,1.31403
1.66,1.28208
1.68,1.25921
1.7,1.24493
1.72,1.23825
1.74,1.23763
1.76,1.24091
1.78,1.24539
1.8,1.24805
1.82,1.2459
1.84,1.23656
1.86,1.21878
1.88,1.19275
1.9,1.15994
1.92,1.12277
1.94,1.084
1.96,1.04623
1.98,1.01159
2,0.981571
2.02,0.957075
2.04,0.938422
2.06,0.925414
2.08,0.917363
2.1,0.913106
2.12,0.911051
2.14,0.909283
2.16,0.905798
2.18,0.898842
2.2,0.887273
2.22,0.870826
2.24,0.850151
2.26,0.826602
2.28,0.801884
2.3,0.777682
2.32,0.755391
2.34,0.735963
2.36,0.719857
2.38,0.707043
2.4,0.697047
2.42,0.689014
2.44,0.681825
2.46,0.674276
2.48,0.665314
2.5,0.654264
2.52,0.640983
2.54,0.625856
2.56,0.609642
2.58,0.593236
2.6,0.577434
2.62,0.562765
2.64,0.549408
2.66,0.537203
2.68,0.525726
2.7,0.514432
2.72,0.502817
2.74,0.490568
2.76,0.47764
2.78,0.464238
2.8,0.450707
2.82,0.437394
2.84,0.42452
2.86,0.412114
2.88,0.400016
2.9,0.387943
2.92,0.37559
2.94,0.362747
2.96,0.349365
2.98,0.33557
3,0.321607
3.02,0.307759
3.04,0.294271
3.06,0.2813
3.08,0.268909
3.1,0.257086
3.12,0.24578
3.14,0.234941
3.16,0.224546
3.18,0.214601
3.2,0.205138
3.22,0.196194
3.24,0.1878
3.26,0.17997
3.28,0.172702
3.3,0.165978
3.32,0.159769
3.34,0.154039
3.36,0.148747
3.38,0.143851
3.4,0.139308
3.42,0.135077
3.44,0.131116
3.46,0.127387
3.48,0.123857
3.5,0.1205
3.52,0.117297
3.54,0.114235
3.56,0.111308
3.58,0.108511
3.6,0.105842
3.62,0.103298
3.64,0.100874
3.66,0.0985655
3.68,0.0963653
3.7,0.0942669
3.72,0.0922631
3.74,0.0903464
3.76,0.0885098
3.78,0.0867464
3.8,0.0850502
3.82,0.0834159
3.84,0.0818394
3.86,0.0803175
3.88,0.0788474
3.9,0.077427
3.92,0.0760543
3.94,0.0747273
3.96,0.0734441
3.98,0.0722027
4,0.0710011
