0,5.514
0.02,6.06727
0.04,6.66064
0.06,7.28185
0.08,7.91057
0.1,8.51746
0.12,9.06502
0.14,9.51134
0.16,9.81689
0.18,9.95312
0.2,9.90986
0.22,9.69826
0.24,9.34791
0.26,8.89951
0.28,8.39628
0.3,7.87716
0.32,7.373
0.34,6.90572
0.36,6.48918
0.38,6.13094
0.4,5.83394
0.42,5.59792
0.44,5.42026
0.46,5.29641
0.48,5.21983
0.5,5.18174
0.52,5.17076
0.54,5.17285
0.56,5.17204
0.58,5.15195
0.6,5.09844
0.62,5.0023
0.64,4.86124
0.66,4.68008
0.68,4.4691
0.7,4.24135
0.72,4.0099
0.74,3.78593
0.76,3.57794
0.78,3.39162
0.8,3.23033
0.82,3.09564
0.84,2.98782
0.86,2.90619
0.88,2.84929
0.9,2.81483
0.92,2.79958
0.94,2.7991
0.96,2.80762
0.98,2.8181
1,2.82267
1.02,2.81371
1.04,2.78516
1.06,2.73385
1.08,2.6602
1.1,2.56797
1.12,2.46321
1.14,2.35277
1.16,2.24313
1.18,2.13961
1.2,2.04608
1.22,1.96507
1.24,1.89801
1.26,1.84543
1.28,1.80721
1.3,1.78263
1.32,1.77038
1.34,1.76846
1.36,1.77407
1.38,1.78359
1.4,1.79265
1.42,1.79659
1.44,1.79113
1.46,1.77322
1.48,1.74173
1.5,1.69767
1.52,1.64385
1.54,1.58412
1.56,1.52251
1.58,1.46265
1.6,1.40737
1.62,1.35868
1.64,1.31781
1.66,1.28535
1.68,1.26135
1.7,1.24537
1.72,1.23652
1.74,1.23345
1.76,1.23442
1.78,1.23726
1.8,1.23954
1.82,1.23874
1.84,1.23253
1.86,1.2192
1.88,1.19801
1.9,1.16943
1.92,1.13503
1.94,1.09711
1.96,1.05823
1.98,1.0208
2,0.986751
2.02,0.957479
2.04,0.933814
2.06,0.916076
2.08,0.904119
2.1,0.897352
2.12,0.894732
2.14,0.894768
2.16,0.895577
2.18,0.895057
2.2,0.891178
2.22,0.88237
2.24,0.867877
2.26,0.847921
2.28,0.823617
2.3,0.796659
2.32,0.768934
2.34,0.742183
2.36,0.717799
2.38,0.696745
2.4,0.679559
2.42,0.666382
2.44,0.656991
2.46,0.650816
2.48,0.646951
2.5,0.644193
2.52,0.64114
2.54,0.636374
2.56,0.628713
2.58,0.617464
2.6,0.602575
2.62,0.584621
2.64,0.564628
2.66,0.543815
2.68,0.523347
2.7,0.504175
2.72,0.486957
2.74,0.472044
2.76,0.459499
2.78,0.44912
2.8,0.440463
2.82,0.432883
2.84,0.425589
2.86,0.417753
2.88,0.408648
2.9,0.397793
2.92,0.385049
2.94,0.370631
2.96,0.355014
2.98,0.338804
3,0.322591
3.02,0.306864
3.04,0.291961
3.06,0.278068
3.08,0.265237
3.1,0.25342
3.12,0.242498
3.14,0.232324
3.16,0.222749
3.18,0.213654
3.2,0.204964
3.22,0.196647
3.24,0.188705
3.26,0.181153
3.28,0.174008
3.3,0.167279
3.32,0.160965
3.34,0.155057
3.36,0.149539
3.38,0.144391
3.4,0.139591
3.42,0.135116
3.44,0.130942
3.46,0.127046
3.48,0.123404
3.5,0.119994
3.52,0.116796
3.54,0.113788
3.56,0.110951
3.58,0.108265
3.6,0.105713
3.62,0.103276
3.64,0.100941
3.66,0.0986955
3.68,0.0965319
3.7,0.0944452
3.72,0.092433
3.74,0.090494
3.76,0.0886272
3.78,0.0868313
3.8,0.0851044
3.82,0.083444
3.84,0.0818472
3.86,0.0803108
3.88,0.0788315
3.9,0.0774061
3.92,0.0760315
3.94,0.0747048
3.96,0.0734232
3.98,0.0721842
4,0.0709853
