0,3.69555
0.02,3.56385
0.04,3.21413
0.06,2.76717
0.08,2.32528
0.1,1.94063
0.12,1.62697
0.14,1.37929
0.16,1.18659
0.18,1.03765
0.2,0.923018
0.22,0.835299
0.24,0.768936
0.26,0.719837
0.28,0.685048
0.3,0.662488
0.32,0.650768
0.34,0.649057
0.36,0.657004
0.38,0.674705
0.4,0.702697
0.42,0.741997
0.44,0.79418
0.46,0.861502
0.48,0.94709
0.5,1.0552
0.52,1.19161
0.54,1.36404
0.56,1.58279
0.58,1.86124
0.6,2.21595
0.62,2.66527
0.64,3.22395
0.66,3.88941
0.68,4.61567
0.7,5.28301
0.72,5.70445
0.74,5.72004
0.76,5.32501
0.78,4.67428
0.8,3.95686
0.82,3.29644
0.84,2.74059
0.86,2.29038
0.88,1.92844
0.9,1.6356
0.92,1.39735
0.94,1.20345
0.96,1.04585
0.98,0.917694
1,0.813172
1.02,0.727565
1.04,0.657144
1.06,0.599021
1.08,0.550979
1.1,0.511324
1.12,0.478774
1.14,0.452364
1.16,0.431391
1.18,0.415369
1.2,0.403999
1.22,0.397161
1.24,0.394911
1.26,0.397492
1.28,0.405368
1.3,0.419263
1.32,0.44023
1.34,0.469726
1.36,0.509715
1.38,0.562734
1.4,0.631911
1.42,0.72082
1.44,0.833119
1.46,0.97157
1.48,1.13509
1.5,1.3122
1.52,1.47328
1.54,1.57305
1.56,1.57531
1.58,1.48335
1.6,1.33779
1.62,1.18489
1.64,1.05336
1.66,0.952001
1.68,0.875489
1.7,0.810582
1.72,0.743714
1.74,0.669242
1.76,0.591213
1.78,0.51722
1.8,0.45248
1.82,0.398627
1.84,0.355047
1.86,0.320277
1.88,0.29278
1.9,0.271251
1.92,0.254697
1.94,0.242411
1.96,0.233931
1.98,0.229004
2,0.227575
2.02,0.229785
2.04,0.235989
2.06,0.246786
2.08,0.263058
2.1,0.285992
2.12,0.317032
2.14,0.357633
2.16,0.408562
2.18,0.468503
2.2,0.532054
2.22,0.588371
2.24,0.622859
2.26,0.623961
2.28,0.591936
2.3,0.539772
2.32,0.483959
2.34,0.435895
2.36,0.400084
2.38,0.375819
2.4,0.358799
2.42,0.342704
2.44,0.322186
2.46,0.296095
2.48,0.267354
2.5,0.239853
2.52,0.216182
2.54,0.197395
2.56,0.183616
2.58,0.174618
2.6,0.170175
2.62,0.170211
2.64,0.174807
2.66,0.184051
2.68,0.197671
2.7,0.214346
2.72,0.230924
2.74,0.242429
2.76,0.243978
2.78,0.234091
2.8,0.216036
2.82,0.195357
2.84,0.176532
2.86,0.161774
2.88,0.151476
2.9,0.144789
2.92,0.139899
2.94,0.134429
2.96,0.126544
2.98,0.11611
3,0.104473
3.02,0.0931864
3.04,0.0831654
3.06,0.0746746
3.08,0.0676174
3.1,0.0617721
3.12,0.0569112
3.14,0.0528413
3.16,0.0494082
3.18,0.0464913
3.2,0.0439958
3.22,0.0418436
3.24,0.0399639
3.26,0.0382877
3.28,0.0367534
3.3,0.0353228
3.32,0.0339868
3.34,0.032753
3.36,0.0316319
3.38,0.0306304
3.4,0.029747
3.42,0.0289664
3.44,0.0282528
3.46,0.0275509
3.48,0.026807
3.5,0.0260043
3.52,0.0251719
3.54,0.0243558
3.56,0.0235887
3.58,0.0228828
3.6,0.0222361
3.62,0.0216397
3.64,0.0210828
3.66,0.020557
3.68,0.0200587
3.7,0.019587
3.72,0.0191403
3.74,0.0187153
3.76,0.0183079
3.78,0.0179153
3.8,0.017537
3.82,0.0171739
3.84,0.0168263
3.86,0.0164941
3.88,0.0161765
3.9,0.0158725
3.92,0.0155811
3.94,0.0153014
3.96,0.0150327
3.98,0.0147739
4,0.0145237
