0,17.5169
0.02,21.2511
0.04,25.6204
0.06,30.2512
0.08,34.2895
0.1,36.551
0.12,36.2214
0.14,33.5507
0.16,29.6378
0.18,25.6078
0.2,22.134
0.22,19.4682
0.24,17.6351
0.26,16.5745
0.28,16.199
0.3,16.3853
0.32,16.9189
0.34,17.4386
0.36,17.4951
0.38,16.7941
0.4,15.4177
0.42,13.7275
0.44,12.0797
0.46,10.6725
0.48,9.56556
0.5,8.75426
0.52,8.22178
0.54,7.95597
0.56,7.9448
0.58,8.16129
0.6,8.53684
0.62,8.93023
0.64,9.13446
0.66,8.97475
0.68,8.44133
0.7,7.69372
0.72,6.93
0.74,6.28393
0.76,5.81419
0.78,5.53424
0.8,5.43641
0.82,5.49776
0.84,5.66925
0.86,5.85907
0.88,5.93955
0.9,5.80871
0.92,5.46709
0.94,5.0131
0.96,4.56323
0.98,4.19429
1,3.94001
1.02,3.80955
1.04,3.80199
1.06,3.91012
1.08,4.11354
1.1,4.36306
1.12,4.56917
1.14,4.6242
1.16,4.46956
1.18,4.1441
1.2,3.74801
1.22,3.37187
1.24,3.06555
1.26,2.84641
1.28,2.71634
1.3,2.67303
1.32,2.7145
1.34,2.83817
1.36,3.03438
1.38,3.27391
1.4,3.49491
1.42,3.60971
1.44,3.55162
1.46,3.32843
1.48,3.01444
1.5,2.69203
1.52,2.41284
1.54,2.19729
1.56,2.04852
1.58,1.96376
1.6,1.94017
1.62,1.97675
1.64,2.0735
1.66,2.22757
1.68,2.425
1.7,2.62918
1.72,2.77655
1.74,2.80005
1.76,2.6769
1.78,2.44825
1.8,2.18335
1.82,1.93598
1.84,1.73201
1.86,1.57799
1.88,1.47206
1.9,1.4105
1.92,1.39067
1.94,1.41195
1.96,1.47545
1.98,1.58234
2,1.72985
2.02,1.90369
2.04,2.06905
2.06,2.17154
2.08,2.16315
2.1,2.03969
2.12,1.84424
2.14,1.63173
2.16,1.43936
2.18,1.28272
2.2,1.1643
2.22,1.08145
2.24,1.03069
2.26,1.00964
2.28,1.01749
2.3,1.05492
2.32,1.12326
2.34,1.22222
2.36,1.34546
2.38,1.47374
2.4,1.57144
2.42,1.59808
2.44,1.53613
2.46,1.40624
2.48,1.24903
2.5,1.09799
2.52,0.970016
2.54,0.869683
2.56,0.795844
2.58,0.7458
2.6,0.71721
2.62,0.708765
2.64,0.72022
2.66,0.751956
2.68,0.80377
2.7,0.87231
2.72,0.94702
2.74,1.00723
2.76,1.02741
2.78,0.99353
2.8,0.914938
2.82,0.815906
2.84,0.718341
2.86,0.634076
2.88,0.566775
2.9,0.516041
2.92,0.480215
2.94,0.457647
2.96,0.447
2.98,0.446909
3,0.455023
3.02,0.466569
3.04,0.473611
3.06,0.467464
3.08,0.444357
3.1,0.408378
3.12,0.367587
3.14,0.328522
3.16,0.294331
3.18,0.265677
3.2,0.24205
3.22,0.222595
3.24,0.206474
3.26,0.192983
3.28,0.181567
3.3,0.171799
3.32,0.163358
3.34,0.155997
3.36,0.149534
3.38,0.14383
3.4,0.138781
3.42,0.134315
3.44,0.130381
3.46,0.126941
3.48,0.12396
3.5,0.121375
3.52,0.119057
3.54,0.11678
3.56,0.114269
3.58,0.111362
3.6,0.108135
3.62,0.104814
3.64,0.101609
3.66,0.0986247
3.68,0.095888
3.7,0.0933822
3.72,0.0910776
3.74,0.0889439
3.76,0.0869548
3.78,0.0850891
3.8,0.0833295
3.82,0.0816626
3.84,0.0800775
3.86,0.0785653
3.88,0.0771189
3.9,0.0757324
3.92,0.0744007
3.94,0.0731196
3.96,0.0718856
3.98,0.0706957
4,0.0695473
