0,17.5121
0.02,21.2464
0.04,25.618
0.06,30.2552
0.08,34.3058
0.1,36.5827
0.12,36.2631
0.14,33.5884
0.16,29.6556
0.18,25.5936
0.2,22.0796
0.22,19.3672
0.24,17.4815
0.26,16.3649
0.28,15.9407
0.3,16.1133
0.32,16.7197
0.34,17.4574
0.36,17.8733
0.38,17.5405
0.4,16.3566
0.42,14.6119
0.44,12.7294
0.46,11.011
0.48,9.58726
0.5,8.47837
0.52,7.65914
0.54,7.09563
0.56,6.76096
0.58,6.64024
0.6,6.73039
0.62,7.03577
0.64,7.55659
0.66,8.26379
0.68,9.05732
0.7,9.73011
0.72,10.0083
0.74,9.71462
0.76,8.91572
0.78,7.85932
0.8,6.78812
0.82,5.84018
0.84,5.06017
0.86,4.44333
0.88,3.9675
0.9,3.60882
0.92,3.34752
0.94,3.16941
0.96,3.06578
0.98,3.03306
1,3.07257
1.02,3.19033
1.04,3.3968
1.06,3.70536
1.08,4.12757
1.1,4.66125
1.12,5.26717
1.14,5.8402
1.16,6.20937
1.18,6.21724
1.2,5.84178
1.22,5.21581
1.24,4.51646
1.26,3.86607
1.28,3.316
1.3,2.87301
1.32,2.52507
1.34,2.25567
1.36,2.04969
1.38,1.89518
1.4,1.78341
1.42,1.70856
1.44,1.66728
1.46,1.65849
1.48,1.68325
1.5,1.74482
1.52,1.84886
1.54,2.00344
1.56,2.21845
1.58,2.50319
1.6,2.85982
1.62,3.26962
1.64,3.67368
1.66,3.96614
1.68,4.03472
1.7,3.84233
1.72,3.46018
1.74,3.00629
1.76,2.57134
1.78,2.19779
1.8,1.89453
1.82,1.65515
1.84,1.46888
1.86,1.32534
1.88,1.21608
1.9,1.13478
1.92,1.07696
1.94,1.03979
1.96,1.02178
1.98,1.0227
2,1.04356
2.02,1.08668
2.04,1.15582
2.06,1.25621
2.08,1.39426
2.1,1.57604
2.12,1.80328
2.14,2.06484
2.16,2.32438
2.18,2.51548
2.2,2.566
2.22,2.44985
2.24,2.21027
2.26,1.92225
2.28,1.64457
2.3,1.40529
2.32,1.21061
2.34,1.05667
2.36,0.936636
2.38,0.843891
2.4,0.773011
2.42,0.719922
2.44,0.681763
2.46,0.656698
2.48,0.643781
2.5,0.642875
2.52,0.654639
2.54,0.680558
2.56,0.722978
2.58,0.785001
2.6,0.869958
2.62,0.979795
2.64,1.11138
2.66,1.25029
2.68,1.36578
2.7,1.41754
2.72,1.38076
2.74,1.26731
2.76,1.11505
2.78,0.959979
2.8,0.822216
2.82,0.708088
2.84,0.616719
2.86,0.544713
2.88,0.488408
2.9,0.444703
2.92,0.411235
2.94,0.386344
2.96,0.368968
2.98,0.358546
3,0.354883
3.02,0.357935
3.04,0.367341
3.06,0.381527
3.08,0.396489
3.1,0.40541
3.12,0.401246
3.14,0.381761
3.16,0.35138
3.18,0.317282
3.2,0.284884
3.22,0.256652
3.24,0.233025
3.26,0.213529
3.28,0.197439
3.3,0.184059
3.32,0.172809
3.34,0.163234
3.36,0.154983
3.38,0.147791
3.4,0.141454
3.42,0.135816
3.44,0.130754
3.46,0.126175
3.48,0.122003
3.5,0.118177
3.52,0.114651
3.54,0.111384
3.56,0.108343
3.58,0.105503
3.6,0.102841
3.62,0.100337
3.64,0.097977
3.66,0.0957465
3.68,0.0936345
3.7,0.0916315
3.72,0.0897299
3.74,0.0879232
3.76,0.0862067
3.78,0.084577
3.8,0.0830319
3.82,0.0815705
3.84,0.0801913
3.86,0.0788896
3.88,0.0776521
3.9,0.0764503
3.92,0.0752423
3.94,0.0739926
3.96,0.0726987
3.98,0.0713909
4,0.0701061
