0,2.03166
0.02,1.95549
0.04,1.75705
0.06,1.50392
0.08,1.25333
0.1,1.03445
0.12,0.854921
0.14,0.711888
0.16,0.59913
0.18,0.510299
0.2,0.440011
0.22,0.384026
0.24,0.339108
0.26,0.302818
0.28,0.273318
0.3,0.249224
0.32,0.229483
0.34,0.213295
0.36,0.200042
0.38,0.189251
0.4,0.180555
0.42,0.173668
0.44,0.168373
0.46,0.164503
0.48,0.161934
0.5,0.16058
0.52,0.160384
0.54,0.161317
0.56,0.163377
0.58,0.166588
0.6,0.170998
0.62,0.176685
0.64,0.183759
0.66,0.192363
0.68,0.202685
0.7,0.214963
0.72,0.2295
0.74,0.246677
0.76,0.266976
0.78,0.291013
0.8,0.31957
0.82,0.353657
0.84,0.39458
0.86,0.444044
0.88,0.504293
0.9,0.578294
0.92,0.669986
0.94,0.784584
0.96,0.928913
0.98,1.11161
1,1.34279
1.02,1.6322
1.04,1.98384
1.06,2.38424
1.08,2.78491
1.1,3.09326
1.12,3.20357
1.14,3.0708
1.16,2.75065
1.18,2.35084
1.2,1.95951
1.22,1.62
1.24,1.34203
1.26,1.11917
1.28,0.940462
1.3,0.796101
1.32,0.678902
1.34,0.583563
1.36,0.505824
1.38,0.442156
1.4,0.38968
1.42,0.346108
1.44,0.309649
1.46,0.278913
1.48,0.25282
1.5,0.230526
1.52,0.211372
1.54,0.194833
1.56,0.180493
1.58,0.16802
1.6,0.157145
1.62,0.147651
1.64,0.139362
1.66,0.132136
1.68,0.125858
1.7,0.120437
1.72,0.115799
1.74,0.111892
1.76,0.108675
1.78,0.106125
1.8,0.104231
1.82,0.103001
1.84,0.102457
1.86,0.102638
1.88,0.103608
1.9,0.105456
1.92,0.108304
1.94,0.112318
1.96,0.11772
1.98,0.124803
2,0.133961
2.02,0.14572
2.04,0.160781
2.06,0.180074
2.08,0.20482
2.1,0.236555
2.12,0.277062
2.14,0.328004
2.16,0.389896
2.18,0.459943
2.2,0.528951
2.22,0.580165
2.24,0.595596
2.26,0.569088
2.28,0.511895
2.3,0.443036
2.32,0.377329
2.34,0.321895
2.36,0.27847
2.38,0.246353
2.4,0.224159
2.42,0.210517
2.44,0.204086
2.46,0.203124
2.48,0.204775
2.5,0.204784
2.52,0.198827
2.54,0.185262
2.56,0.166239
2.58,0.145584
2.6,0.126234
2.62,0.109512
2.64,0.0956164
2.66,0.0842393
2.68,0.0749359
2.7,0.0672845
2.72,0.0609342
2.74,0.055609
2.76,0.051096
2.78,0.0472322
2.8,0.0438924
2.82,0.04098
2.84,0.0384197
2.86,0.0361523
2.88,0.0341308
2.9,0.0323174
2.92,0.0306818
2.94,0.029199
2.96,0.0278484
2.98,0.0266131
3,0.0254788
3.02,0.0244334
3.04,0.0234669
3.06,0.0225704
3.08,0.0217367
3.1,0.0209591
3.12,0.0202323
3.14,0.0195512
3.16,0.0189116
3.18,0.0183099
3.2,0.0177427
3.22,0.017207
3.24,0.0167003
3.26,0.0162203
3.28,0.0157648
3.3,0.0153321
3.32,0.0149204
3.34,0.0145282
3.36,0.0141542
3.38,0.013797
3.4,0.0134557
3.42,0.0131291
3.44,0.0128162
3.46,0.0125164
3.48,0.0122287
3.5,0.0119524
3.52,0.0116868
3.54,0.0114314
3.56,0.0111855
3.58,0.0109487
3.6,0.0107205
3.62,0.0105003
3.64,0.0102878
3.66,0.0100826
3.68,0.00988431
3.7,0.00969259
3.72,0.00950712
3.74,0.00932761
3.76,0.00915377
3.78,0.00898535
3.8,0.0088221
3.82,0.00866379
3.84,0.0085102
3.86,0.00836112
3.88,0.00821637
3.9,0.00807576
3.92,0.00793912
3.94,0.00780629
3.96,0.00767711
3.98,0.00755144
4,0.00742914
