0,7.0972
0.02,8.51682
0.04,10.3049
0.06,12.5247
0.08,15.179
0.1,18.1123
0.12,20.8857
0.14,22.7718
0.16,23.0883
0.18,21.7265
0.2,19.2512
0.22,16.4318
0.24,13.8076
0.26,11.6107
0.28,9.8781
0.3,8.56484
0.32,7.60703
0.34,6.94857
0.36,6.54941
0.38,6.38624
0.4,6.44978
0.42,6.73824
0.44,7.24291
0.46,7.91969
0.48,8.64679
0.5,9.20131
0.52,9.32804
0.54,8.91072
0.56,8.07058
0.58,7.05689
0.6,6.07794
0.62,5.23887
0.64,4.56711
0.66,4.05317
0.68,3.67681
0.7,3.41904
0.72,3.26638
0.74,3.21181
0.76,3.25425
0.78,3.39669
0.8,3.64156
0.82,3.98041
0.84,4.37527
0.86,4.73845
0.88,4.94006
0.9,4.87552
0.92,4.5492
0.94,4.06929
0.96,3.561
0.98,3.10432
1,2.73054
1.02,2.44275
1.04,2.23325
1.06,2.09278
1.08,2.01436
1.1,1.99448
1.12,2.03305
1.14,2.13243
1.16,2.29467
1.18,2.51522
1.2,2.77136
1.22,3.00937
1.24,3.14814
1.26,3.12035
1.28,2.92613
1.3,2.63248
1.32,2.31928
1.34,2.0386
1.36,1.81136
1.38,1.64028
1.4,1.52115
1.42,1.4489
1.44,1.4201
1.46,1.43357
1.48,1.49004
1.5,1.59042
1.52,1.73188
1.54,1.90035
1.56,2.06175
1.58,2.16276
1.6,2.15618
1.62,2.0378
1.64,1.84993
1.66,1.64683
1.68,1.46551
1.7,1.32192
1.72,1.21919
1.74,1.15528
1.76,1.1269
1.78,1.13037
1.8,1.16071
1.82,1.21047
1.84,1.27098
1.86,1.33654
1.88,1.40502
1.9,1.46939
1.92,1.50905
1.94,1.49708
1.96,1.42301
1.98,1.30468
2,1.1736
2.02,1.05488
2.04,0.960941
2.06,0.895331
2.08,0.857837
2.1,0.847519
2.12,0.863817
2.14,0.906128
2.16,0.97176
2.18,1.05195
2.2,1.12749
2.22,1.17019
2.24,1.15736
2.26,1.08975
2.28,0.990745
2.3,0.887619
2.32,0.798106
2.34,0.729577
2.36,0.683495
2.38,0.659218
2.4,0.655895
2.42,0.672875
2.44,0.708877
2.46,0.75977
2.48,0.815212
2.5,0.857001
2.52,0.86505
2.54,0.831139
2.56,0.76594
2.58,0.68959
2.6,0.618546
2.62,0.561206
2.64,0.520162
2.66,0.495403
2.68,0.486236
2.7,0.491891
2.72,0.51105
2.74,0.540328
2.76,0.572061
2.78,0.593611
2.8,0.592089
2.82,0.563487
2.84,0.515991
2.86,0.462829
2.88,0.414098
2.9,0.374627
2.92,0.345658
2.94,0.326805
2.96,0.317025
2.98,0.314637
3,0.316666
3.02,0.31822
3.04,0.313446
3.06,0.298802
3.08,0.275674
3.1,0.248774
3.12,0.222518
3.14,0.199276
3.16,0.179688
3.18,0.163513
3.2,0.150215
3.22,0.139244
3.24,0.130132
3.26,0.122513
3.28,0.11611
3.3,0.110721
3.32,0.106198
3.34,0.102426
3.36,0.0992902
3.38,0.0966289
3.4,0.094189
3.42,0.0916487
3.44,0.0887673
3.46,0.0855489
3.48,0.0822064
3.5,0.0789739
3.52,0.0759877
3.54,0.0732873
3.56,0.0708587
3.58,0.0686689
3.6,0.0666828
3.62,0.0648703
3.64,0.0632074
3.66,0.0616755
3.68,0.0602607
3.7,0.0589515
3.72,0.0577357
3.74,0.0565957
3.76,0.0555041
3.78,0.0544262
3.8,0.0533366
3.82,0.0522357
3.84,0.0511455
3.86,0.0500894
3.88,0.0490805
3.9,0.0481216
3.92,0.0472105
3.94,0.0463425
3.96,0.0455132
3.98,0.0447186
4,0.0439551
