0,7.09688
0.02,8.51641
0.04,10.3044
0.06,12.524
0.08,15.1783
0.1,18.1116
0.12,20.885
0.14,22.7715
0.16,23.0885
0.18,21.7271
0.2,19.2519
0.22,16.4325
0.24,13.8082
0.26,11.6111
0.28,9.87838
0.3,8.56496
0.32,7.607
0.34,6.94838
0.36,6.54904
0.38,6.38567
0.4,6.44899
0.42,6.73724
0.44,7.2418
0.46,7.91873
0.48,8.64649
0.5,9.20222
0.52,9.33031
0.54,8.91389
0.56,8.07409
0.58,7.06042
0.6,6.08136
0.62,5.24195
0.64,4.56952
0.66,4.05461
0.68,3.67706
0.7,3.41794
0.72,3.26378
0.74,3.20752
0.76,3.24801
0.78,3.38828
0.8,3.631
0.82,3.96842
0.84,4.364
0.86,4.73182
0.88,4.94228
0.9,4.88769
0.92,4.56775
0.94,4.08874
0.96,3.57755
0.98,3.11665
1,2.73878
1.02,2.44743
1.04,2.23479
1.06,2.09136
1.08,2.00993
1.1,1.98675
1.12,2.02157
1.14,2.11674
1.16,2.27464
1.18,2.49179
1.2,2.74787
1.22,2.99229
1.24,3.14514
1.26,3.13485
1.28,2.95378
1.3,2.66467
1.32,2.34887
1.34,2.06193
1.36,1.82732
1.38,1.6489
1.4,1.52264
1.42,1.44327
1.44,1.40694
1.46,1.41213
1.48,1.45941
1.5,1.55025
1.52,1.68392
1.54,1.85114
1.56,2.02486
1.58,2.15585
1.6,2.1894
1.62,2.10346
1.64,1.9279
1.66,1.71839
1.68,1.52006
1.7,1.3555
1.72,1.23104
1.74,1.14561
1.76,1.09634
1.78,1.08108
1.8,1.09893
1.82,1.14967
1.84,1.2315
1.86,1.33657
1.88,1.44485
1.9,1.5224
1.92,1.53469
1.94,1.47187
1.96,1.35749
1.98,1.22866
2,1.1137
2.02,1.02654
2.04,0.971395
2.06,0.948084
2.08,0.954402
2.1,0.985519
2.12,1.03108
2.14,1.07257
2.16,1.08714
2.18,1.06113
2.2,1.00119
2.22,0.92821
2.24,0.862313
2.26,0.815512
2.28,0.792843
2.3,0.795497
2.32,0.82218
2.34,0.867897
2.36,0.92082
2.38,0.96067
2.4,0.965238
2.42,0.925297
2.44,0.852191
2.46,0.767582
2.48,0.689178
2.5,0.625977
2.52,0.580714
2.54,0.553353
2.56,0.543236
2.58,0.549891
2.6,0.572839
2.62,0.610368
2.64,0.657111
2.66,0.701316
2.68,0.725631
2.7,0.715806
2.72,0.671886
2.74,0.607952
2.76,0.540748
2.78,0.481188
2.8,0.433735
2.82,0.399105
2.84,0.376615
2.86,0.365364
2.88,0.364522
2.9,0.372937
2.92,0.388061
2.94,0.404512
2.96,0.413788
2.98,0.407647
3,0.383996
3.02,0.348467
3.04,0.309437
3.06,0.272957
3.08,0.241656
3.1,0.215916
3.12,0.195148
3.14,0.178522
3.16,0.165271
3.18,0.154776
3.2,0.146541
3.22,0.140122
3.24,0.135008
3.26,0.130515
3.28,0.125862
3.3,0.120524
3.32,0.114547
3.34,0.108407
3.36,0.102582
3.38,0.0973278
3.4,0.0927042
3.42,0.0886668
3.44,0.0851388
3.46,0.0820444
3.48,0.0793199
3.5,0.0769134
3.52,0.0747784
3.54,0.0728615
3.56,0.0710886
3.58,0.0693661
3.6,0.067615
3.62,0.0658184
3.64,0.0640229
3.66,0.0622904
3.68,0.0606599
3.7,0.0591435
3.72,0.0577376
3.74,0.0564326
3.76,0.0552178
3.78,0.0540828
3.8,0.0530163
3.82,0.0520034
3.84,0.0510254
3.86,0.0500643
3.88,0.0491127
3.9,0.0481764
3.92,0.0472665
3.94,0.0463908
3.96,0.0455517
3.98,0.044748
4,0.0439771
