0,7.63083
0.02,7.4161
0.04,6.78134
0.06,5.96441
0.08,5.16736
0.1,4.49458
0.12,3.97584
0.14,3.60504
0.16,3.36546
0.18,3.24149
0.2,3.22298
0.22,3.3066
0.24,3.49627
0.26,3.80356
0.28,4.24806
0.3,4.85706
0.32,5.66238
0.34,6.68969
0.36,7.93184
0.38,9.29839
0.4,10.5575
0.42,11.349
0.44,11.3665
0.46,10.6017
0.48,9.34917
0.5,7.96472
0.52,6.67935
0.54,5.58517
0.56,4.69415
0.58,3.98579
0.6,3.43029
0.62,2.99855
0.64,2.66596
0.66,2.41338
0.68,2.22683
0.7,2.09679
0.72,2.01752
0.74,1.98668
0.76,2.00509
0.78,2.07659
0.8,2.20784
0.82,2.40718
0.84,2.68132
0.86,3.02722
0.88,3.41712
0.9,3.78252
0.92,4.02083
0.94,4.04964
0.96,3.87072
0.98,3.56068
1,3.20032
1.02,2.83385
1.04,2.48115
1.06,2.1583
1.08,1.87903
1.1,1.64927
1.12,1.46735
1.14,1.32774
1.16,1.22433
1.18,1.15205
1.2,1.10743
1.22,1.08874
1.24,1.09592
1.26,1.13058
1.28,1.19581
1.3,1.29555
1.32,1.43292
1.34,1.60598
1.36,1.80044
1.38,1.98224
1.4,2.10244
1.42,2.1248
1.44,2.05428
1.46,1.92743
1.48,1.77681
1.5,1.61497
1.52,1.44635
1.54,1.28052
1.56,1.1303
1.58,1.00427
1.6,0.904916
1.62,0.830916
1.64,0.779744
1.66,0.749191
1.68,0.737988
1.7,0.745976
1.72,0.773994
1.74,0.823408
1.76,0.894897
1.78,0.985926
1.8,1.08704
1.82,1.18004
1.84,1.24412
1.86,1.26911
1.88,1.25944
1.9,1.22178
1.92,1.15605
1.94,1.06317
1.96,0.95422
1.98,0.845881
2,0.750878
2.02,0.674829
2.04,0.618462
2.06,0.580529
2.08,0.559596
2.1,0.55481
2.12,0.566059
2.14,0.593679
2.16,0.637498
2.18,0.694813
2.2,0.757273
2.22,0.808934
2.24,0.830964
2.26,0.814382
2.28,0.768197
2.3,0.71174
2.32,0.661371
2.34,0.624521
2.36,0.600247
2.38,0.581712
2.4,0.560307
2.42,0.531563
2.44,0.498208
2.46,0.466985
2.48,0.443831
2.5,0.432107
2.52,0.433166
2.54,0.446999
2.56,0.471819
2.58,0.502506
2.6,0.529131
2.62,0.538998
2.64,0.524186
2.66,0.488062
2.68,0.442101
2.7,0.397441
2.72,0.36054
2.74,0.333792
2.76,0.317491
2.78,0.311128
2.8,0.313703
2.82,0.323185
2.84,0.335432
2.86,0.34372
2.88,0.340979
2.9,0.324539
2.92,0.298246
2.94,0.268962
2.96,0.242121
2.98,0.220357
3,0.204249
3.02,0.193214
3.04,0.185864
3.06,0.180025
3.08,0.173133
3.1,0.163461
3.12,0.15119
3.14,0.137911
3.16,0.125233
3.18,0.114029
3.2,0.104516
3.22,0.0965672
3.24,0.0899463
3.26,0.0844158
3.28,0.0797769
3.3,0.0758748
3.32,0.0725921
3.34,0.0698352
3.36,0.0675117
3.38,0.0655013
3.4,0.0636339
3.42,0.0617183
3.44,0.0596394
3.46,0.0574306
3.48,0.0552205
3.5,0.0531273
3.52,0.0512099
3.54,0.0494791
3.56,0.047922
3.58,0.0465191
3.6,0.0452513
3.62,0.0441023
3.64,0.0430569
3.66,0.0420965
3.68,0.0411943
3.7,0.0403148
3.72,0.0394267
3.74,0.0385221
3.76,0.0376181
3.78,0.0367396
3.8,0.0359025
3.82,0.0351123
3.84,0.0343673
3.86,0.0336635
3.88,0.0329962
3.9,0.0323613
3.92,0.0317553
3.94,0.0311753
3.96,0.030619
3.98,0.0300845
4,0.0295702
