0,7.63082
0.02,7.41613
0.04,6.78139
0.06,5.96446
0.08,5.16741
0.1,4.49462
0.12,3.97587
0.14,3.60506
0.16,3.36548
0.18,3.24151
0.2,3.22299
0.22,3.30661
0.24,3.49627
0.26,3.80356
0.28,4.24806
0.3,4.85706
0.32,5.66237
0.34,6.68968
0.36,7.93183
0.38,9.29838
0.4,10.5575
0.42,11.349
0.44,11.3665
0.46,10.6017
0.48,9.34917
0.5,7.96471
0.52,6.67936
0.54,5.58519
0.56,4.69418
0.58,3.98581
0.6,3.43031
0.62,2.99856
0.64,2.66595
0.66,2.41336
0.68,2.2268
0.7,2.09674
0.72,2.01745
0.74,1.98659
0.76,2.00496
0.78,2.07643
0.8,2.20765
0.82,2.407
0.84,2.68126
0.86,3.02751
0.88,3.41813
0.9,3.78449
0.92,4.02312
0.94,4.05031
0.96,3.86785
0.98,3.55464
1,3.19421
1.02,2.8312
1.04,2.48309
1.06,2.16333
1.08,1.88492
1.1,1.65451
1.12,1.47128
1.14,1.33018
1.16,1.22528
1.18,1.15152
1.2,1.10535
1.22,1.08494
1.24,1.09013
1.26,1.12246
1.28,1.18503
1.3,1.28223
1.32,1.41838
1.34,1.59447
1.36,1.8011
1.38,2.00856
1.4,2.16282
1.42,2.20549
1.44,2.11596
1.46,1.93003
1.48,1.7093
1.5,1.50219
1.52,1.33188
1.54,1.20294
1.56,1.10961
1.58,1.04052
1.6,0.98237
1.62,0.925566
1.64,0.868998
1.66,0.818266
1.68,0.779963
1.7,0.758475
1.72,0.756229
1.74,0.775012
1.76,0.816834
1.78,0.883906
1.8,0.977307
1.82,1.09358
1.84,1.21895
1.86,1.32449
1.88,1.37229
1.9,1.33875
1.92,1.23457
1.94,1.09507
1.96,0.954102
1.98,0.830799
2,0.731419
2.02,0.655532
2.04,0.600446
2.06,0.563349
2.08,0.542092
2.1,0.535339
2.12,0.542494
2.14,0.563647
2.16,0.59956
2.18,0.651148
2.2,0.71749
2.22,0.792068
2.24,0.859052
2.26,0.895242
2.28,0.882924
2.3,0.824454
2.32,0.740071
2.34,0.652063
2.36,0.574276
2.38,0.511997
2.4,0.465723
2.42,0.434232
2.44,0.416177
2.46,0.410699
2.48,0.417517
2.5,0.436635
2.52,0.467503
2.54,0.507322
2.56,0.548673
2.58,0.57862
2.6,0.583439
2.62,0.558399
2.64,0.511893
2.66,0.458176
2.68,0.408416
2.7,0.368093
2.72,0.338724
2.74,0.320028
2.76,0.311084
2.78,0.310543
2.8,0.316131
2.82,0.324041
2.84,0.329444
2.86,0.329008
2.88,0.323219
2.9,0.314957
2.92,0.305683
2.94,0.293733
2.96,0.276434
2.98,0.253563
3,0.22798
3.02,0.203238
3.04,0.181588
3.06,0.163794
3.08,0.149746
3.1,0.139006
3.12,0.131037
3.14,0.125219
3.16,0.12073
3.18,0.116503
3.2,0.111522
3.22,0.105388
3.24,0.0985107
3.26,0.0916292
3.28,0.0852928
3.3,0.0797243
3.32,0.0749268
3.34,0.0708096
3.36,0.0672608
3.38,0.0641784
3.4,0.0614785
3.42,0.0590959
3.44,0.056981
3.46,0.0550974
3.48,0.0534185
3.5,0.0519251
3.52,0.0506009
3.54,0.0494254
3.56,0.0483621
3.58,0.0473476
3.6,0.0462997
3.62,0.0451597
3.64,0.0439344
3.66,0.0426836
3.68,0.0414702
3.7,0.0403298
3.72,0.0392723
3.74,0.0382938
3.76,0.0373853
3.78,0.0365374
3.8,0.0357419
3.82,0.0349919
3.84,0.034282
3.86,0.033608
3.88,0.0329663
3.9,0.032354
3.92,0.0317679
3.94,0.0312043
3.96,0.0306585
3.98,0.0301268
4,0.0296076
