0,22.8796
0.02,23.2379
0.04,22.748
0.06,21.9992
0.08,21.552
0.1,21.7601
0.12,22.7782
0.14,24.5907
0.16,26.9683
0.18,29.3711
0.2,30.9658
0.22,30.9816
0.24,29.2598
0.26,26.3726
0.28,23.1494
0.3,20.1998
0.32,17.7977
0.34,15.9799
0.36,14.6661
0.38,13.75
0.4,13.1612
0.42,12.8772
0.44,12.8733
0.46,13.053
0.48,13.2112
0.5,13.0884
0.52,12.5291
0.54,11.6022
0.56,10.533
0.58,9.54167
0.6,8.75888
0.62,8.23545
0.64,7.97636
0.66,7.95929
0.68,8.12949
0.7,8.37926
0.72,8.54191
0.74,8.44761
0.76,8.03251
0.78,7.38536
0.8,6.66836
0.82,6.01452
0.84,5.49338
0.86,5.12797
0.88,4.91972
0.9,4.86323
0.92,4.94951
0.94,5.15882
0.96,5.44417
0.98,5.71425
1,5.84356
1.02,5.7352
1.04,5.39383
1.06,4.91924
1.08,4.42892
1.1,4.00115
1.12,3.67003
1.14,3.44353
1.16,3.31978
1.18,3.29588
1.2,3.37058
1.22,3.54216
1.24,3.80067
1.26,4.11365
1.28,4.41027
1.3,4.58561
1.32,4.55008
1.34,4.29645
1.36,3.90499
1.38,3.4796
1.4,3.09299
1.42,2.77767
1.44,2.54069
1.46,2.37848
1.48,2.28555
1.5,2.25822
1.52,2.29558
1.54,2.39859
1.56,2.56679
1.58,2.79104
1.6,3.04183
1.62,3.25917
1.64,3.36322
1.66,3.299
1.68,3.08009
1.7,2.77628
1.72,2.46178
1.74,2.1827
1.76,1.95701
1.78,1.7866
1.8,1.66731
1.82,1.59431
1.84,1.56434
1.86,1.57643
1.88,1.6318
1.9,1.73301
1.92,1.88147
1.94,2.07228
1.96,2.28514
1.98,2.47566
2,2.58092
2.02,2.55253
2.04,2.39443
2.06,2.15922
2.08,1.90786
2.1,1.68029
2.12,1.49299
2.14,1.34835
2.16,1.24302
2.18,1.17267
2.2,1.13393
2.22,1.1251
2.24,1.14619
2.26,1.19862
2.28,1.28413
2.3,1.40229
2.32,1.54557
2.34,1.6923
2.36,1.80352
2.38,1.8356
2.4,1.76911
2.42,1.62512
2.44,1.44723
2.46,1.27293
2.48,1.12222
2.5,1.00124
2.52,0.909156
2.54,0.842929
2.56,0.799571
2.58,0.777039
2.6,0.774465
2.62,0.792039
2.64,0.830547
2.66,0.890208
2.68,0.968219
2.7,1.05473
2.72,1.12937
2.74,1.16472
2.76,1.14159
2.78,1.06432
2.8,0.956762
2.82,0.844571
2.84,0.743743
2.86,0.660501
2.88,0.595428
2.9,0.546929
2.92,0.513053
2.94,0.492186
2.96,0.483085
2.98,0.484422
3,0.493792
3.02,0.506322
3.04,0.514024
3.06,0.508182
3.08,0.484811
3.1,0.447683
3.12,0.40484
3.14,0.363169
3.16,0.326235
3.18,0.294984
3.2,0.269036
3.22,0.247562
3.24,0.229702
3.26,0.214714
3.28,0.202002
3.3,0.191103
3.32,0.181662
3.34,0.173406
3.36,0.166129
3.38,0.159672
3.4,0.153913
3.42,0.148761
3.44,0.144149
3.46,0.14003
3.48,0.136369
3.5,0.133141
3.52,0.130307
3.54,0.127794
3.56,0.125451
3.58,0.123049
3.6,0.120364
3.62,0.117326
3.64,0.114061
3.66,0.110781
3.68,0.107646
3.7,0.104728
3.72,0.102039
3.74,0.0995587
3.76,0.0972608
3.78,0.0951186
3.8,0.0931096
3.82,0.091215
3.84,0.0894201
3.86,0.0877127
3.88,0.0860833
3.9,0.0845238
3.92,0.0830278
3.94,0.0815898
3.96,0.0802052
3.98,0.0788699
4,0.0775806
