0,23.0459
0.02,23.4054
0.04,22.8342
0.06,21.923
0.08,21.2557
0.1,21.211
0.12,21.9735
0.14,23.588
0.16,25.9473
0.18,28.6945
0.2,31.1221
0.22,32.2945
0.24,31.5576
0.26,29.0438
0.28,25.5374
0.3,21.8811
0.32,18.5974
0.34,15.884
0.36,13.7512
0.38,12.1358
0.4,10.9625
0.42,10.1686
0.44,9.71155
0.46,9.56916
0.48,9.73648
0.5,10.2172
0.52,11.005
0.54,12.046
0.56,13.181
0.58,14.1051
0.6,14.4401
0.62,13.9613
0.64,12.779
0.66,11.2382
0.68,9.67271
0.7,8.27496
0.72,7.10982
0.74,6.17251
0.76,5.43222
0.78,4.8541
0.8,4.40781
0.82,4.06971
0.84,3.82278
0.86,3.65575
0.88,3.56249
0.9,3.5415
0.92,3.59579
0.94,3.733
0.96,3.9654
0.98,4.3092
1,4.78142
1.02,5.39106
1.04,6.11969
1.06,6.8897
1.08,7.53857
1.1,7.85191
1.12,7.68829
1.14,7.09421
1.16,6.26321
1.18,5.3944
1.2,4.60808
1.22,3.94811
1.24,3.41491
1.26,2.99181
1.28,2.65883
1.3,2.39805
1.32,2.19515
1.34,2.03934
1.36,1.92283
1.38,1.84034
1.4,1.78868
1.42,1.76647
1.44,1.7741
1.46,1.8137
1.48,1.88939
1.5,2.00746
1.52,2.1766
1.54,2.40757
1.56,2.71154
1.58,3.09503
1.6,3.54859
1.62,4.028
1.64,4.43804
1.66,4.65002
1.68,4.57502
1.7,4.23577
1.72,3.74677
1.74,3.2295
1.76,2.75892
1.78,2.36324
1.8,2.04358
1.82,1.79021
1.84,1.59112
1.86,1.4355
1.88,1.31465
1.9,1.22202
1.92,1.15284
1.94,1.1039
1.96,1.07322
1.98,1.0599
2,1.06412
2.02,1.08706
2.04,1.1311
2.06,1.19987
2.08,1.29843
2.1,1.43308
2.12,1.61045
2.14,1.83461
2.16,2.10067
2.18,2.3838
2.2,2.62926
2.22,2.76138
2.24,2.72539
2.26,2.5314
2.28,2.24542
2.3,1.93992
2.32,1.66057
2.34,1.42509
2.36,1.23465
2.38,1.08369
2.4,0.965173
2.42,0.872713
2.44,0.801183
2.46,0.746736
2.48,0.706642
2.5,0.679107
2.52,0.663139
2.54,0.65847
2.56,0.665536
2.58,0.6855
2.6,0.720292
2.62,0.772586
2.64,0.84552
2.66,0.941753
2.68,1.06108
2.7,1.19586
2.72,1.32514
2.74,1.41394
2.76,1.42758
2.78,1.35663
2.8,1.22503
2.82,1.0703
2.84,0.921267
2.86,0.791725
2.88,0.684828
2.9,0.598696
2.92,0.529893
2.94,0.475
2.96,0.431144
2.98,0.396095
3,0.368197
3.02,0.346276
3.04,0.329543
3.06,0.317527
3.08,0.309998
3.1,0.306853
3.12,0.307897
3.14,0.312407
3.16,0.318482
3.18,0.322596
3.2,0.320448
3.22,0.309521
3.24,0.291076
3.26,0.268967
3.28,0.246879
3.3,0.226903
3.32,0.20971
3.34,0.195206
3.36,0.183009
3.38,0.172692
3.4,0.163881
3.42,0.156266
3.44,0.14961
3.46,0.143727
3.48,0.138473
3.5,0.133738
3.52,0.129436
3.54,0.125498
3.56,0.121871
3.58,0.118512
3.6,0.115385
3.62,0.11246
3.64,0.109715
3.66,0.107129
3.68,0.104686
3.7,0.10237
3.72,0.100171
3.74,0.0980764
3.76,0.0960783
3.78,0.0941684
3.8,0.0923398
3.82,0.0905861
3.84,0.0889019
3.86,0.0872824
3.88,0.0857232
3.9,0.0842203
3.92,0.0827703
3.94,0.0813699
3.96,0.0800163
3.98,0.0787068
4,0.0774391
