0,2.44565
0.02,2.47887
0.04,2.50114
0.06,2.51377
0.08,2.51861
0.1,2.51793
0.12,2.51421
0.14,2.50989
0.16,2.50734
0.18,2.50862
0.2,2.51552
0.22,2.52944
0.24,2.55143
0.26,2.58217
0.28,2.62196
0.3,2.67069
0.32,2.72787
0.34,2.79254
0.36,2.86329
0.38,2.93818
0.4,3.01478
0.42,3.09018
0.44,3.16107
0.46,3.22392
0.48,3.27518
0.5,3.31157
0.52,3.3304
0.54,3.32981
0.56,3.309
0.58,3.2683
0.6,3.20912
0.62,3.13377
0.64,3.04521
0.66,2.94672
0.68,2.84166
0.7,2.73323
0.72,2.62427
0.74,2.51723
0.76,2.41407
0.78,2.31634
0.8,2.22515
0.82,2.14127
0.84,2.06517
0.86,1.99709
0.88,1.93704
0.9,1.88489
0.92,1.84035
0.94,1.803
0.96,1.7723
0.98,1.74758
1,1.72803
1.02,1.71272
1.04,1.70059
1.06,1.69047
1.08,1.68113
1.1,1.67131
1.12,1.65983
1.14,1.64565
1.16,1.62793
1.18,1.60614
1.2,1.58003
1.22,1.54969
1.24,1.51547
1.26,1.47797
1.28,1.43793
1.3,1.39619
1.32,1.35362
1.34,1.31103
1.36,1.26922
1.38,1.22885
1.4,1.1905
1.42,1.15462
1.44,1.12156
1.46,1.09154
1.48,1.06471
1.5,1.04108
1.52,1.02062
1.54,1.00317
1.56,0.98851
1.58,0.976346
1.6,0.966296
1.62,0.95791
1.64,0.95068
1.66,0.944061
1.68,0.937491
1.7,0.930432
1.72,0.922403
1.74,0.913014
1.76,0.901998
1.78,0.88922
1.8,0.874686
1.82,0.858523
1.84,0.840963
1.86,0.822313
1.88,0.802926
1.9,0.783177
1.92,0.763437
1.94,0.744057
1.96,0.725351
1.98,0.707585
2,0.690969
2.02,0.675651
2.04,0.661715
2.06,0.649179
2.08,0.637996
2.1,0.628058
2.12,0.619199
2.14,0.611207
2.16,0.603835
2.18,0.596813
2.2,0.589873
2.22,0.582765
2.24,0.57528
2.26,0.567261
2.28,0.558616
2.3,0.54932
2.32,0.539406
2.34,0.528957
2.36,0.518094
2.38,0.50696
2.4,0.495706
2.42,0.484485
2.44,0.473433
2.46,0.462671
2.48,0.452287
2.5,0.442339
2.52,0.432846
2.54,0.423793
2.56,0.415133
2.58,0.406791
2.6,0.398678
2.62,0.390701
2.64,0.38277
2.66,0.374813
2.68,0.366779
2.7,0.358641
2.72,0.350393
2.74,0.342047
2.76,0.333623
2.78,0.325147
2.8,0.316647
2.82,0.308147
2.84,0.299668
2.86,0.291232
2.88,0.282855
2.9,0.274556
2.92,0.266348
2.94,0.258246
2.96,0.250262
2.98,0.242405
3,0.234685
3.02,0.227115
3.04,0.219706
3.06,0.212472
3.08,0.205429
3.1,0.198591
3.12,0.191972
3.14,0.185585
3.16,0.179437
3.18,0.173534
3.2,0.167878
3.22,0.16247
3.24,0.157304
3.26,0.152378
3.28,0.147684
3.3,0.143215
3.32,0.138962
3.34,0.134917
3.36,0.131069
3.38,0.127409
3.4,0.123926
3.42,0.12061
3.44,0.117451
3.46,0.114438
3.48,0.111562
3.5,0.108814
3.52,0.106186
3.54,0.103671
3.56,0.101262
3.58,0.0989515
3.6,0.096735
3.62,0.0946069
3.64,0.0925621
3.66,0.0905963
3.68,0.0887049
3.7,0.086884
3.72,0.0851298
3.74,0.0834387
3.76,0.0818076
3.78,0.0802334
3.8,0.0787132
3.82,0.0772444
3.84,0.0758245
3.86,0.0744513
3.88,0.0731224
3.9,0.0718359
3.92,0.0705898
3.94,0.0693821
3.96,0.0682111
3.98,0.0670752
4,0.0659727
