0,2.44565
0.02,2.47887
0.04,2.50114
0.06,2.51377
0.08,2.51861
0.1,2.51793
0.12,2.51421
0.14,2.5099
0.16,2.50734
0.18,2.50862
0.2,2.51552
0.22,2.52944
0.24,2.55143
0.26,2.58217
0.28,2.62196
0.3,2.67069
0.32,2.72787
0.34,2.79255
0.36,2.86329
0.38,2.93818
0.4,3.01478
0.42,3.09018
0.44,3.16107
0.46,3.22392
0.48,3.27518
0.5,3.31157
0.52,3.3304
0.54,3.32981
0.56,3.309
0.58,3.2683
0.6,3.20912
0.62,3.13377
0.64,3.04521
0.66,2.94672
0.68,2.84166
0.7,2.73323
0.72,2.62427
0.74,2.51723
0.76,2.41407
0.78,2.31634
0.8,2.22515
0.82,2.14127
0.84,2.06517
0.86,1.99709
0.88,1.93704
0.9,1.88489
0.92,1.84035
0.94,1.803
0.96,1.7723
0.98,1.74758
1,1.72803
1.02,1.71272
1.04,1.70059
1.06,1.69047
1.08,1.68113
1.1,1.67131
1.12,1.65983
1.14,1.64565
1.16,1.62794
1.18,1.60615
1.2,1.58004
1.22,1.5497
1.24,1.51548
1.26,1.47798
1.28,1.43793
1.3,1.39618
1.32,1.35359
1.34,1.31101
1.36,1.26919
1.38,1.22883
1.4,1.1905
1.42,1.15464
1.44,1.1216
1.46,1.09161
1.48,1.06478
1.5,1.04116
1.52,1.02067
1.54,1.00318
1.56,0.988474
1.58,0.976253
1.6,0.96615
1.62,0.957732
1.64,0.950505
1.66,0.943932
1.68,0.937453
1.7,0.930517
1.72,0.922619
1.74,0.913335
1.76,0.902363
1.78,0.889546
1.8,0.874885
1.82,0.858528
1.84,0.840747
1.86,0.8219
1.88,0.802391
1.9,0.782627
1.92,0.762992
1.94,0.743818
1.96,0.725378
1.98,0.707887
2,0.691496
2.02,0.676308
2.04,0.662378
2.06,0.649721
2.08,0.638311
2.1,0.628079
2.12,0.618915
2.14,0.610665
2.16,0.60313
2.18,0.596077
2.2,0.589246
2.22,0.582369
2.24,0.575193
2.26,0.567502
2.28,0.559139
2.3,0.550025
2.32,0.540162
2.34,0.529628
2.36,0.518569
2.38,0.507171
2.4,0.495639
2.42,0.484175
2.44,0.472956
2.46,0.462121
2.48,0.45176
2.5,0.441916
2.52,0.432583
2.54,0.423714
2.56,0.41523
2.58,0.407032
2.6,0.399013
2.62,0.391071
2.64,0.38312
2.66,0.375096
2.68,0.366963
2.7,0.358708
2.72,0.350342
2.74,0.341889
2.76,0.333383
2.78,0.32486
2.8,0.316351
2.82,0.307882
2.84,0.29947
2.86,0.291124
2.88,0.282845
2.9,0.274633
2.92,0.266489
2.94,0.258417
2.96,0.250427
2.98,0.242536
3,0.234765
3.02,0.227137
3.04,0.219678
3.06,0.212407
3.08,0.205345
3.1,0.198504
3.12,0.191896
3.14,0.185525
3.16,0.179397
3.18,0.173514
3.2,0.167874
3.22,0.162477
3.24,0.157321
3.26,0.152399
3.28,0.147708
3.3,0.143239
3.32,0.138985
3.34,0.134937
3.36,0.131085
3.38,0.12742
3.4,0.123931
3.42,0.12061
3.44,0.117446
3.46,0.11443
3.48,0.111553
3.5,0.108805
3.52,0.106179
3.54,0.103667
3.56,0.10126
3.58,0.0989535
3.6,0.0967395
3.62,0.0946132
3.64,0.0925693
3.66,0.0906035
3.68,0.0887115
3.7,0.0868896
3.72,0.0851342
3.74,0.083442
3.76,0.08181
3.78,0.0802351
3.8,0.0787146
3.82,0.0772456
3.84,0.0758258
3.86,0.0744526
3.88,0.0731239
3.9,0.0718375
3.92,0.0705914
3.94,0.0693837
3.96,0.0682127
3.98,0.0670766
4,0.065974
