0,1.45474
0.02,1.52535
0.04,1.59825
0.06,1.67308
0.08,1.74931
0.1,1.82634
0.12,1.90337
0.14,1.97951
0.16,2.05371
0.18,2.1248
0.2,2.19154
0.22,2.25263
0.24,2.30679
0.26,2.3528
0.28,2.38962
0.3,2.41637
0.32,2.4325
0.34,2.43771
0.36,2.43209
0.38,2.41604
0.4,2.39025
0.42,2.35568
0.44,2.3135
0.46,2.26499
0.48,2.21148
0.5,2.15432
0.52,2.09478
0.54,2.03405
0.56,1.97318
0.58,1.91311
0.6,1.85461
0.62,1.79834
0.64,1.74479
0.66,1.69437
0.68,1.64737
0.7,1.60397
0.72,1.5643
0.74,1.52839
0.76,1.49623
0.78,1.46774
0.8,1.4428
0.82,1.42122
0.84,1.4028
0.86,1.38725
0.88,1.37426
0.9,1.36348
0.92,1.35449
0.94,1.34685
0.96,1.34008
0.98,1.33367
1,1.32711
1.02,1.31991
1.04,1.31158
1.06,1.3017
1.08,1.28993
1.1,1.276
1.12,1.25977
1.14,1.24119
1.16,1.22033
1.18,1.19737
1.2,1.17255
1.22,1.1462
1.24,1.11867
1.26,1.09036
1.28,1.06165
1.3,1.03291
1.32,1.00449
1.34,0.976686
1.36,0.949766
1.38,0.92395
1.4,0.899415
1.42,0.876297
1.44,0.854694
1.46,0.834669
1.48,0.816253
1.5,0.799449
1.52,0.784235
1.54,0.770564
1.56,0.758366
1.58,0.74755
1.6,0.738001
1.62,0.729586
1.64,0.72215
1.66,0.715518
1.68,0.709501
1.7,0.703894
1.72,0.698485
1.74,0.693062
1.76,0.687417
1.78,0.68136
1.8,0.674725
1.82,0.667378
1.84,0.659227
1.86,0.650226
1.88,0.640373
1.9,0.629713
1.92,0.618329
1.94,0.606336
1.96,0.593876
1.98,0.581103
2,0.568175
2.02,0.555249
2.04,0.542471
2.06,0.529973
2.08,0.517868
2.1,0.50625
2.12,0.49519
2.14,0.484739
2.16,0.474926
2.18,0.465762
2.2,0.457237
2.22,0.449326
2.24,0.441984
2.26,0.435156
2.28,0.428769
2.3,0.422745
2.32,0.416992
2.34,0.411419
2.36,0.405932
2.38,0.40044
2.4,0.394862
2.42,0.389128
2.44,0.383184
2.46,0.376994
2.48,0.370544
2.5,0.363836
2.52,0.356891
2.54,0.349746
2.56,0.342448
2.58,0.335048
2.6,0.327602
2.62,0.320165
2.64,0.312785
2.66,0.305502
2.68,0.29835
2.7,0.29135
2.72,0.284513
2.74,0.277843
2.76,0.271333
2.78,0.264971
2.8,0.258739
2.82,0.252617
2.84,0.246584
2.86,0.240623
2.88,0.234716
2.9,0.228854
2.92,0.223029
2.94,0.217242
2.96,0.211496
2.98,0.205802
3,0.200169
3.02,0.194614
3.04,0.18915
3.06,0.183792
3.08,0.178554
3.1,0.173448
3.12,0.168485
3.14,0.163672
3.16,0.159015
3.18,0.154517
3.2,0.150182
3.22,0.146008
3.24,0.141995
3.26,0.138139
3.28,0.134437
3.3,0.130886
3.32,0.127479
3.34,0.124212
3.36,0.121078
3.38,0.118073
3.4,0.11519
3.42,0.112423
3.44,0.109766
3.46,0.107214
3.48,0.104762
3.5,0.102404
3.52,0.100135
3.54,0.0979506
3.56,0.0958464
3.58,0.0938181
3.6,0.091862
3.62,0.0899744
3.64,0.088152
3.66,0.0863917
3.68,0.0846905
3.7,0.0830458
3.72,0.0814549
3.74,0.0799154
3.76,0.0784251
3.78,0.0769818
3.8,0.0755836
3.82,0.0742284
3.84,0.0729145
3.86,0.0716401
3.88,0.0704037
3.9,0.0692035
3.92,0.0680382
3.94,0.0669063
3.96,0.0658064
3.98,0.0647373
4,0.0636977
