0,1.45474
0.02,1.52535
0.04,1.59825
0.06,1.67308
0.08,1.74931
0.1,1.82634
0.12,1.90337
0.14,1.97951
0.16,2.05371
0.18,2.1248
0.2,2.19154
0.22,2.25263
0.24,2.30679
0.26,2.3528
0.28,2.38962
0.3,2.41637
0.32,2.4325
0.34,2.43771
0.36,2.43209
0.38,2.41604
0.4,2.39025
0.42,2.35568
0.44,2.3135
0.46,2.26499
0.48,2.21148
0.5,2.15432
0.52,2.09478
0.54,2.03405
0.56,1.97318
0.58,1.91311
0.6,1.85461
0.62,1.79834
0.64,1.74479
0.66,1.69437
0.68,1.64736
0.7,1.60397
0.72,1.5643
0.74,1.52839
0.76,1.49623
0.78,1.46774
0.8,1.4428
0.82,1.42122
0.84,1.4028
0.86,1.38725
0.88,1.37426
0.9,1.36348
0.92,1.35449
0.94,1.34685
0.96,1.34007
0.98,1.33367
1,1.32711
1.02,1.3199
1.04,1.31157
1.06,1.30169
1.08,1.28992
1.1,1.27599
1.12,1.25976
1.14,1.24118
1.16,1.22033
1.18,1.19736
1.2,1.17254
1.22,1.14619
1.24,1.11867
1.26,1.09036
1.28,1.06165
1.3,1.03291
1.32,1.00449
1.34,0.976682
1.36,0.949762
1.38,0.923947
1.4,0.899413
1.42,0.876296
1.44,0.854693
1.46,0.834669
1.48,0.816253
1.5,0.79945
1.52,0.784237
1.54,0.770567
1.56,0.75837
1.58,0.747554
1.6,0.738006
1.62,0.729592
1.64,0.722156
1.66,0.715526
1.68,0.709509
1.7,0.703903
1.72,0.698496
1.74,0.693074
1.76,0.68743
1.78,0.681374
1.8,0.674739
1.82,0.667392
1.84,0.659243
1.86,0.650242
1.88,0.640389
1.9,0.629729
1.92,0.618344
1.94,0.606352
1.96,0.593892
1.98,0.581117
2,0.568189
2.02,0.555262
2.04,0.542483
2.06,0.529984
2.08,0.517878
2.1,0.506258
2.12,0.495197
2.14,0.484744
2.16,0.47493
2.18,0.465764
2.2,0.457238
2.22,0.449325
2.24,0.441982
2.26,0.435152
2.28,0.428765
2.3,0.422738
2.32,0.416985
2.34,0.411411
2.36,0.405922
2.38,0.400429
2.4,0.39485
2.42,0.389115
2.44,0.38317
2.46,0.37698
2.48,0.370529
2.5,0.363821
2.52,0.356876
2.54,0.349732
2.56,0.342433
2.58,0.335034
2.6,0.327589
2.62,0.320152
2.64,0.312773
2.66,0.305491
2.68,0.29834
2.7,0.291341
2.72,0.284506
2.74,0.277836
2.76,0.271328
2.78,0.264966
2.8,0.258735
2.82,0.252614
2.84,0.246583
2.86,0.240622
2.88,0.234716
2.9,0.228854
2.92,0.22303
2.94,0.217243
2.96,0.211498
2.98,0.205803
3,0.200172
3.02,0.194616
3.04,0.189152
3.06,0.183795
3.08,0.178557
3.1,0.173451
3.12,0.168487
3.14,0.163674
3.16,0.159017
3.18,0.15452
3.2,0.150184
3.22,0.14601
3.24,0.141997
3.26,0.138141
3.28,0.13444
3.3,0.130888
3.32,0.127481
3.34,0.124214
3.36,0.12108
3.38,0.118075
3.4,0.115192
3.42,0.112425
3.44,0.109768
3.46,0.107216
3.48,0.104764
3.5,0.102406
3.52,0.100137
3.54,0.097952
3.56,0.0958477
3.58,0.0938193
3.6,0.0918631
3.62,0.0899754
3.64,0.0881529
3.66,0.0863925
3.68,0.0846912
3.7,0.0830464
3.72,0.0814554
3.74,0.0799159
3.76,0.0784255
3.78,0.0769822
3.8,0.0755839
3.82,0.0742287
3.84,0.0729148
3.86,0.0716404
3.88,0.0704038
3.9,0.0692037
3.92,0.0680383
3.94,0.0669064
3.96,0.0658065
3.98,0.0647373
4,0.0636977
