0,2.75935
0.02,2.94976
0.04,3.14956
0.06,3.35681
0.08,3.56869
0.1,3.78136
0.12,3.98992
0.14,4.18848
0.16,4.37036
0.18,4.52855
0.2,4.65629
0.22,4.74776
0.24,4.79881
0.26,4.80751
0.28,4.77446
0.3,4.70269
0.32,4.59727
0.34,4.46469
0.36,4.31213
0.38,4.14675
0.4,3.97524
0.42,3.80337
0.44,3.63591
0.46,3.47657
0.48,3.32807
0.5,3.19229
0.52,3.07041
0.54,2.96303
0.56,2.8703
0.58,2.79199
0.6,2.72758
0.62,2.67625
0.64,2.63692
0.66,2.60819
0.68,2.58838
0.7,2.57545
0.72,2.56708
0.74,2.56069
0.76,2.5535
0.78,2.54279
0.8,2.52604
0.82,2.50118
0.84,2.46681
0.86,2.42236
0.88,2.36809
0.9,2.30507
0.92,2.23496
0.94,2.15979
0.96,2.08176
0.98,2.003
1,1.92541
1.02,1.85062
1.04,1.77992
1.06,1.71429
1.08,1.65439
1.1,1.60065
1.12,1.55328
1.14,1.51234
1.16,1.47771
1.18,1.44917
1.2,1.42636
1.22,1.4088
1.24,1.39588
1.26,1.38683
1.28,1.38073
1.3,1.37654
1.32,1.37307
1.34,1.36907
1.36,1.3633
1.38,1.35462
1.4,1.34213
1.42,1.32521
1.44,1.30367
1.46,1.27768
1.48,1.24778
1.5,1.21479
1.52,1.1797
1.54,1.14355
1.56,1.10736
1.58,1.07204
1.6,1.03835
1.62,1.0069
1.64,0.978132
1.66,0.952353
1.68,0.929731
1.7,0.910319
1.72,0.894063
1.74,0.880813
1.76,0.870322
1.78,0.862247
1.8,0.856149
1.82,0.851497
1.84,0.847679
1.86,0.844027
1.88,0.839858
1.9,0.834521
1.92,0.827464
1.94,0.818287
1.96,0.806787
1.98,0.792982
2,0.777095
2.02,0.759522
2.04,0.740776
2.06,0.721419
2.08,0.702014
2.1,0.683072
2.12,0.665025
2.14,0.648209
2.16,0.63286
2.18,0.619112
2.2,0.607007
2.22,0.596493
2.24,0.587439
2.26,0.579634
2.28,0.572802
2.3,0.56661
2.32,0.560696
2.34,0.554687
2.36,0.548239
2.38,0.541068
2.4,0.532982
2.42,0.5239
2.44,0.513856
2.46,0.50299
2.48,0.49152
2.5,0.479705
2.52,0.467819
2.54,0.456109
2.56,0.444781
2.58,0.43398
2.6,0.423785
2.62,0.414209
2.64,0.405206
2.66,0.396682
2.68,0.388504
2.7,0.380525
2.72,0.372593
2.74,0.364578
2.76,0.35638
2.78,0.347944
2.8,0.339259
2.82,0.330354
2.84,0.321289
2.86,0.312137
2.88,0.302973
2.9,0.293861
2.92,0.284847
2.94,0.275956
2.96,0.267199
2.98,0.258573
3,0.250074
3.02,0.241702
3.04,0.233463
3.06,0.225375
3.08,0.217462
3.1,0.209755
3.12,0.202284
3.14,0.195077
3.16,0.188156
3.18,0.181537
3.2,0.175227
3.22,0.169226
3.24,0.16353
3.26,0.15813
3.28,0.153014
3.3,0.148168
3.32,0.143579
3.34,0.139232
3.36,0.135113
3.38,0.13121
3.4,0.127508
3.42,0.123995
3.44,0.12066
3.46,0.117489
3.48,0.114471
3.5,0.111596
3.52,0.108853
3.54,0.106232
3.56,0.103726
3.58,0.101326
3.6,0.0990255
3.62,0.0968185
3.64,0.0946997
3.66,0.0926639
3.68,0.0907067
3.7,0.0888237
3.72,0.0870111
3.74,0.0852651
3.76,0.0835822
3.78,0.0819592
3.8,0.0803931
3.82,0.0788811
3.84,0.0774205
3.86,0.0760089
3.88,0.074644
3.9,0.0733235
3.92,0.0720454
3.94,0.0708076
3.96,0.0696082
3.98,0.0684456
4,0.0673179
