0,2.75935
0.02,2.94976
0.04,3.14956
0.06,3.35681
0.08,3.56869
0.1,3.78136
0.12,3.98992
0.14,4.18848
0.16,4.37036
0.18,4.52855
0.2,4.65629
0.22,4.74776
0.24,4.79881
0.26,4.80751
0.28,4.77446
0.3,4.70269
0.32,4.59728
0.34,4.4647
0.36,4.31213
0.38,4.14676
0.4,3.97524
0.42,3.80337
0.44,3.63591
0.46,3.47657
0.48,3.32807
0.5,3.1923
0.52,3.07042
0.54,2.96303
0.56,2.8703
0.58,2.79199
0.6,2.72758
0.62,2.67626
0.64,2.63692
0.66,2.60819
0.68,2.58838
0.7,2.57545
0.72,2.56709
0.74,2.56069
0.76,2.55351
0.78,2.5428
0.8,2.52605
0.82,2.50118
0.84,2.46682
0.86,2.42236
0.88,2.3681
0.9,2.30508
0.92,2.23497
0.94,2.15981
0.96,2.08178
0.98,2.00301
1,1.92542
1.02,1.85063
1.04,1.77993
1.06,1.7143
1.08,1.6544
1.1,1.60066
1.12,1.55329
1.14,1.51235
1.16,1.47772
1.18,1.44918
1.2,1.42637
1.22,1.40881
1.24,1.39588
1.26,1.38683
1.28,1.38073
1.3,1.37654
1.32,1.37307
1.34,1.36906
1.36,1.36328
1.38,1.35461
1.4,1.34211
1.42,1.32521
1.44,1.30367
1.46,1.27768
1.48,1.24778
1.5,1.21479
1.52,1.17969
1.54,1.14354
1.56,1.10734
1.58,1.072
1.6,1.03831
1.62,1.00685
1.64,0.978084
1.66,0.95231
1.68,0.929697
1.7,0.910296
1.72,0.894055
1.74,0.880821
1.76,0.870345
1.78,0.862284
1.8,0.856194
1.82,0.851545
1.84,0.847721
1.86,0.844055
1.88,0.839861
1.9,0.834494
1.92,0.827403
1.94,0.818194
1.96,0.80667
1.98,0.792855
2,0.776976
2.02,0.759429
2.04,0.740725
2.06,0.721422
2.08,0.702074
2.1,0.683185
2.12,0.665179
2.14,0.648387
2.16,0.633041
2.18,0.619273
2.2,0.607124
2.22,0.596548
2.24,0.587418
2.26,0.579533
2.28,0.572626
2.3,0.566377
2.32,0.560435
2.34,0.554438
2.36,0.548046
2.38,0.540972
2.4,0.533013
2.42,0.52407
2.44,0.514156
2.46,0.503388
2.48,0.491967
2.5,0.480146
2.52,0.468194
2.54,0.45637
2.56,0.444895
2.58,0.433933
2.6,0.423584
2.62,0.413885
2.64,0.404804
2.66,0.396258
2.68,0.388118
2.7,0.38023
2.72,0.372432
2.74,0.364572
2.76,0.356528
2.78,0.348221
2.8,0.339621
2.82,0.330743
2.84,0.321645
2.86,0.312405
2.88,0.303113
2.9,0.293852
2.92,0.284693
2.94,0.275684
2.96,0.26685
2.98,0.2582
3,0.249729
3.02,0.241428
3.04,0.233288
3.06,0.225309
3.08,0.217498
3.1,0.209873
3.12,0.202456
3.14,0.195272
3.16,0.188346
3.18,0.181698
3.2,0.175343
3.22,0.169291
3.24,0.163544
3.26,0.158099
3.28,0.152949
3.3,0.148082
3.32,0.143485
3.34,0.139142
3.36,0.135037
3.38,0.131154
3.4,0.127475
3.42,0.123985
3.44,0.120669
3.46,0.117513
3.48,0.114505
3.5,0.111634
3.52,0.10889
3.54,0.106265
3.56,0.103753
3.58,0.101346
3.6,0.0990385
3.62,0.0968253
3.64,0.0947012
3.66,0.0926614
3.68,0.0907013
3.7,0.0888166
3.72,0.0870033
3.74,0.0852575
3.76,0.0835755
3.78,0.0819539
3.8,0.0803896
3.82,0.0788795
3.84,0.0774208
3.86,0.0760108
3.88,0.0746471
3.9,0.0733275
3.92,0.0720498
3.94,0.0708121
3.96,0.0696126
3.98,0.0684495
4,0.0673213
