0,46.683
0.02,55.333
0.04,63.2281
0.06,68.2518
0.08,68.7378
0.1,64.8576
0.12,58.5021
0.14,51.8229
0.16,46.1933
0.18,42.1307
0.2,39.591
0.22,38.208
0.24,37.4641
0.26,36.8565
0.28,35.9801
0.3,34.534
0.32,32.4488
0.34,29.9941
0.36,27.5719
0.38,25.3979
0.4,23.4236
0.42,21.518
0.44,19.6769
0.46,18.0359
0.48,16.7321
0.5,15.8009
0.52,15.1559
0.54,14.6296
0.56,14.0721
0.58,13.4606
0.6,12.8994
0.62,12.5107
0.64,12.337
0.66,12.3073
0.68,12.2639
0.7,12.0634
0.72,11.6963
0.74,11.2951
0.76,11.0187
0.78,10.9469
0.8,11.0392
0.82,11.1396
0.84,11.0437
0.86,10.6406
0.88,10.0044
0.9,9.32396
0.92,8.76639
0.94,8.41263
0.96,8.25662
0.98,8.21502
1,8.14558
1.02,7.91118
1.04,7.47438
1.06,6.91986
1.08,6.3762
1.1,5.93857
1.12,5.65178
1.14,5.5252
1.16,5.5439
1.18,5.665
1.2,5.8074
1.22,5.86228
1.24,5.74928
1.26,5.4786
1.28,5.13974
1.3,4.83272
1.32,4.62314
1.34,4.54104
1.36,4.59378
1.38,4.77066
1.4,5.03399
1.42,5.30405
1.44,5.46488
1.46,5.42146
1.48,5.17391
1.5,4.81694
1.52,4.46521
1.54,4.19672
1.56,4.04741
1.58,4.02626
1.6,4.12419
1.62,4.30943
1.64,4.51468
1.66,4.63821
1.68,4.58788
1.7,4.34858
1.72,3.99281
1.74,3.61924
1.76,3.29764
1.78,3.06005
1.8,2.91518
1.82,2.86205
1.84,2.89556
1.86,3.00413
1.88,3.16051
1.9,3.31149
1.92,3.38381
1.94,3.32266
1.96,3.13489
1.98,2.88161
2,2.63044
2.02,2.42432
2.04,2.2814
2.06,2.2064
2.08,2.19922
2.1,2.25819
2.12,2.37784
2.14,2.54155
2.16,2.71129
2.18,2.82609
2.2,2.82768
2.22,2.7037
2.24,2.4983
2.26,2.27516
2.28,2.08101
2.3,1.93825
2.32,1.85385
2.34,1.82848
2.36,1.86086
2.38,1.9473
2.4,2.07655
2.42,2.22108
2.44,2.3323
2.46,2.35561
2.48,2.26706
2.5,2.09355
2.52,1.88884
2.54,1.69779
2.56,1.54367
2.58,1.43389
2.6,1.36853
2.62,1.34549
2.64,1.36168
2.66,1.41115
2.68,1.48036
2.7,1.5436
2.72,1.56685
2.74,1.52667
2.76,1.42892
2.78,1.30281
2.8,1.17857
2.82,1.07444
2.84,0.997519
2.86,0.948944
2.88,0.927591
2.9,0.931194
2.92,0.955137
2.94,0.989465
2.96,1.01655
2.98,1.0151
3,0.972971
3.02,0.89678
3.04,0.805233
3.06,0.715367
3.08,0.636257
3.1,0.570446
3.12,0.51718
3.14,0.474635
3.16,0.440946
3.18,0.41454
3.2,0.394129
3.22,0.378498
3.24,0.366164
3.26,0.355118
3.28,0.343127
3.3,0.328841
3.32,0.312618
3.34,0.295932
3.36,0.280147
3.38,0.265954
3.4,0.253484
3.42,0.24259
3.44,0.233045
3.46,0.224624
3.48,0.217138
3.5,0.210441
3.52,0.204421
3.54,0.198996
3.56,0.194109
3.58,0.189712
3.6,0.185754
3.62,0.182146
3.64,0.178734
3.66,0.175296
3.68,0.171641
3.7,0.167739
3.72,0.163733
3.74,0.159804
3.76,0.15607
3.78,0.152573
3.8,0.149308
3.82,0.146252
3.84,0.143378
3.86,0.140663
3.88,0.138086
3.9,0.135631
3.92,0.133287
3.94,0.131042
3.96,0.128889
3.98,0.126823
4,0.124839
