0,46.6661
0.02,55.4741
0.04,63.6697
0.06,69.0842
0.08,69.839
0.1,65.8554
0.12,58.9493
0.14,51.3792
0.16,44.6712
0.18,39.486
0.2,35.9648
0.22,34.0385
0.24,33.5715
0.26,34.362
0.28,36.0281
0.3,37.8483
0.32,38.7689
0.34,37.861
0.36,34.9908
0.38,30.8892
0.4,26.5153
0.42,22.5155
0.44,19.1475
0.46,16.43
0.48,14.2833
0.5,12.6072
0.52,11.3116
0.54,10.3255
0.56,9.5971
0.58,9.09171
0.6,8.78938
0.62,8.6835
0.64,8.78025
0.66,9.09868
0.68,9.67054
0.7,10.5376
0.72,11.7414
0.74,13.2943
0.76,15.119
0.78,16.9584
0.8,18.3325
0.82,18.7033
0.84,17.8521
0.86,16.0721
0.88,13.9108
0.9,11.8101
0.92,9.98564
0.94,8.48792
0.96,7.28939
0.98,6.33879
1,5.58523
1.02,4.9861
1.04,4.50812
1.06,4.12613
1.08,3.82149
1.1,3.58059
1.12,3.39366
1.14,3.25402
1.16,3.15746
1.18,3.10198
1.2,3.08761
1.22,3.11648
1.24,3.19311
1.26,3.32478
1.28,3.52226
1.3,3.80064
1.32,4.18016
1.34,4.68658
1.36,5.34928
1.38,6.19374
1.4,7.22137
1.42,8.36941
1.44,9.45928
1.46,10.1921
1.48,10.2826
1.5,9.67767
1.52,8.60444
1.54,7.37982
1.56,6.22798
1.58,5.2455
1.6,4.44675
1.62,3.81067
1.64,3.30716
1.66,2.90794
1.68,2.58983
1.7,2.33486
1.72,2.12945
1.74,1.96346
1.76,1.82935
1.78,1.72157
1.8,1.63607
1.82,1.56997
1.84,1.52135
1.86,1.48908
1.88,1.47277
1.9,1.47274
1.92,1.4901
1.94,1.52681
1.96,1.58591
1.98,1.6718
2,1.79062
2.02,1.95071
2.04,2.16312
2.06,2.44178
2.08,2.80256
2.1,3.25929
2.12,3.81317
2.14,4.43151
2.16,5.02008
2.18,5.42002
2.2,5.47799
2.22,5.16334
2.24,4.59575
2.26,3.94468
2.28,3.33092
2.3,2.80698
2.32,2.38098
2.34,2.04188
2.36,1.77364
2.38,1.56118
2.4,1.39209
2.42,1.25679
2.44,1.14805
2.46,1.0605
2.48,0.990158
2.5,0.93416
2.52,0.890462
2.54,0.857697
2.56,0.835067
2.58,0.82229
2.6,0.819592
2.62,0.827751
2.64,0.848176
2.66,0.883038
2.68,0.935433
2.7,1.00952
2.72,1.11045
2.74,1.24373
2.76,1.41305
2.78,1.61504
2.8,1.83028
2.82,2.01483
2.84,2.10793
2.86,2.06774
2.88,1.90658
2.9,1.67972
2.92,1.44343
2.94,1.23064
2.96,1.05249
2.98,0.908281
3,0.792888
3.02,0.70053
3.04,0.62612
3.06,0.565584
3.08,0.515789
3.1,0.474359
3.12,0.4395
3.14,0.409855
3.16,0.384389
3.18,0.362307
3.2,0.342994
3.22,0.325969
3.24,0.310851
3.26,0.29734
3.28,0.285192
3.3,0.274213
3.32,0.264244
3.34,0.255158
3.36,0.246849
3.38,0.239235
3.4,0.232246
3.42,0.225833
3.44,0.219957
3.46,0.214596
3.48,0.209742
3.5,0.205403
3.52,0.201601
3.54,0.198372
3.56,0.195748
3.58,0.193719
3.6,0.192156
3.62,0.190699
3.64,0.188732
3.66,0.18563
3.68,0.181212
3.7,0.175897
3.72,0.170335
3.74,0.165006
3.76,0.160126
3.78,0.155728
3.8,0.151765
3.82,0.14817
3.84,0.144879
3.86,0.141837
3.88,0.139001
3.9,0.136337
3.92,0.133821
3.94,0.131431
3.96,0.129152
3.98,0.126971
4,0.124878
