0,16.5996
0.02,16.5338
0.04,15.7398
0.06,14.699
0.08,13.8351
0.1,13.3939
0.12,13.4879
0.14,14.1661
0.16,15.4456
0.18,17.2883
0.2,19.5194
0.22,21.7138
0.24,23.1885
0.26,23.3006
0.28,21.9305
0.3,19.5784
0.32,16.9389
0.34,14.5015
0.36,12.4815
0.38,10.9226
0.4,9.79714
0.42,9.06079
0.44,8.67468
0.46,8.60897
0.48,8.83156
0.5,9.27992
0.52,9.81904
0.54,10.2196
0.56,10.2288
0.58,9.7374
0.6,8.86911
0.62,7.86672
0.64,6.92996
0.66,6.15971
0.68,5.58464
0.7,5.20029
0.72,4.99235
0.74,4.94405
0.76,5.03119
0.78,5.20836
0.8,5.3966
0.82,5.49851
0.84,5.4556
0.86,5.29558
0.88,5.10185
0.9,4.93847
0.92,4.80637
0.94,4.65268
0.96,4.42216
0.98,4.11191
1,3.77323
1.02,3.46793
1.04,3.23654
1.06,3.09686
1.08,3.05407
1.1,3.1077
1.12,3.25109
1.14,3.46252
1.16,3.69088
1.18,3.85105
1.2,3.85566
1.22,3.67706
1.24,3.37033
1.26,3.02523
1.28,2.71062
1.3,2.45972
1.32,2.28174
1.34,2.17579
1.36,2.13911
1.38,2.17018
1.4,2.26806
1.42,2.42806
1.44,2.63236
1.46,2.8379
1.48,2.97461
1.5,2.97496
1.52,2.82421
1.54,2.57289
1.56,2.2939
1.58,2.04
1.6,1.83513
1.62,1.68469
1.64,1.58657
1.66,1.53739
1.68,1.5352
1.7,1.57993
1.72,1.67218
1.74,1.80965
1.76,1.98
1.78,2.15128
1.8,2.26972
1.82,2.28147
1.84,2.17228
1.86,1.97984
1.88,1.76158
1.9,1.56011
1.92,1.39516
1.94,1.27126
1.96,1.18655
1.98,1.13791
2,1.12324
2.02,1.14206
2.04,1.19527
2.06,1.28363
2.08,1.40439
2.1,1.54484
2.12,1.67534
2.14,1.75132
2.16,1.73596
2.18,1.6295
2.2,1.46876
2.22,1.29745
2.24,1.14398
2.26,1.01975
2.28,0.926211
2.3,0.861028
2.32,0.821423
2.34,0.805522
2.36,0.812738
2.38,0.843615
2.4,0.899046
2.42,0.97834
2.44,1.07536
2.46,1.17321
2.48,1.24256
2.5,1.25295
2.52,1.19489
2.54,1.08817
2.56,0.964792
2.58,0.84913
2.6,0.752679
2.62,0.678141
2.64,0.624374
2.66,0.58936
2.68,0.571495
2.7,0.569973
2.72,0.58464
2.74,0.615283
2.76,0.66001
2.78,0.712433
2.8,0.758917
2.82,0.780456
2.84,0.76322
2.86,0.709807
2.88,0.636674
2.9,0.561337
2.92,0.494396
2.94,0.439708
2.96,0.397414
2.98,0.366305
3,0.34497
3.02,0.332109
3.04,0.326292
3.06,0.3253
3.08,0.325384
3.1,0.321498
3.12,0.309645
3.14,0.289744
3.16,0.265364
3.18,0.240672
3.2,0.218258
3.22,0.199033
3.24,0.182934
3.26,0.169527
3.28,0.158312
3.3,0.148846
3.32,0.14077
3.34,0.133806
3.36,0.127741
3.38,0.122413
3.4,0.117699
3.42,0.113508
3.44,0.109774
3.46,0.106446
3.48,0.103491
3.5,0.100883
3.52,0.0985925
3.54,0.0965637
3.56,0.0946879
3.58,0.0927941
3.6,0.0907089
3.62,0.088373
3.64,0.0858816
3.66,0.083392
3.68,0.0810214
3.7,0.0788195
3.72,0.0767905
3.74,0.0749185
3.76,0.0731823
3.78,0.071562
3.8,0.0700408
3.82,0.068605
3.84,0.0672436
3.86,0.0659481
3.88,0.0647111
3.9,0.0635271
3.92,0.0623911
3.94,0.0612993
3.96,0.0602482
3.98,0.059235
4,0.0582573
