0,16.6074
0.02,16.5423
0.04,15.745
0.06,14.6971
0.08,13.8231
0.1,13.3698
0.12,13.4498
0.14,14.1129
0.16,15.3786
0.18,17.2156
0.2,19.4625
0.22,21.7118
0.24,23.2844
0.26,23.5046
0.28,22.1951
0.3,19.8273
0.32,17.1155
0.34,14.586
0.36,12.4779
0.38,10.8393
0.4,9.63662
0.42,8.81729
0.44,8.33692
0.46,8.16632
0.48,8.28752
0.5,8.67859
0.52,9.28255
0.54,9.96155
0.56,10.4718
0.58,10.5382
0.6,10.0369
0.62,9.09802
0.64,7.98646
0.66,6.92194
0.68,6.01442
0.7,5.29211
0.72,4.7448
0.74,4.35152
0.76,4.09323
0.78,3.95735
0.8,3.93866
0.82,4.03852
0.84,4.26185
0.86,4.60982
0.88,5.06395
0.9,5.56052
0.92,5.97054
0.94,6.12951
0.96,5.93997
0.98,5.45399
1,4.82534
1.02,4.19753
1.04,3.64967
1.06,3.20647
1.08,2.86478
1.1,2.61229
1.12,2.43645
1.14,2.32793
1.16,2.28149
1.18,2.29606
1.2,2.37439
1.22,2.52211
1.24,2.74505
1.26,3.04265
1.28,3.39475
1.3,3.74352
1.32,3.98843
1.34,4.02632
1.36,3.82713
1.38,3.46047
1.4,3.03577
1.42,2.63521
1.44,2.2966
1.46,2.02766
1.48,1.82285
1.5,1.67322
1.52,1.57071
1.54,1.50967
1.56,1.48712
1.58,1.50274
1.6,1.55869
1.62,1.65913
1.64,1.80885
1.66,2.00959
1.68,2.25226
1.7,2.50475
1.72,2.70419
1.74,2.77533
1.76,2.6807
1.78,2.4533
1.8,2.16717
1.82,1.88636
1.84,1.64422
1.86,1.45019
1.88,1.30205
1.9,1.194
1.92,1.12043
1.94,1.07727
1.96,1.06239
1.98,1.07555
2,1.11821
2.02,1.19296
2.04,1.302
2.06,1.44349
2.08,1.6049
2.1,1.75527
2.12,1.84683
2.14,1.8389
2.16,1.73026
2.18,1.56014
2.2,1.37651
2.22,1.21113
2.24,1.07704
2.26,0.97618
2.28,0.906197
2.3,0.864147
2.32,0.847993
2.34,0.856928
2.36,0.890934
2.38,0.949347
2.4,1.02781
2.42,1.11358
2.44,1.18237
2.46,1.20506
2.48,1.16666
2.5,1.07922
2.52,0.970995
2.54,0.866904
2.56,0.780345
2.58,0.715694
2.6,0.673037
2.62,0.651299
2.64,0.649607
2.66,0.667431
2.68,0.703649
2.7,0.754288
2.72,0.809147
2.74,0.850038
2.76,0.856603
2.78,0.820117
2.8,0.750872
2.82,0.66894
2.84,0.590807
2.86,0.524744
2.88,0.472997
2.9,0.435026
2.92,0.409523
2.94,0.395252
2.96,0.391097
2.98,0.395521
3,0.405444
3.02,0.415056
3.04,0.41635
3.06,0.403151
3.08,0.375807
3.1,0.340544
3.12,0.304349
3.14,0.27152
3.16,0.243572
3.18,0.220431
3.2,0.201419
3.22,0.185754
3.24,0.172742
3.26,0.161824
3.28,0.152566
3.3,0.144641
3.32,0.137804
3.34,0.131872
3.36,0.126711
3.38,0.122226
3.4,0.118349
3.42,0.115028
3.44,0.112206
3.46,0.109783
3.48,0.107571
3.5,0.105285
3.52,0.102655
3.54,0.0996085
3.56,0.0963167
3.58,0.0930317
3.6,0.0899314
3.62,0.087087
3.64,0.0845009
3.66,0.0821463
3.68,0.0799897
3.7,0.078
3.72,0.0761511
3.74,0.0744219
3.76,0.072796
3.78,0.0712599
3.8,0.069803
3.82,0.0684168
3.84,0.0670941
3.86,0.0658291
3.88,0.0646169
3.9,0.0634532
3.92,0.0623347
3.94,0.0612584
3.96,0.0602218
3.98,0.0592228
4,0.0582597
