0,0.79973
0.02,0.89447
0.04,1.00669
0.06,1.14076
0.08,1.30237
0.1,1.49905
0.12,1.74078
0.14,2.04076
0.16,2.41639
0.18,2.89007
0.2,3.48916
0.22,4.24298
0.24,5.17268
0.26,6.26635
0.28,7.43422
0.3,8.46342
0.32,9.04692
0.34,8.95602
0.36,8.23031
0.38,7.14178
0.4,5.98352
0.42,4.93388
0.44,4.05692
0.46,3.35234
0.48,2.79522
0.5,2.35621
0.52,2.00922
0.54,1.7333
0.56,1.51232
0.58,1.3341
0.6,1.18951
0.62,1.07168
0.64,0.975465
0.66,0.896969
0.68,0.833279
0.7,0.782219
0.72,0.742198
0.74,0.712103
0.76,0.691233
0.78,0.679259
0.8,0.676216
0.82,0.682522
0.84,0.699032
0.86,0.727121
0.88,0.768818
0.9,0.826995
0.92,0.905606
0.94,1.00998
0.96,1.14707
0.98,1.32538
1,1.55404
1.02,1.8394
1.04,2.17706
1.06,2.53763
1.08,2.85293
1.1,3.02615
1.12,2.98652
1.14,2.74798
1.16,2.39674
1.18,2.02492
1.2,1.68835
1.22,1.40694
1.24,1.18045
1.26,1.00095
1.28,0.859127
1.3,0.746751
1.32,0.657201
1.34,0.585395
1.36,0.527505
1.38,0.48067
1.4,0.442759
1.42,0.412192
1.44,0.387804
1.46,0.368754
1.48,0.354453
1.5,0.34451
1.52,0.338698
1.54,0.336933
1.56,0.339306
1.58,0.346172
1.6,0.358214
1.62,0.37647
1.64,0.402356
1.66,0.437754
1.68,0.48514
1.7,0.547659
1.72,0.628993
1.74,0.732616
1.76,0.859723
1.78,1.00488
1.8,1.14983
1.82,1.26098
1.84,1.30075
1.86,1.25236
1.88,1.13366
1.9,0.98238
1.92,0.831605
1.94,0.699038
1.96,0.589791
1.98,0.502513
2,0.433662
2.02,0.379521
2.04,0.336919
2.06,0.303363
2.08,0.276974
2.1,0.256369
2.12,0.240552
2.14,0.228832
2.16,0.220762
2.18,0.216098
2.2,0.214786
2.22,0.216963
2.24,0.222979
2.26,0.233438
2.28,0.249219
2.3,0.2715
2.32,0.301706
2.34,0.34129
2.36,0.391104
2.38,0.450106
2.4,0.51317
2.42,0.568759
2.44,0.600027
2.46,0.593701
2.48,0.551069
2.5,0.487096
2.52,0.418732
2.54,0.356644
2.56,0.304845
2.58,0.263503
2.6,0.231283
2.62,0.206575
2.64,0.187971
2.66,0.174383
2.68,0.165036
2.7,0.15943
2.72,0.157331
2.74,0.158787
2.76,0.164089
2.78,0.173613
2.8,0.187471
2.82,0.204846
2.84,0.223017
2.86,0.236804
2.88,0.240181
2.9,0.230358
2.92,0.210182
2.94,0.185569
2.96,0.161448
2.98,0.140257
3,0.122591
3.02,0.108202
3.04,0.096591
3.06,0.0872226
3.08,0.0795898
3.1,0.0732497
3.12,0.0678591
3.14,0.0631782
3.16,0.0590366
3.18,0.0553187
3.2,0.0519689
3.22,0.0489703
3.24,0.0463087
3.26,0.0439566
3.28,0.0418776
3.3,0.0400346
3.32,0.0383949
3.34,0.0369318
3.36,0.0356241
3.38,0.0344556
3.4,0.0334122
3.42,0.0324807
3.44,0.0316468
3.46,0.0308965
3.48,0.0302146
3.5,0.0295762
3.52,0.0289359
3.54,0.0282404
3.56,0.0274664
3.58,0.0266413
3.6,0.0258174
3.62,0.0250364
3.64,0.0243169
3.66,0.0236597
3.68,0.0230555
3.7,0.0224902
3.72,0.021951
3.74,0.0214317
3.76,0.0209329
3.78,0.020457
3.8,0.020005
3.82,0.0195758
3.84,0.0191677
3.86,0.018779
3.88,0.0184082
3.9,0.018054
3.92,0.0177148
3.94,0.0173893
3.96,0.0170761
3.98,0.0167739
4,0.0164818
