0,6.64715
0.02,7.38469
0.04,8.18096
0.06,9.01531
0.08,9.85253
0.1,10.6414
0.12,11.318
0.14,11.8147
0.16,12.0762
0.18,12.0749
0.2,11.8207
0.22,11.3574
0.24,10.7501
0.26,10.0682
0.28,9.37299
0.3,8.7105
0.32,8.11136
0.34,7.59305
0.36,7.16346
0.38,6.82387
0.4,6.57115
0.42,6.39876
0.44,6.29686
0.46,6.25179
0.48,6.24536
0.5,6.25477
0.52,6.25394
0.54,6.21706
0.56,6.12375
0.58,5.96409
0.6,5.74098
0.62,5.46845
0.64,5.16689
0.66,4.85766
0.68,4.55908
0.7,4.28465
0.72,4.04301
0.74,3.83884
0.76,3.67394
0.78,3.54812
0.8,3.45974
0.82,3.40589
0.84,3.38216
0.86,3.38222
0.88,3.39744
0.9,3.4168
0.92,3.42764
0.94,3.41755
0.96,3.37697
0.98,3.30172
1,3.19407
1.02,3.06176
1.04,2.91556
1.06,2.76652
1.08,2.62407
1.1,2.49514
1.12,2.38423
1.14,2.29379
1.16,2.22476
1.18,2.17697
1.2,2.14931
1.22,2.13968
1.24,2.1448
1.26,2.15995
1.28,2.17891
1.3,2.19421
1.32,2.19817
1.34,2.18438
1.36,2.1494
1.38,2.09365
1.4,2.0212
1.42,1.93845
1.44,1.85243
1.46,1.76945
1.48,1.69435
1.5,1.63037
1.52,1.5794
1.54,1.54215
1.56,1.51848
1.58,1.50739
1.6,1.50701
1.62,1.51446
1.64,1.52579
1.66,1.53617
1.68,1.54039
1.7,1.53394
1.72,1.51407
1.74,1.4806
1.76,1.43592
1.78,1.38416
1.8,1.33007
1.82,1.278
1.84,1.23137
1.86,1.19245
1.88,1.16248
1.9,1.14179
1.92,1.12988
1.94,1.12547
1.96,1.12646
1.98,1.12999
2,1.13263
2.02,1.1309
2.04,1.12199
2.06,1.10452
2.08,1.07891
2.1,1.04718
2.12,1.01233
2.14,0.977502
2.16,0.945418
2.18,0.918011
2.2,0.896356
2.22,0.880696
2.24,0.870497
2.26,0.864504
2.28,0.860839
2.3,0.857213
2.32,0.851319
2.34,0.841356
2.36,0.826508
2.38,0.807158
2.4,0.784708
2.42,0.761103
2.44,0.73829
2.46,0.717805
2.48,0.700547
2.5,0.68671
2.52,0.675814
2.54,0.666813
2.56,0.658297
2.58,0.648814
2.6,0.637242
2.62,0.623111
2.64,0.606713
2.66,0.588952
2.68,0.571003
2.7,0.553955
2.72,0.538538
2.74,0.524992
2.76,0.513053
2.78,0.502041
2.8,0.491044
2.82,0.479175
2.84,0.465838
2.86,0.450903
2.88,0.43471
2.9,0.417907
2.92,0.401205
2.94,0.385173
2.96,0.370105
2.98,0.355994
3,0.342586
3.02,0.329493
3.04,0.316332
3.06,0.302865
3.08,0.289063
3.1,0.275092
3.12,0.261237
3.14,0.247804
3.16,0.235045
3.18,0.223129
3.2,0.212141
3.22,0.202096
3.24,0.192961
3.26,0.184673
3.28,0.177151
3.3,0.170306
3.32,0.164041
3.34,0.158264
3.36,0.152889
3.38,0.147843
3.4,0.14307
3.42,0.138539
3.44,0.134234
3.46,0.130149
3.48,0.126284
3.5,0.122636
3.52,0.119201
3.54,0.115969
3.56,0.11293
3.58,0.110068
3.6,0.107369
3.62,0.104818
3.64,0.102399
3.66,0.100096
3.68,0.0978947
3.7,0.095782
3.72,0.0937488
3.74,0.0917889
3.76,0.0898989
3.78,0.088077
3.8,0.0863223
3.82,0.0846334
3.84,0.0830084
3.86,0.0814451
3.88,0.0799404
3.9,0.0784915
3.92,0.0770952
3.94,0.0757485
3.96,0.0744485
3.98,0.0731924
4,0.0719779
