0,6.64702
0.02,7.38455
0.04,8.18081
0.06,9.01516
0.08,9.85237
0.1,10.6413
0.12,11.3178
0.14,11.8146
0.16,12.0761
0.18,12.075
0.2,11.8208
0.22,11.3575
0.24,10.7502
0.26,10.0684
0.28,9.37312
0.3,8.71062
0.32,8.11147
0.34,7.59315
0.36,7.16353
0.38,6.82392
0.4,6.57119
0.42,6.39879
0.44,6.29689
0.46,6.25182
0.48,6.24541
0.5,6.25485
0.52,6.25406
0.54,6.21723
0.56,6.12398
0.58,5.96437
0.6,5.7413
0.62,5.46878
0.64,5.16721
0.66,4.85794
0.68,4.5593
0.7,4.28478
0.72,4.04305
0.74,3.83877
0.76,3.67376
0.78,3.54782
0.8,3.45935
0.82,3.40542
0.84,3.38164
0.86,3.38171
0.88,3.397
0.9,3.41651
0.92,3.42757
0.94,3.41772
0.96,3.37738
0.98,3.3023
1,3.19474
1.02,3.06242
1.04,2.91614
1.06,2.76697
1.08,2.62437
1.1,2.49529
1.12,2.38423
1.14,2.29365
1.16,2.22449
1.18,2.17659
1.2,2.14884
1.22,2.13915
1.24,2.14426
1.26,2.15945
1.28,2.17847
1.3,2.19386
1.32,2.19788
1.34,2.18409
1.36,2.14903
1.38,2.09317
1.4,2.02067
1.42,1.93798
1.44,1.85219
1.46,1.76958
1.48,1.69497
1.5,1.63155
1.52,1.58112
1.54,1.54433
1.56,1.52092
1.58,1.50979
1.6,1.50895
1.62,1.51544
1.64,1.52533
1.66,1.53387
1.68,1.53613
1.7,1.52798
1.72,1.5071
1.74,1.47368
1.76,1.43028
1.78,1.38101
1.8,1.3304
1.82,1.28247
1.84,1.24019
1.86,1.20532
1.88,1.17846
1.9,1.15916
1.92,1.14608
1.94,1.13716
1.96,1.12997
1.98,1.12217
2,1.1121
2.02,1.09914
2.04,1.0838
2.06,1.06726
2.08,1.05085
2.1,1.03535
2.12,1.02069
2.14,1.00596
2.16,0.989708
2.18,0.970545
2.2,0.947744
2.22,0.921594
2.24,0.893368
2.26,0.86495
2.28,0.838336
2.3,0.815221
2.32,0.796765
2.34,0.7835
2.36,0.775306
2.38,0.77141
2.4,0.770396
2.42,0.770281
2.44,0.768742
2.46,0.763526
2.48,0.752977
2.5,0.736499
2.52,0.714698
2.54,0.689154
2.56,0.661928
2.58,0.635063
2.6,0.610237
2.62,0.588619
2.64,0.570859
2.66,0.557138
2.68,0.547217
2.7,0.540457
2.72,0.535837
2.74,0.532
2.76,0.527399
2.78,0.520549
2.8,0.510366
2.82,0.496443
2.84,0.479137
2.86,0.459403
2.88,0.438486
2.9,0.417593
2.92,0.397682
2.94,0.379364
2.96,0.362901
2.98,0.348251
3,0.335125
3.02,0.323064
3.04,0.311532
3.06,0.300029
3.08,0.28821
3.1,0.275953
3.12,0.263358
3.14,0.250671
3.16,0.238194
3.18,0.226196
3.2,0.214873
3.22,0.204339
3.24,0.194633
3.26,0.185748
3.28,0.177641
3.3,0.170256
3.32,0.163526
3.34,0.157387
3.36,0.151774
3.38,0.146628
3.4,0.141893
3.42,0.137514
3.44,0.13344
3.46,0.129626
3.48,0.12603
3.5,0.122619
3.52,0.119371
3.54,0.11627
3.56,0.113306
3.58,0.110474
3.6,0.107764
3.62,0.105171
3.64,0.102687
3.66,0.100307
3.68,0.0980249
3.7,0.095839
3.72,0.093746
3.74,0.0917429
3.76,0.0898259
3.78,0.0879909
3.8,0.0862334
3.82,0.0845487
3.84,0.0829322
3.86,0.0813795
3.88,0.0798865
3.9,0.0784493
3.92,0.0770643
3.94,0.0757284
3.96,0.0744383
3.98,0.0731912
4,0.0719842
