0.75,81.6956,6.74732e-19,12500.1
0.75,6.50603,7.00746e-18,16.6845
0.457107,1.77206,3.66195e-17,1.95901
0.457107,1.18452,3.83966e-18,3.29292
0.457107,0.75,3.87717e-18,1.14626e-14
0.116025,0.457107,0.193814,2.00082e-15
0.116025,0.325564,3.20048e-16,0.551655
-0.25,0.116025,1.75306e-19,3.85036e-13
-0.25,-0.25,2.50262e-30,2.02619e-14
-0.957107,-0.438438,1.44078e-16,0.611903
-0.957107,-0.957107,0.806186,1.07746e-14
-0.957107,-1.61603,5.70136e-18,1.36812e-14
-1.61603,-6.40289,4.95017e-17,80.7669
-1.61603,-117.402,1.74094e-21,14505
