0.75,85.394,6.49795e-19,701.311
0.75,8.07853,5.64347e-18,132.693
0.457107,1.80303,3.50332e-17,4.5579
0.457107,1.1947,2.49171e-18,1.38514
0.457107,0.75,3.87717e-18,5.35944e-15
0.116025,0.457107,0.193814,1.64868e-14
0.116025,0.427821,1.18606e-14,0.498378
-0.25,0.116025,1.75308e-19,2.45245e-13
-0.25,-0.25,7.36033e-32,5.71074e-15
-0.957107,-0.331003,2.86135e-16,0.536743
-0.957107,-0.957107,0.806186,6.17286e-14
-0.957107,-1.0605,1.34442e-14,3.35271
-1.56204,-1.61603,5.70136e-18,1.01198e-14
-1.61603,-9.93883,1.40136e-17,81.5914
-1.61603,-118.137,1.96137e-21,26140.9
