0.75,98.403,1.72019e-19,15088.8
0.75,8.70756,2.99645e-17,38.3391
0.457107,6.86049,1.93116e-17,106.486
0.457107,1.76411,5.61038e-17,8.74157
0.457107,0.917844,7.34312e-17,0.221882
0.116025,0.75,3.87716e-18,4.35055e-15
0.116025,0.457107,0.193814,4.38681e-15
-0.25,0.116025,1.75294e-19,3.35613e-13
-0.25,-0.125646,2.23692e-16,0.355058
-0.922438,-0.25,1.2276e-30,6.4134e-15
-0.957107,-0.957107,0.806186,1.19667e-14
-0.957107,-1.04811,1.75564e-14,1.08324
-0.957107,-1.61603,5.70136e-18,1.5338e-14
-1.61393,-1.86453,5.5177e-17,1.2068
-1.61603,-14.6735,2.29957e-17,179.028
-1.61603,-144.732,7.74081e-20,42706.1
