0,12.2648
0.02,14.1576
0.04,16.248
0.06,18.4154
0.08,20.4398
0.1,22.0168
0.12,22.843
0.14,22.7529
0.16,21.8112
0.18,20.2789
0.2,18.4842
0.22,16.7046
0.24,15.1189
0.26,13.8167
0.28,12.8273
0.3,12.1452
0.32,11.7439
0.34,11.5786
0.36,11.5808
0.38,11.6521
0.4,11.6708
0.42,11.5198
0.44,11.1316
0.46,10.5183
0.48,9.75908
0.5,8.95624
0.52,8.19668
0.54,7.536
0.56,7.00154
0.58,6.60182
0.6,6.33477
0.62,6.19185
0.64,6.15824
0.66,6.20948
0.68,6.30688
0.7,6.39597
0.72,6.41486
0.74,6.31472
0.76,6.08214
0.78,5.74477
0.8,5.35502
0.82,4.96617
0.84,4.6175
0.86,4.33158
0.88,4.11811
0.9,3.97865
0.92,3.90945
0.94,3.90186
0.96,3.94076
0.98,4.0027
1,4.05669
1.02,4.0711
1.04,4.02555
1.06,3.91992
1.08,3.77183
1.1,3.60457
1.12,3.43581
1.14,3.27447
1.16,3.12475
1.18,2.9915
1.2,2.88206
1.22,2.80434
1.24,2.76373
1.26,2.76087
1.28,2.78988
1.3,2.83711
1.32,2.88112
1.34,2.89664
1.36,2.8635
1.38,2.77614
1.4,2.64628
1.42,2.49617
1.44,2.34861
1.46,2.22064
1.48,2.12238
1.5,2.05848
1.52,2.03005
1.54,2.03548
1.56,2.07018
1.58,2.12528
1.6,2.18623
1.62,2.2333
1.64,2.24617
1.66,2.21199
1.68,2.13184
1.7,2.01979
1.72,1.8955
1.74,1.77657
1.76,1.67499
1.78,1.59728
1.8,1.54621
1.82,1.52234
1.84,1.52476
1.86,1.55094
1.88,1.59581
1.9,1.65039
1.92,1.70108
1.94,1.73144
1.96,1.72741
1.98,1.68386
2,1.60716
2.02,1.51152
2.04,1.41238
2.06,1.32168
2.08,1.24666
2.1,1.19085
2.12,1.15547
2.14,1.14051
2.16,1.14515
2.18,1.16751
2.2,1.20387
2.22,1.24759
2.24,1.28843
2.26,1.31381
2.28,1.31267
2.3,1.28053
2.32,1.22178
2.34,1.14717
2.36,1.06861
2.38,0.995467
2.4,0.933464
2.42,0.885368
2.44,0.852127
2.46,0.833751
2.48,0.829733
2.5,0.839032
2.52,0.859627
2.54,0.887775
2.56,0.917298
2.58,0.939727
2.6,0.946226
2.62,0.931109
2.64,0.894705
2.66,0.843041
2.68,0.784634
2.7,0.727119
2.72,0.675643
2.74,0.632923
2.76,0.599992
2.78,0.576928
2.8,0.563282
2.82,0.558184
2.84,0.560157
2.86,0.566739
2.88,0.574164
2.9,0.57758
2.92,0.572259
2.94,0.555514
2.96,0.527985
2.98,0.493115
3,0.455307
3.02,0.41825
3.04,0.384251
3.06,0.354365
3.08,0.328815
3.1,0.307371
3.12,0.289584
3.14,0.274891
3.16,0.262635
3.18,0.252055
3.2,0.242325
3.22,0.232707
3.24,0.222754
3.26,0.212429
3.28,0.202019
3.3,0.19191
3.32,0.182413
3.34,0.173693
3.36,0.165794
3.38,0.15868
3.4,0.152281
3.42,0.146512
3.44,0.141292
3.46,0.136551
3.48,0.132226
3.5,0.128266
3.52,0.124629
3.54,0.121278
3.56,0.118184
3.58,0.115317
3.6,0.112649
3.62,0.110144
3.64,0.107759
3.66,0.105451
3.68,0.103182
3.7,0.100933
3.72,0.0987092
3.74,0.0965324
3.76,0.0944249
3.78,0.0924021
3.8,0.0904707
3.82,0.0886304
3.84,0.0868767
3.86,0.0852036
3.88,0.0836045
3.9,0.0820731
3.92,0.0806038
3.94,0.0791915
3.96,0.0778318
3.98,0.0765207
4,0.075255
