0,12.2638
0.02,14.1566
0.04,16.247
0.06,18.4146
0.08,20.4394
0.1,22.017
0.12,22.844
0.14,22.7544
0.16,21.8127
0.18,20.2798
0.2,18.484
0.22,16.7027
0.24,15.1151
0.26,13.8107
0.28,12.8192
0.3,12.1353
0.32,11.7332
0.34,11.5691
0.36,11.5759
0.38,11.6566
0.4,11.6893
0.42,11.5541
0.44,11.1789
0.46,10.5707
0.48,9.80661
0.5,8.99021
0.52,8.21099
0.54,7.52694
0.56,6.96689
0.58,6.54029
0.6,6.24607
0.62,6.07787
0.64,6.02523
0.66,6.07131
0.68,6.18804
0.7,6.331
0.72,6.43975
0.74,6.45013
0.76,6.31831
0.78,6.04185
0.8,5.65938
0.82,5.22903
0.84,4.8043
0.86,4.42174
0.88,4.10081
0.9,3.84904
0.92,3.66753
0.94,3.55467
0.96,3.50803
0.98,3.52451
1,3.59903
1.02,3.72169
1.04,3.87384
1.06,4.02486
1.08,4.13371
1.1,4.15937
1.12,4.07806
1.14,3.89546
1.16,3.6429
1.18,3.36112
1.2,3.08495
1.22,2.8369
1.24,2.62822
1.26,2.46274
1.28,2.34047
1.3,2.26006
1.32,2.22007
1.34,2.21948
1.36,2.25744
1.38,2.33231
1.4,2.43995
1.42,2.57095
1.44,2.70785
1.46,2.82421
1.48,2.88919
1.5,2.87861
1.52,2.78686
1.54,2.62982
1.56,2.43599
1.58,2.23386
1.6,2.04406
1.62,1.87812
1.64,1.74076
1.66,1.63274
1.68,1.55307
1.7,1.50037
1.72,1.47351
1.74,1.47191
1.76,1.49539
1.78,1.54382
1.8,1.61626
1.82,1.70945
1.84,1.81582
1.86,1.92148
1.88,2.00627
1.9,2.0481
1.92,2.03174
1.94,1.95662
1.96,1.83703
1.98,1.6945
2,1.54886
2.02,1.41369
2.04,1.29613
2.06,1.19875
2.08,1.12164
2.1,1.06379
2.12,1.02405
2.14,1.00149
2.16,0.995577
2.18,1.00619
2.2,1.0334
2.22,1.07702
2.24,1.13585
2.26,1.20643
2.28,1.28153
2.3,1.34934
2.32,1.39477
2.34,1.40418
2.36,1.37174
2.38,1.3026
2.4,1.20991
2.42,1.10851
2.44,1.01004
2.46,0.921469
2.48,0.845925
2.5,0.784127
2.52,0.735621
2.54,0.699558
2.56,0.675119
2.58,0.661698
2.6,0.658938
2.62,0.666633
2.64,0.684495
2.66,0.711711
2.68,0.746246
2.7,0.784008
2.72,0.818316
2.74,0.84059
2.76,0.84295
2.78,0.821817
2.8,0.779818
2.82,0.724232
2.84,0.663424
2.86,0.604028
2.88,0.55004
2.9,0.50324
2.92,0.464006
2.94,0.432004
2.96,0.406616
2.98,0.387153
3,0.372893
3.02,0.363012
3.04,0.356427
3.06,0.351634
3.08,0.346696
3.1,0.339574
3.12,0.328821
3.14,0.314198
3.16,0.296691
3.18,0.277892
3.2,0.259278
3.22,0.241837
3.24,0.226048
3.26,0.212024
3.28,0.199677
3.3,0.188828
3.32,0.179276
3.34,0.170828
3.36,0.163316
3.38,0.156595
3.4,0.150545
3.42,0.145066
3.44,0.140079
3.46,0.135516
3.48,0.131322
3.5,0.127453
3.52,0.123873
3.54,0.12055
3.56,0.11746
3.58,0.114583
3.6,0.1119
3.62,0.109393
3.64,0.107045
3.66,0.10483
3.68,0.102717
3.7,0.100671
3.72,0.0986542
3.74,0.0966462
3.76,0.094646
3.78,0.0926705
3.8,0.0907424
3.82,0.0888802
3.84,0.087094
3.86,0.0853863
3.88,0.0837551
3.9,0.0821958
3.92,0.080703
3.94,0.0792713
3.96,0.0778956
3.98,0.0765714
4,0.0752948
