0,5.77247
0.02,6.88888
0.04,8.29868
0.06,10.0684
0.08,12.2424
0.1,14.7815
0.12,17.4582
0.14,19.7599
0.16,20.9842
0.18,20.6574
0.2,18.9366
0.22,16.4691
0.24,13.9051
0.26,11.6233
0.28,9.75234
0.3,8.28636
0.32,7.17076
0.34,6.3451
0.36,5.75908
0.38,5.37678
0.4,5.17641
0.42,5.14874
0.44,5.29468
0.46,5.62033
0.48,6.12571
0.5,6.78131
0.52,7.4909
0.54,8.06486
0.56,8.26858
0.58,7.97207
0.6,7.26024
0.62,6.3552
0.64,5.45756
0.66,4.67502
0.68,4.03932
0.7,3.54393
0.72,3.16991
0.74,2.89803
0.76,2.7133
0.78,2.60604
0.8,2.5718
0.82,2.61092
0.84,2.72759
0.86,2.92747
0.88,3.21196
0.9,3.56587
0.92,3.93856
0.94,4.23196
0.96,4.32908
0.98,4.17145
1,3.80938
1.02,3.35683
1.04,2.91288
1.06,2.52949
1.08,2.22158
1.1,1.98583
1.12,1.81323
1.14,1.69504
1.16,1.62493
1.18,1.59957
1.2,1.61857
1.22,1.68405
1.24,1.79958
1.26,1.9672
1.28,2.18112
1.3,2.4169
1.32,2.62183
1.34,2.72422
1.36,2.67446
1.38,2.48521
1.4,2.21982
1.42,1.94507
1.44,1.70168
1.46,1.50473
1.48,1.35497
1.5,1.24792
1.52,1.17859
1.54,1.14344
1.56,1.14092
1.58,1.1714
1.6,1.23661
1.62,1.33802
1.64,1.47311
1.66,1.62862
1.68,1.7729
1.7,1.85809
1.72,1.84459
1.74,1.73262
1.76,1.56191
1.78,1.37975
1.8,1.21696
1.82,1.08602
1.84,0.988666
1.86,0.922607
1.88,0.885085
1.9,0.874334
1.92,0.889906
1.94,0.932236
1.96,1.00121
1.98,1.09304
2,1.19507
2.02,1.28157
2.04,1.31928
2.06,1.2878
2.08,1.19688
2.1,1.07756
2.12,0.959592
2.14,0.859947
2.16,0.784639
2.18,0.734134
2.2,0.707216
2.22,0.702767
2.24,0.720101
2.26,0.758124
2.28,0.813105
2.3,0.875111
2.32,0.92562
2.34,0.942495
2.36,0.91431
2.38,0.850121
2.4,0.771402
2.42,0.697236
2.44,0.638105
2.46,0.597739
2.48,0.576594
2.5,0.573941
2.52,0.588221
2.54,0.615846
2.56,0.648947
2.58,0.674222
2.6,0.677176
2.62,0.651874
2.64,0.60591
2.66,0.553701
2.68,0.507153
2.7,0.472516
2.72,0.451881
2.74,0.44515
2.76,0.450723
2.78,0.46479
2.8,0.480055
2.82,0.486301
2.84,0.475302
2.86,0.447011
2.88,0.409262
2.9,0.371369
2.92,0.339425
2.94,0.315916
2.96,0.301034
2.98,0.29354
3,0.290749
3.02,0.2883
3.04,0.281134
3.06,0.266303
3.08,0.245012
3.1,0.221132
3.12,0.198193
3.14,0.178028
3.16,0.161081
3.18,0.147105
3.2,0.135633
3.22,0.126201
3.24,0.118422
3.26,0.111996
3.28,0.106696
3.3,0.10234
3.32,0.0987435
3.34,0.095671
3.36,0.0927972
3.38,0.0897818
3.4,0.0864519
3.42,0.0829027
3.44,0.079373
3.46,0.07606
3.48,0.0730532
3.5,0.0703616
3.52,0.0679576
3.54,0.0658042
3.56,0.0638673
3.58,0.0621188
3.6,0.060537
3.62,0.0591027
3.64,0.0577938
3.66,0.0565768
3.68,0.0554018
3.7,0.0542152
3.72,0.0529895
3.74,0.0517413
3.76,0.0505105
3.78,0.0493303
3.8,0.0482155
3.82,0.0471674
3.84,0.0461809
3.86,0.0452491
3.88,0.0443656
3.9,0.0435245
3.92,0.0427211
3.94,0.0419518
3.96,0.0412133
3.98,0.040503
4,0.0398189
