0,5.77228
0.02,6.88864
0.04,8.29837
0.06,10.0681
0.08,12.2419
0.1,14.781
0.12,17.4577
0.14,19.7595
0.16,20.9841
0.18,20.6576
0.2,18.9371
0.22,16.4696
0.24,13.9056
0.26,11.6237
0.28,9.75267
0.3,8.2866
0.32,7.17094
0.34,6.34521
0.36,5.75914
0.38,5.37679
0.4,5.17636
0.42,5.14864
0.44,5.29452
0.46,5.62011
0.48,6.12546
0.5,6.78109
0.52,7.49081
0.54,8.065
0.56,8.26898
0.58,7.97272
0.6,7.26115
0.62,6.35628
0.64,5.45866
0.66,4.67598
0.68,4.04005
0.7,3.5444
0.72,3.17012
0.74,2.89799
0.76,2.713
0.78,2.60545
0.8,2.57089
0.82,2.60964
0.84,2.72587
0.86,2.92531
0.88,3.20947
0.9,3.56346
0.92,3.93704
0.94,4.23232
0.96,4.33159
0.98,4.17514
1,3.81279
1.02,3.35925
1.04,2.91434
1.06,2.5303
1.08,2.22197
1.1,1.98592
1.12,1.81308
1.14,1.69466
1.16,1.6243
1.18,1.59865
1.2,1.61731
1.22,1.68243
1.24,1.79762
1.26,1.96513
1.28,2.1795
1.3,2.41664
1.32,2.62354
1.34,2.72694
1.36,2.67565
1.38,2.48322
1.4,2.21543
1.42,1.94016
1.44,1.6977
1.46,1.50243
1.48,1.35464
1.5,1.24969
1.52,1.18264
1.54,1.14999
1.56,1.15016
1.58,1.18327
1.6,1.2504
1.62,1.35181
1.64,1.48359
1.66,1.63133
1.68,1.76332
1.7,1.83386
1.72,1.80837
1.74,1.69213
1.76,1.5258
1.78,1.35394
1.8,1.20434
1.82,1.08783
1.84,1.00588
1.86,0.956627
1.88,0.937839
1.9,0.94761
1.92,0.983288
1.94,1.03868
1.96,1.10024
1.98,1.1463
2,1.15593
2.02,1.12459
2.04,1.06864
2.06,1.01225
2.08,0.973623
2.1,0.961165
2.12,0.974679
2.14,1.00551
2.16,1.03564
2.18,1.04162
2.2,1.00785
2.22,0.938554
2.24,0.853044
2.26,0.77077
2.28,0.703196
2.3,0.654633
2.32,0.625778
2.34,0.616314
2.36,0.626071
2.38,0.655069
2.4,0.702453
2.42,0.763992
2.44,0.828432
2.46,0.875896
2.48,0.88481
2.5,0.846988
2.52,0.774674
2.54,0.689776
2.56,0.609737
2.58,0.543122
2.6,0.492201
2.62,0.456424
2.64,0.434575
2.66,0.425713
2.68,0.429414
2.7,0.445545
2.72,0.473447
2.74,0.510286
2.76,0.548719
2.78,0.575985
2.8,0.578529
2.82,0.551573
2.84,0.50321
2.86,0.447305
2.88,0.394689
2.9,0.350576
2.92,0.316265
2.94,0.291293
2.96,0.274699
2.98,0.265458
3,0.262329
3.02,0.263283
3.04,0.26485
3.06,0.262417
3.08,0.252462
3.1,0.235114
3.12,0.213751
3.14,0.192162
3.16,0.172656
3.18,0.156019
3.2,0.142178
3.22,0.130734
3.24,0.121239
3.26,0.113296
3.28,0.106586
3.3,0.100865
3.32,0.0959471
3.34,0.0916941
3.36,0.0880043
3.38,0.0848023
3.4,0.0820287
3.42,0.079625
3.44,0.0775114
3.46,0.0755656
3.48,0.0736343
3.5,0.0716041
3.52,0.0694784
3.54,0.0673576
3.56,0.0653463
3.58,0.0634902
3.6,0.06177
3.62,0.0601293
3.64,0.0585189
3.66,0.0569315
3.68,0.0553946
3.7,0.0539378
3.72,0.0525746
3.74,0.0513042
3.76,0.0501184
3.78,0.0490072
3.8,0.0479611
3.82,0.046972
3.84,0.0460332
3.86,0.0451394
3.88,0.0442861
3.9,0.0434699
3.92,0.0426879
3.94,0.0419378
3.96,0.0412177
3.98,0.040526
4,0.0398605
