0,17.6271
0.02,20.9388
0.04,24.6426
0.06,28.3844
0.08,31.5155
0.1,33.2481
0.12,33.0819
0.14,31.1722
0.16,28.219
0.18,25.0125
0.2,22.106
0.22,19.7697
0.24,18.0829
0.26,17.0275
0.28,16.5354
0.3,16.4899
0.32,16.7011
0.34,16.8909
0.36,16.7515
0.38,16.0918
0.4,14.9535
0.42,13.5607
0.44,12.1607
0.46,10.9179
0.48,9.90424
0.5,9.13642
0.52,8.61037
0.54,8.31614
0.56,8.23727
0.58,8.34046
0.6,8.55902
0.62,8.77971
0.64,8.85829
0.66,8.68281
0.68,8.24547
0.7,7.64474
0.72,7.01481
0.74,6.45994
0.76,6.03622
0.78,5.76297
0.8,5.63671
0.82,5.63584
0.84,5.71607
0.86,5.80526
0.88,5.81498
0.9,5.67983
0.92,5.39877
0.94,5.03273
0.96,4.66126
0.98,4.34506
1,4.1169
1.02,3.9893
1.04,3.96291
1.06,4.02916
1.08,4.16611
1.1,4.33051
1.12,4.45561
1.14,4.47002
1.16,4.33695
1.18,4.07953
1.2,3.76204
1.22,3.44963
1.24,3.18497
1.26,2.98811
1.28,2.86543
1.3,2.81727
1.32,2.84153
1.34,2.93302
1.36,3.0789
1.38,3.25109
1.4,3.40122
1.42,3.46954
1.44,3.41407
1.46,3.2392
1.48,2.99152
1.5,2.72795
1.52,2.49012
1.54,2.29927
1.56,2.16272
1.58,2.08125
1.6,2.05371
1.62,2.07875
1.64,2.15424
1.66,2.27409
1.68,2.42273
1.7,2.56908
1.72,2.66754
1.74,2.67483
1.76,2.57682
1.78,2.39862
1.8,2.18581
1.82,1.97856
1.84,1.80051
1.86,1.66115
1.88,1.56217
1.9,1.50239
1.92,1.48033
1.94,1.49527
1.96,1.54695
1.98,1.63406
2,1.75104
2.02,1.88314
2.04,2.00234
2.06,2.07096
2.08,2.05867
2.1,1.96277
2.12,1.81002
2.14,1.63758
2.16,1.47447
2.18,1.33612
2.2,1.2278
2.22,1.14964
2.24,1.10008
2.26,1.07764
2.28,1.08155
2.3,1.1117
2.32,1.16776
2.34,1.24734
2.36,1.34268
2.38,1.43708
2.4,1.50461
2.42,1.51898
2.44,1.46937
2.46,1.36835
2.48,1.24235
2.5,1.11595
2.52,1.00413
2.54,0.913056
2.56,0.843786
2.58,0.795291
2.6,0.766183
2.62,0.755443
2.64,0.762524
2.66,0.786944
2.68,0.827232
2.7,0.879049
2.72,0.93287
2.74,0.973286
2.76,0.983462
2.78,0.954664
2.8,0.892516
2.82,0.812577
2.84,0.730549
2.86,0.656546
2.88,0.594993
2.9,0.546804
2.92,0.511333
2.94,0.487462
2.96,0.473954
2.98,0.469261
3,0.47091
3.02,0.474749
3.04,0.474904
3.06,0.465607
3.08,0.444402
3.1,0.413665
3.12,0.378566
3.14,0.343858
3.16,0.31233
3.18,0.28498
3.2,0.261763
3.22,0.24219
3.24,0.225662
3.26,0.211624
3.28,0.199603
3.3,0.189221
3.32,0.18018
3.34,0.172246
3.36,0.165239
3.38,0.159022
3.4,0.153488
3.42,0.148558
3.44,0.144172
3.46,0.140278
3.48,0.136826
3.5,0.133739
3.52,0.130897
3.54,0.128122
3.56,0.125225
3.58,0.122098
3.6,0.118778
3.62,0.115405
3.64,0.112123
3.66,0.10902
3.68,0.106131
3.7,0.10345
3.72,0.100961
3.74,0.0986392
3.76,0.0964641
3.78,0.0944164
3.8,0.0924801
3.82,0.0906423
3.84,0.0888922
3.86,0.0872208
3.88,0.0856208
3.9,0.0840861
3.92,0.0826113
3.94,0.0811919
3.96,0.0798242
3.98,0.0785048
4,0.0772309
