0,17.6235
0.02,20.936
0.04,24.6423
0.06,28.3897
0.08,31.5297
0.1,33.2721
0.12,33.111
0.14,31.1963
0.16,28.2263
0.18,24.9933
0.2,22.0533
0.22,19.6785
0.24,17.9505
0.26,16.8559
0.28,16.3379
0.3,16.3025
0.32,16.594
0.34,16.963
0.36,17.0846
0.38,16.6793
0.4,15.6768
0.42,14.2503
0.44,12.6788
0.46,11.191
0.48,9.91108
0.5,8.88009
0.52,8.09552
0.54,7.53954
0.56,7.194
0.58,7.04632
0.6,7.08996
0.62,7.32017
0.64,7.72355
0.66,8.25912
0.68,8.83342
0.7,9.28877
0.72,9.44197
0.74,9.18214
0.76,8.54852
0.78,7.69784
0.8,6.80068
0.82,5.97163
0.84,5.26204
0.86,4.68201
0.88,4.22241
0.9,3.86832
0.92,3.60544
0.94,3.42263
0.96,3.31263
0.98,3.27213
1,3.30159
1.02,3.40492
1.04,3.58863
1.06,3.85972
1.08,4.22065
1.1,4.65944
1.12,5.13424
1.14,5.55982
1.16,5.81752
1.18,5.80785
1.2,5.51716
1.22,5.02766
1.24,4.45841
1.26,3.90378
1.28,3.41379
1.3,3.00424
1.32,2.67267
1.34,2.40965
1.36,2.20464
1.38,2.04839
1.4,1.93374
1.42,1.85566
1.44,1.81118
1.46,1.79922
1.48,1.82049
1.5,1.87751
1.52,1.97452
1.54,2.11716
1.56,2.31143
1.58,2.56093
1.6,2.86118
1.62,3.19008
1.64,3.49793
1.66,3.70941
1.68,3.75263
1.7,3.60496
1.72,3.31007
1.74,2.94569
1.76,2.57951
1.78,2.25043
1.8,1.97261
1.82,1.74616
1.84,1.56538
1.86,1.4232
1.88,1.31319
1.9,1.23018
1.92,1.17037
1.94,1.1312
1.96,1.11133
1.98,1.11047
2,1.12937
2.02,1.16988
2.04,1.23485
2.06,1.32801
2.08,1.45331
2.1,1.61324
2.12,1.80531
2.14,2.01605
2.16,2.21458
2.18,2.35342
2.2,2.38624
2.22,2.29715
2.24,2.11261
2.26,1.88185
2.28,1.64852
2.3,1.43804
2.32,1.25989
2.34,1.11436
2.36,0.9979
2.38,0.906022
2.4,0.834608
2.42,0.780338
2.44,0.740761
2.46,0.714246
2.48,0.699903
2.5,0.697535
2.52,0.707602
2.54,0.731202
2.56,0.769998
2.58,0.825965
2.6,0.900713
2.62,0.993963
2.64,1.10075
2.66,1.2078
2.68,1.29203
2.7,1.3268
2.72,1.29679
2.74,1.2092
2.76,1.08815
2.78,0.959164
2.8,0.839108
2.82,0.735415
2.84,0.649445
2.86,0.57973
2.88,0.523929
2.9,0.479744
2.92,0.445268
2.94,0.419065
2.96,0.400137
2.98,0.387852
3,0.381815
3.02,0.381647
3.04,0.386585
3.06,0.394862
3.08,0.403071
3.1,0.406307
3.12,0.400003
3.14,0.382729
3.16,0.357152
3.18,0.327972
3.2,0.299227
3.22,0.273182
3.24,0.250605
3.26,0.231421
3.28,0.215209
3.3,0.201471
3.32,0.189748
3.34,0.179653
3.36,0.170873
3.38,0.163164
3.4,0.156331
3.42,0.150222
3.44,0.144718
3.46,0.139723
3.48,0.13516
3.5,0.130967
3.52,0.127096
3.54,0.123504
3.56,0.120157
3.58,0.117027
3.6,0.11409
3.62,0.111326
3.64,0.108719
3.66,0.106253
3.68,0.103917
3.7,0.1017
3.72,0.0995932
3.74,0.09759
3.76,0.0956843
3.78,0.0938717
3.8,0.0921487
3.82,0.0905121
3.84,0.0889581
3.86,0.0874796
3.88,0.0860626
3.9,0.0846836
3.92,0.0833129
3.94,0.0819269
3.96,0.080523
3.98,0.079119
4,0.0777391
