0,0.454969
0.02,0.500647
0.04,0.553492
0.06,0.615043
0.08,0.687254
0.1,0.772635
0.12,0.874431
0.14,0.996883
0.16,1.14557
0.18,1.32788
0.2,1.5536
0.22,1.83568
0.24,2.19091
0.26,2.64016
0.28,3.20694
0.3,3.9112
0.32,4.75333
0.34,5.68234
0.36,6.55602
0.38,7.14035
0.4,7.21769
0.42,6.75579
0.44,5.93702
0.46,5.00682
0.48,4.13559
0.5,3.39531
0.52,2.79563
0.54,2.31971
0.56,1.94412
0.58,1.64704
0.6,1.41056
0.62,1.22081
0.64,1.06723
0.66,0.941882
0.68,0.838791
0.7,0.753426
0.72,0.682343
0.74,0.622901
0.76,0.573067
0.78,0.531268
0.8,0.496282
0.82,0.467164
0.84,0.44319
0.86,0.423812
0.88,0.408635
0.9,0.397396
0.92,0.389953
0.94,0.386281
0.96,0.386481
0.98,0.390786
1,0.399585
1.02,0.413459
1.04,0.433228
1.06,0.460022
1.08,0.495379
1.1,0.541377
1.12,0.600806
1.14,0.677378
1.16,0.775919
1.18,0.902431
1.2,1.06366
1.22,1.26544
1.24,1.5086
1.26,1.78106
1.28,2.04718
1.3,2.24344
1.32,2.30049
1.34,2.19201
1.36,1.95908
1.38,1.67549
1.4,1.40017
1.42,1.16164
1.44,0.966412
1.46,0.810646
1.48,0.687391
1.5,0.58977
1.52,0.512023
1.54,0.44963
1.56,0.399154
1.58,0.358001
1.6,0.324225
1.62,0.296357
1.64,0.27329
1.66,0.254183
1.68,0.2384
1.7,0.22546
1.72,0.215006
1.74,0.206784
1.76,0.20062
1.78,0.196421
1.8,0.194162
1.82,0.193892
1.84,0.195738
1.86,0.199914
1.88,0.206731
1.9,0.216612
1.92,0.230117
1.94,0.247993
1.96,0.271304
1.98,0.301588
2,0.340937
2.02,0.391918
2.04,0.457227
2.06,0.538731
2.08,0.635181
2.1,0.738127
2.12,0.827935
2.14,0.876771
2.16,0.86456
2.18,0.795761
2.2,0.695318
2.22,0.589472
2.24,0.493933
2.26,0.414222
2.28,0.350197
2.3,0.299582
2.32,0.25974
2.34,0.228336
2.36,0.203487
2.38,0.183729
2.4,0.167945
2.42,0.155328
2.44,0.145339
2.46,0.137639
2.48,0.132023
2.5,0.128376
2.52,0.126675
2.54,0.126995
2.56,0.129524
2.58,0.134588
2.6,0.142667
2.62,0.154414
2.64,0.170617
2.66,0.192042
2.68,0.218971
2.7,0.250203
2.72,0.281583
2.74,0.305248
2.76,0.312299
2.78,0.299024
2.8,0.270182
2.82,0.234838
2.84,0.200371
2.86,0.170412
2.88,0.145821
2.9,0.126122
2.92,0.110393
2.94,0.0976938
2.96,0.087259
2.98,0.0785568
3,0.0712423
3.02,0.0650705
3.04,0.0598432
3.06,0.0553882
3.08,0.0515547
3.1,0.0482179
3.12,0.0452853
3.14,0.0426928
3.16,0.0403928
3.18,0.0383456
3.2,0.0365161
3.22,0.0348739
3.24,0.0333937
3.26,0.0320546
3.28,0.0308397
3.3,0.029736
3.32,0.0287334
3.34,0.0278247
3.36,0.0270053
3.38,0.0262728
3.4,0.025626
3.42,0.025062
3.44,0.0245709
3.46,0.0241262
3.48,0.0236791
3.5,0.0231702
3.52,0.0225669
3.54,0.0218896
3.56,0.0211915
3.58,0.0205198
3.6,0.0198987
3.62,0.0193325
3.64,0.0188141
3.66,0.0183314
3.68,0.0178729
3.7,0.0174328
3.72,0.0170114
3.74,0.0166108
3.76,0.0162321
3.78,0.0158746
3.8,0.0155367
3.82,0.0152162
3.84,0.0149112
3.86,0.0146195
3.88,0.0143393
3.9,0.0140691
3.92,0.0138081
3.94,0.013556
3.96,0.0133127
3.98,0.0130778
4,0.012851
