0,0.569453
0.02,0.58559
0.04,0.601969
0.06,0.618551
0.08,0.635292
0.1,0.652138
0.12,0.669033
0.14,0.685912
0.16,0.702702
0.18,0.719327
0.2,0.735703
0.22,0.751739
0.24,0.767343
0.26,0.782415
0.28,0.796856
0.3,0.810564
0.32,0.823437
0.34,0.835378
0.36,0.846291
0.38,0.856088
0.4,0.864689
0.42,0.872025
0.44,0.878036
0.46,0.882678
0.48,0.88592
0.5,0.887749
0.52,0.888164
0.54,0.887183
0.56,0.884838
0.58,0.881176
0.6,0.876259
0.62,0.870157
0.64,0.862956
0.66,0.854746
0.68,0.845625
0.7,0.835696
0.72,0.825065
0.74,0.813837
0.76,0.802116
0.78,0.790007
0.8,0.777607
0.82,0.765011
0.84,0.752307
0.86,0.739577
0.88,0.726897
0.9,0.714336
0.92,0.701955
0.94,0.689809
0.96,0.677946
0.98,0.666408
1,0.655228
1.02,0.644436
1.04,0.634053
1.06,0.624099
1.08,0.614584
1.1,0.605516
1.12,0.596897
1.14,0.588726
1.16,0.580996
1.18,0.573699
1.2,0.56682
1.22,0.560343
1.24,0.554248
1.26,0.548511
1.28,0.543107
1.3,0.538007
1.32,0.53318
1.34,0.528592
1.36,0.524209
1.38,0.519994
1.4,0.515911
1.42,0.511921
1.44,0.507986
1.46,0.50407
1.48,0.500135
1.5,0.496148
1.52,0.492076
1.54,0.48789
1.56,0.483564
1.58,0.479075
1.6,0.474407
1.62,0.469545
1.64,0.464481
1.66,0.459211
1.68,0.453735
1.7,0.448059
1.72,0.442192
1.74,0.436148
1.76,0.429941
1.78,0.423592
1.8,0.417123
1.82,0.410555
1.84,0.403913
1.86,0.397222
1.88,0.390506
1.9,0.383789
1.92,0.377094
1.94,0.370444
1.96,0.363857
1.98,0.357354
2,0.350951
2.02,0.344661
2.04,0.338499
2.06,0.332474
2.08,0.326594
2.1,0.320866
2.12,0.315294
2.14,0.30988
2.16,0.304623
2.18,0.299523
2.2,0.294576
2.22,0.289777
2.24,0.285121
2.26,0.280599
2.28,0.276203
2.3,0.271923
2.32,0.26775
2.34,0.263673
2.36,0.259679
2.38,0.255759
2.4,0.2519
2.42,0.248092
2.44,0.244324
2.46,0.240587
2.48,0.236871
2.5,0.233168
2.52,0.229472
2.54,0.225776
2.56,0.222078
2.58,0.218373
2.6,0.21466
2.62,0.210939
2.64,0.207211
2.66,0.203477
2.68,0.199741
2.7,0.196007
2.72,0.192277
2.74,0.188559
2.76,0.184856
2.78,0.181175
2.8,0.17752
2.82,0.173898
2.84,0.170313
2.86,0.16677
2.88,0.163275
2.9,0.159831
2.92,0.156442
2.94,0.153111
2.96,0.149843
2.98,0.146638
3,0.1435
3.02,0.140429
3.04,0.137427
3.06,0.134495
3.08,0.131632
3.1,0.12884
3.12,0.126119
3.14,0.123466
3.16,0.120883
3.18,0.118369
3.2,0.115921
3.22,0.11354
3.24,0.111224
3.26,0.108971
3.28,0.10678
3.3,0.10465
3.32,0.102578
3.34,0.100565
3.36,0.0986071
3.38,0.0967037
3.4,0.094853
3.42,0.0930535
3.44,0.0913036
3.46,0.0896017
3.48,0.0879465
3.5,0.0863363
3.52,0.0847697
3.54,0.0832454
3.56,0.081762
3.58,0.0803181
3.6,0.0789125
3.62,0.0775439
3.64,0.0762111
3.66,0.074913
3.68,0.0736484
3.7,0.0724163
3.72,0.0712156
3.74,0.0700452
3.76,0.0689043
3.78,0.0677919
3.8,0.066707
3.82,0.0656488
3.84,0.0646164
3.86,0.063609
3.88,0.0626259
3.9,0.0616663
3.92,0.0607294
3.94,0.0598145
3.96,0.058921
3.98,0.0580482
4,0.0571955
