0,15.5245
0.02,18.838
0.04,22.7837
0.06,27.1127
0.08,31.1553
0.1,33.8397
0.12,34.2167
0.14,32.2141
0.16,28.7101
0.18,24.8227
0.2,21.3131
0.22,18.508
0.24,16.4698
0.26,15.1537
0.28,14.489
0.3,14.3968
0.32,14.7626
0.34,15.3767
0.36,15.889
0.38,15.8906
0.4,15.1579
0.42,13.8246
0.44,12.2457
0.46,10.7373
0.48,9.46538
0.5,8.47862
0.52,7.77296
0.54,7.3315
0.56,7.13875
0.58,7.18025
0.6,7.43099
0.62,7.83025
0.64,8.24989
0.66,8.4945
0.68,8.38783
0.7,7.90425
0.72,7.1876
0.74,6.43042
0.76,5.76739
0.78,5.25884
0.8,4.91935
0.82,4.74456
0.84,4.72323
0.86,4.83511
0.88,5.03732
0.9,5.24746
0.92,5.34968
0.94,5.25165
0.96,4.95552
0.98,4.55357
1,4.15445
1.02,3.82994
1.04,3.61178
1.06,3.50845
1.08,3.51761
1.1,3.62787
1.12,3.81012
1.14,4.00405
1.16,4.11908
1.18,4.07465
1.2,3.86035
1.22,3.54322
1.24,3.21188
1.26,2.92825
1.28,2.72059
1.3,2.59687
1.32,2.5571
1.34,2.59883
1.36,2.71588
1.38,2.89072
1.4,3.08236
1.42,3.22162
1.44,3.23565
1.46,3.09885
1.48,2.85438
1.5,2.57639
1.52,2.32319
1.54,2.12376
1.56,1.98688
1.58,1.91272
1.6,1.8997
1.62,1.94673
1.64,2.05181
1.66,2.20657
1.68,2.38658
1.7,2.54282
1.72,2.61087
1.74,2.54886
1.76,2.37214
1.78,2.13885
1.8,1.90649
1.82,1.70849
1.84,1.55683
1.86,1.45244
1.88,1.39279
1.9,1.3757
1.92,1.40059
1.94,1.46802
1.96,1.57752
1.98,1.72241
2,1.88162
2.02,2.01335
2.04,2.06514
2.06,2.00676
2.08,1.85591
2.1,1.66211
2.12,1.47108
2.14,1.30805
2.16,1.18125
2.18,1.09043
2.2,1.03281
2.22,1.0059
2.24,1.00858
2.26,1.04114
2.28,1.10443
2.3,1.19771
2.32,1.31402
2.34,1.4338
2.36,1.52206
2.38,1.54079
2.4,1.47576
2.42,1.34891
2.44,1.19919
2.46,1.0575
2.48,0.938923
2.5,0.847349
2.52,0.781624
2.54,0.73936
2.56,0.718644
2.58,0.718588
2.6,0.73924
2.62,0.78087
2.64,0.842196
2.66,0.917008
2.68,0.989936
2.7,1.03623
2.72,1.03279
2.74,0.975708
2.76,0.883577
2.78,0.781863
2.8,0.688471
2.82,0.611192
2.84,0.55145
2.86,0.508057
2.88,0.479316
2.9,0.463848
2.92,0.460664
2.94,0.468675
2.96,0.485522
2.98,0.505822
3,0.520166
3.02,0.517868
3.04,0.493932
3.06,0.453106
3.08,0.405414
3.1,0.359234
3.12,0.31873
3.14,0.284881
3.16,0.257136
3.18,0.23447
3.2,0.215864
3.22,0.200456
3.24,0.187569
3.26,0.176688
3.28,0.167427
3.3,0.159499
3.32,0.152695
3.34,0.146865
3.36,0.141906
3.38,0.137734
3.4,0.134259
3.42,0.131326
3.44,0.12865
3.46,0.12582
3.48,0.122469
3.5,0.118533
3.52,0.114274
3.54,0.110047
3.56,0.106087
3.58,0.10248
3.6,0.0992253
3.62,0.0962826
3.64,0.093605
3.66,0.0911494
3.68,0.0888802
3.7,0.086769
3.72,0.0847932
3.74,0.082935
3.76,0.0811803
3.78,0.0795177
3.8,0.0779384
3.82,0.0764349
3.84,0.0750017
3.86,0.0736341
3.88,0.0723288
3.9,0.0710832
3.92,0.0698942
3.94,0.0687576
3.96,0.0676644
3.98,0.0665996
4,0.0655446
