0,15.5212
0.02,18.8344
0.04,22.7805
0.06,27.1119
0.08,31.1597
0.1,33.852
0.12,34.236
0.14,32.2346
0.16,28.724
0.18,24.8234
0.2,21.2964
0.22,18.4707
0.24,16.4087
0.26,15.0658
0.28,14.3736
0.3,14.2606
0.32,14.6307
0.34,15.3042
0.36,15.9588
0.38,16.1667
0.4,15.6164
0.42,14.3499
0.44,12.7061
0.46,11.0493
0.48,9.59869
0.5,8.43224
0.52,7.55071
0.54,6.92815
0.56,6.53764
0.58,6.36117
0.6,6.39142
0.62,6.62799
0.64,7.06618
0.66,7.67298
0.68,8.34884
0.7,8.89908
0.72,9.08089
0.74,8.75551
0.76,8.00478
0.78,7.05503
0.8,6.11341
0.82,5.29204
0.84,4.62443
0.86,4.10425
0.88,3.71218
0.9,3.42859
0.92,3.23828
0.94,3.13168
0.96,3.10486
0.98,3.15933
1,3.30151
1.02,3.54137
1.04,3.88842
1.06,4.3416
1.08,4.86934
1.1,5.38304
1.12,5.7322
1.14,5.76799
1.16,5.45476
1.18,4.90146
1.2,4.26899
1.22,3.67443
1.24,3.16979
1.26,2.76417
1.28,2.44793
1.3,2.20665
1.32,2.027
1.34,1.89866
1.36,1.81452
1.38,1.7705
1.4,1.7653
1.42,1.8003
1.44,1.87954
1.46,2.00966
1.48,2.19922
1.5,2.4564
1.52,2.78271
1.54,3.16006
1.56,3.53266
1.58,3.80083
1.6,3.85947
1.62,3.67458
1.64,3.31352
1.66,2.88689
1.68,2.47933
1.7,2.13034
1.72,1.84814
1.74,1.62675
1.76,1.45625
1.78,1.32716
1.8,1.23189
1.82,1.16494
1.84,1.12274
1.86,1.10344
1.88,1.10671
1.9,1.1338
1.92,1.18752
1.94,1.27229
1.96,1.39393
1.98,1.55856
2,1.76937
2.02,2.01936
2.04,2.27967
2.06,2.491
2.08,2.57893
2.1,2.50198
2.12,2.28756
2.14,2.00738
2.16,1.72636
2.18,1.47945
2.2,1.27694
2.22,1.11667
2.24,0.992287
2.26,0.897128
2.28,0.825653
2.3,0.77371
2.32,0.738461
2.34,0.718227
2.36,0.712363
2.38,0.721206
2.4,0.746077
2.42,0.789294
2.44,0.854067
2.46,0.943967
2.48,1.06129
2.5,1.20323
2.52,1.3553
2.54,1.48535
2.56,1.54945
2.58,1.51798
2.6,1.40062
2.62,1.23755
2.64,1.06913
2.66,0.918799
2.68,0.794472
2.7,0.695675
2.72,0.618909
2.74,0.560304
2.76,0.516603
2.78,0.485422
2.8,0.465232
2.82,0.455276
2.84,0.455472
2.86,0.466269
2.88,0.488316
2.9,0.521664
2.92,0.564113
2.94,0.608695
2.96,0.642214
2.98,0.649279
3,0.622672
3.02,0.569552
3.04,0.505012
3.06,0.441765
3.08,0.386222
3.1,0.34
3.12,0.302385
3.14,0.271926
3.16,0.247156
3.18,0.226832
3.2,0.209973
3.22,0.195826
3.24,0.183824
3.26,0.173535
3.28,0.164635
3.3,0.156876
3.32,0.150071
3.34,0.144079
3.36,0.138795
3.38,0.134144
3.4,0.130077
3.42,0.126561
3.44,0.123571
3.46,0.121066
3.48,0.11894
3.5,0.116974
3.52,0.114822
3.54,0.112166
3.56,0.108935
3.58,0.105359
3.6,0.101759
3.62,0.0983573
3.64,0.0952437
3.66,0.0924228
3.68,0.0898639
3.7,0.0875276
3.72,0.0853777
3.74,0.0833837
3.76,0.0815216
3.78,0.079772
3.8,0.0781198
3.82,0.076553
3.84,0.0750619
3.86,0.0736385
3.88,0.0722763
3.9,0.0709697
3.92,0.0697141
3.94,0.0685055
3.96,0.0673404
3.98,0.0662159
4,0.0651291
