0,0.735232
0.02,0.742481
0.04,0.748876
0.06,0.754455
0.08,0.759276
0.1,0.763407
0.12,0.766935
0.14,0.769952
0.16,0.772562
0.18,0.77487
0.2,0.776989
0.22,0.779026
0.24,0.78109
0.26,0.783284
0.28,0.785704
0.3,0.78844
0.32,0.791571
0.34,0.795167
0.36,0.799286
0.38,0.803976
0.4,0.809271
0.42,0.815194
0.44,0.821755
0.46,0.828948
0.48,0.836756
0.5,0.845147
0.52,0.854075
0.54,0.863478
0.56,0.873283
0.58,0.883398
0.6,0.893721
0.62,0.904134
0.64,0.914508
0.66,0.924701
0.68,0.934565
0.7,0.943944
0.72,0.952676
0.74,0.960603
0.76,0.967567
0.78,0.973418
0.8,0.978018
0.82,0.981246
0.84,0.982997
0.86,0.983192
0.88,0.981774
0.9,0.978717
0.92,0.974019
0.94,0.967707
0.96,0.959837
0.98,0.950485
1,0.939752
1.02,0.927757
1.04,0.914631
1.06,0.900518
1.08,0.885567
1.1,0.86993
1.12,0.853758
1.14,0.837199
1.16,0.820393
1.18,0.803472
1.2,0.786561
1.22,0.769769
1.24,0.753198
1.26,0.736935
1.28,0.721057
1.3,0.705629
1.32,0.690703
1.34,0.676325
1.36,0.662526
1.38,0.64933
1.4,0.636754
1.42,0.624804
1.44,0.61348
1.46,0.602776
1.48,0.592678
1.5,0.583166
1.52,0.574217
1.54,0.565801
1.56,0.557884
1.58,0.550427
1.6,0.543388
1.62,0.536722
1.64,0.530382
1.66,0.524318
1.68,0.518479
1.7,0.512815
1.72,0.507275
1.74,0.50181
1.76,0.496374
1.78,0.490924
1.8,0.48542
1.82,0.479831
1.84,0.474126
1.86,0.468284
1.88,0.46229
1.9,0.456133
1.92,0.449811
1.94,0.443326
1.96,0.436685
1.98,0.429903
2,0.422994
2.02,0.415979
2.04,0.408881
2.06,0.401724
2.08,0.394532
2.1,0.387331
2.12,0.380146
2.14,0.373
2.16,0.365917
2.18,0.358916
2.2,0.352017
2.22,0.345235
2.24,0.338585
2.26,0.332076
2.28,0.325716
2.3,0.319511
2.32,0.313462
2.34,0.30757
2.36,0.301831
2.38,0.296241
2.4,0.290791
2.42,0.285475
2.44,0.28028
2.46,0.275198
2.48,0.270216
2.5,0.265322
2.52,0.260506
2.54,0.255756
2.56,0.251062
2.58,0.246415
2.6,0.241808
2.62,0.237234
2.64,0.232689
2.66,0.228168
2.68,0.223671
2.7,0.219197
2.72,0.214746
2.74,0.21032
2.76,0.205922
2.78,0.201556
2.8,0.197225
2.82,0.192934
2.84,0.188688
2.86,0.184491
2.88,0.180349
2.9,0.176266
2.92,0.172247
2.94,0.168296
2.96,0.164418
2.98,0.160615
3,0.156891
3.02,0.153248
3.04,0.14969
3.06,0.146216
3.08,0.142829
3.1,0.13953
3.12,0.136319
3.14,0.133195
3.16,0.130158
3.18,0.127209
3.2,0.124344
3.22,0.121564
3.24,0.118867
3.26,0.11625
3.28,0.113713
3.3,0.111253
3.32,0.108868
3.34,0.106556
3.36,0.104314
3.38,0.102142
3.4,0.100035
3.42,0.0979933
3.44,0.0960133
3.46,0.0940933
3.48,0.0922311
3.5,0.0904247
3.52,0.0886721
3.54,0.0869714
3.56,0.0853207
3.58,0.0837183
3.6,0.0821624
3.62,0.0806513
3.64,0.0791834
3.66,0.0777571
3.68,0.0763709
3.7,0.0750234
3.72,0.0737133
3.74,0.072439
3.76,0.0711995
3.78,0.0699934
3.8,0.0688196
3.82,0.0676769
3.84,0.0665643
3.86,0.0654806
3.88,0.0644249
3.9,0.0633962
3.92,0.0623936
3.94,0.0614162
3.96,0.0604631
3.98,0.0595336
4,0.0586267
