0,18.1386
0.02,18.1443
0.04,17.3816
0.06,16.3727
0.08,15.5819
0.1,15.2835
0.12,15.6061
0.14,16.6006
0.16,18.2573
0.18,20.4528
0.2,22.8367
0.22,24.7564
0.24,25.4406
0.26,24.5021
0.28,22.2644
0.3,19.4645
0.32,16.7385
0.34,14.4152
0.36,12.5883
0.38,11.2444
0.4,10.3414
0.42,9.83861
0.44,9.70175
0.46,9.89025
0.48,10.3265
0.5,10.8514
0.52,11.208
0.54,11.1323
0.56,10.5337
0.58,9.56704
0.6,8.493
0.62,7.51352
0.64,6.72596
0.66,6.15619
0.68,5.79891
0.7,5.63996
0.72,5.66127
0.74,5.83151
0.76,6.08573
0.78,6.30895
0.8,6.36099
0.82,6.16061
0.84,5.7516
0.86,5.26189
0.88,4.81196
0.9,4.47117
0.92,4.26519
0.94,4.19429
0.96,4.24048
0.98,4.36132
1,4.48108
1.02,4.50484
1.04,4.37181
1.06,4.10278
1.08,3.77893
1.1,3.48137
1.12,3.259
1.14,3.13208
1.16,3.10522
1.18,3.17414
1.2,3.32258
1.22,3.5112
1.24,3.6688
1.26,3.70973
1.28,3.58695
1.3,3.33049
1.32,3.01932
1.34,2.72524
1.36,2.48803
1.38,2.32188
1.4,2.22874
1.42,2.20729
1.44,2.25626
1.46,2.37313
1.48,2.54795
1.5,2.75218
1.52,2.92897
1.54,3.00389
1.56,2.92886
1.58,2.72189
1.6,2.45006
1.62,2.17941
1.64,1.94816
1.66,1.76984
1.68,1.6452
1.7,1.57107
1.72,1.54462
1.74,1.56494
1.76,1.63278
1.78,1.74857
1.8,1.90756
1.82,2.09111
1.84,2.25772
1.86,2.34769
1.88,2.31537
1.9,2.16616
1.92,1.95126
1.94,1.72743
1.96,1.53008
1.98,1.37283
2,1.25709
2.02,1.17989
2.04,1.13799
2.06,1.12953
2.08,1.1544
2.1,1.21379
2.12,1.30858
2.14,1.4356
2.16,1.58102
2.18,1.71323
2.2,1.78616
2.22,1.76383
2.24,1.64943
2.26,1.48221
2.28,1.30636
2.3,1.14968
2.32,1.02285
2.34,0.926843
2.36,0.859008
2.38,0.816335
2.4,0.796741
2.42,0.799457
2.44,0.824942
2.46,0.874336
2.48,0.948
2.5,1.04237
2.52,1.14484
2.54,1.22972
2.56,1.26421
2.58,1.22879
2.6,1.13388
2.62,1.0103
2.64,0.886937
2.66,0.779807
2.68,0.694074
2.7,0.629377
2.72,0.583581
2.74,0.554601
2.76,0.541059
2.78,0.542382
2.8,0.558503
2.82,0.589012
2.84,0.631386
2.86,0.678207
2.88,0.715211
2.9,0.724966
2.92,0.697991
2.94,0.640742
2.96,0.569633
2.98,0.49933
3,0.437615
3.02,0.386707
3.04,0.346049
3.06,0.314183
3.08,0.289622
3.1,0.271142
3.12,0.257781
3.14,0.248675
3.16,0.242735
3.18,0.238265
3.2,0.232923
3.22,0.224601
3.24,0.212814
3.26,0.198917
3.28,0.184821
3.3,0.171836
3.32,0.160468
3.34,0.150724
3.36,0.142402
3.38,0.135256
3.4,0.129064
3.42,0.123641
3.44,0.118843
3.46,0.114558
3.48,0.110701
3.5,0.107205
3.52,0.10402
3.54,0.101107
3.56,0.098438
3.58,0.0959924
3.6,0.0937554
3.62,0.0917153
3.64,0.0898568
3.66,0.088149
3.68,0.0865307
3.7,0.0849084
3.72,0.0831932
3.74,0.081362
3.76,0.0794715
3.78,0.0776049
3.8,0.0758204
3.82,0.0741411
3.84,0.0725671
3.86,0.0710887
3.88,0.0696945
3.9,0.0683733
3.92,0.067116
3.94,0.065915
3.96,0.0647642
3.98,0.0636586
4,0.0625943
