0,18.1614
0.02,18.168
0.04,17.395
0.06,16.3651
0.08,15.5451
0.1,15.2118
0.12,15.4953
0.14,16.4499
0.16,18.0765
0.18,20.2757
0.2,22.7367
0.22,24.839
0.24,25.7807
0.26,25.06
0.28,22.8912
0.3,20.0015
0.32,17.0908
0.34,14.5538
0.36,12.5196
0.38,10.9789
0.4,9.87714
0.42,9.15834
0.44,8.78201
0.46,8.72501
0.48,8.97454
0.5,9.50929
0.52,10.2622
0.54,11.0685
0.56,11.6431
0.58,11.6803
0.6,11.0655
0.62,9.97053
0.64,8.69981
0.66,7.49274
0.68,6.46328
0.7,5.6365
0.72,4.99681
0.74,4.51754
0.76,4.17398
0.78,3.94786
0.8,3.82832
0.82,3.81174
0.84,3.90113
0.86,4.10498
0.88,4.43388
0.9,4.89189
0.92,5.45797
0.94,6.05635
0.96,6.53585
0.98,6.71026
1,6.47917
1.02,5.91444
1.04,5.19527
1.06,4.48143
1.08,3.85781
1.1,3.34886
1.12,2.94876
1.14,2.64182
1.16,2.41198
1.18,2.24622
1.2,2.13534
1.22,2.07382
1.24,2.05958
1.26,2.09381
1.28,2.18088
1.3,2.32815
1.32,2.54492
1.34,2.83919
1.36,3.20938
1.38,3.62831
1.4,4.02345
1.42,4.27746
1.44,4.28309
1.46,4.0266
1.48,3.59987
1.5,3.12421
1.52,2.68298
1.54,2.31104
1.56,2.01295
1.58,1.78055
1.6,1.60276
1.62,1.46952
1.64,1.37304
1.66,1.30786
1.68,1.27068
1.7,1.26012
1.72,1.27662
1.74,1.32248
1.76,1.40184
1.78,1.52061
1.8,1.68564
1.82,1.90216
1.84,2.16742
1.86,2.459
1.88,2.72213
1.9,2.87482
1.92,2.85139
1.94,2.65585
1.96,2.35812
1.98,2.03837
2,1.7474
2.02,1.50448
2.04,1.31062
2.06,1.1596
2.08,1.04388
2.1,0.95679
2.12,0.893214
2.14,0.849568
2.16,0.82364
2.18,0.814444
2.2,0.82214
2.22,0.84803
2.24,0.894586
2.26,0.965401
2.28,1.06477
2.3,1.19628
2.32,1.35915
2.34,1.54135
2.36,1.71122
2.38,1.81835
2.4,1.81796
2.42,1.70616
2.44,1.52337
2.46,1.32112
2.48,1.13418
2.5,0.976795
2.52,0.850597
2.54,0.752026
2.56,0.676362
2.58,0.619371
2.6,0.577791
2.62,0.549369
2.64,0.532776
2.66,0.527518
2.68,0.533879
2.7,0.552868
2.72,0.586088
2.74,0.635287
2.76,0.701164
2.78,0.780765
2.8,0.863405
2.82,0.928045
2.84,0.949361
2.86,0.914559
2.88,0.834483
2.9,0.733897
2.92,0.634275
2.94,0.546758
2.96,0.474369
2.98,0.416127
3,0.369748
3.02,0.332891
3.04,0.303595
3.06,0.280351
3.08,0.26206
3.1,0.247966
3.12,0.237573
3.14,0.23056
3.16,0.226633
3.18,0.225268
3.2,0.225311
3.22,0.224695
3.24,0.220907
3.26,0.212508
3.28,0.200269
3.3,0.186383
3.32,0.172846
3.34,0.160711
3.36,0.150256
3.38,0.141369
3.4,0.133806
3.42,0.12732
3.44,0.121694
3.46,0.116758
3.48,0.112378
3.5,0.108451
3.52,0.104899
3.54,0.101658
3.56,0.0986817
3.58,0.0959303
3.6,0.0933734
3.62,0.0909862
3.64,0.0887482
3.66,0.0866426
3.68,0.0846553
3.7,0.0827746
3.72,0.0809906
3.74,0.0792948
3.76,0.0776804
3.78,0.0761414
3.8,0.0746729
3.82,0.0732712
3.84,0.0719334
3.86,0.0706574
3.88,0.0694416
3.9,0.0682841
3.92,0.0671807
3.94,0.0661214
3.96,0.0650877
3.98,0.0640561
4,0.0630103
