0,10.1303
0.02,12.2467
0.04,14.8734
0.06,18.0145
0.08,21.4884
0.1,24.7796
0.12,27.033
0.14,27.4442
0.16,25.8831
0.18,23.0151
0.2,19.7498
0.22,16.7272
0.24,14.2265
0.26,12.298
0.28,10.8967
0.3,9.95761
0.32,9.42597
0.34,9.26466
0.36,9.44638
0.38,9.93078
0.4,10.622
0.42,11.3185
0.44,11.7157
0.46,11.5444
0.48,10.7729
0.5,9.6269
0.52,8.39963
0.54,7.29043
0.56,6.38245
0.58,5.68782
0.6,5.19056
0.62,4.87024
0.64,4.71164
0.66,4.70675
0.68,4.85181
0.7,5.13821
0.72,5.53392
0.74,5.95713
0.76,6.26476
0.78,6.30197
0.8,6.00983
0.82,5.47548
0.84,4.855
0.86,4.27249
0.88,3.78857
0.9,3.41865
0.92,3.15744
0.94,2.99404
0.96,2.91909
0.98,2.92806
1,3.02104
1.02,3.19775
1.04,3.44625
1.06,3.72653
1.08,3.95867
1.1,4.04231
1.12,3.91975
1.14,3.62479
1.16,3.2518
1.18,2.88803
1.2,2.58187
1.22,2.34964
1.24,2.19184
1.26,2.1044
1.28,2.08385
1.3,2.12845
1.32,2.23618
1.34,2.39879
1.36,2.59154
1.38,2.76342
1.4,2.84513
1.42,2.78851
1.44,2.60605
1.46,2.35917
1.48,2.11146
1.5,1.90127
1.52,1.74328
1.54,1.63967
1.56,1.58862
1.58,1.58829
1.6,1.63761
1.62,1.73412
1.64,1.86858
1.66,2.01646
1.68,2.13291
1.7,2.16608
1.72,2.09157
1.74,1.93335
1.76,1.74238
1.78,1.56213
1.8,1.41552
1.82,1.30998
1.84,1.24579
1.86,1.22147
1.88,1.23593
1.9,1.28834
1.92,1.37569
1.94,1.4876
1.96,1.59968
1.98,1.67299
2,1.67107
2.02,1.58732
2.04,1.45063
2.06,1.30108
2.08,1.16729
2.1,1.06221
2.12,0.989013
2.14,0.947008
2.16,0.934968
2.18,0.952246
2.2,0.998351
2.22,1.0708
2.24,1.16087
2.26,1.24841
2.28,1.30228
2.3,1.29492
2.32,1.2236
2.34,1.11257
2.36,0.993048
2.38,0.886391
2.4,0.801794
2.42,0.741117
2.44,0.703417
2.46,0.687416
2.48,0.692427
2.5,0.718251
2.52,0.764078
2.54,0.825988
2.56,0.893125
2.58,0.94541
2.6,0.959495
2.62,0.924297
2.64,0.850477
2.66,0.760888
2.68,0.675016
2.7,0.603012
2.72,0.547942
2.74,0.509544
2.76,0.486662
2.78,0.478299
2.8,0.483766
2.82,0.502093
2.84,0.530588
2.86,0.562623
2.88,0.586399
2.9,0.588496
2.92,0.56277
2.94,0.515465
2.96,0.459493
2.98,0.405645
3,0.359367
3.02,0.322095
3.04,0.293352
3.06,0.272062
3.08,0.257055
3.1,0.247051
3.12,0.240334
3.14,0.234461
3.16,0.226678
3.18,0.215341
3.2,0.200981
3.22,0.185547
3.24,0.170841
3.26,0.157791
3.28,0.146605
3.3,0.137126
3.32,0.129087
3.34,0.122221
3.36,0.116301
3.38,0.111148
3.4,0.106623
3.42,0.10262
3.44,0.0990619
3.46,0.0958904
3.48,0.0930641
3.5,0.0905533
3.52,0.0883325
3.54,0.0863674
3.56,0.0845943
3.58,0.0828998
3.6,0.0811353
3.62,0.0791932
3.64,0.0770854
3.66,0.0749217
3.68,0.0728178
3.7,0.0708403
3.72,0.0690082
3.74,0.0673149
3.76,0.0657445
3.78,0.0642797
3.8,0.0629055
3.82,0.0616093
3.84,0.0603812
3.86,0.0592131
3.88,0.0580985
3.9,0.057032
3.92,0.0560094
3.94,0.055027
3.96,0.054082
3.98,0.0531718
4,0.0522943
