0,10.1294
0.02,12.2456
0.04,14.872
0.06,18.013
0.08,21.4869
0.1,24.7786
0.12,27.0331
0.14,27.4455
0.16,25.8853
0.18,23.0174
0.2,19.7516
0.22,16.7281
0.24,14.2264
0.26,12.2967
0.28,10.8942
0.3,9.95359
0.32,9.42024
0.34,9.25708
0.36,9.43716
0.38,9.92111
0.4,10.615
0.42,11.3195
0.44,11.7303
0.46,11.5737
0.48,10.8106
0.5,9.66388
0.52,8.42923
0.54,7.30952
0.56,6.39005
0.58,5.68359
0.6,5.17389
0.62,4.83992
0.64,4.66575
0.66,4.64309
0.68,4.76916
0.7,5.03936
0.72,5.43139
0.74,5.87944
0.76,6.25374
0.78,6.38889
0.8,6.18507
0.82,5.69127
0.84,5.05951
0.86,4.43326
0.88,3.89254
0.9,3.46333
0.92,3.1441
0.94,2.92462
0.96,2.79516
0.98,2.74988
1,2.78747
1.02,2.90986
1.04,3.11818
1.06,3.4037
1.08,3.73184
1.1,4.02617
1.12,4.17795
1.14,4.10591
1.16,3.8224
1.18,3.42145
1.2,3.00518
1.22,2.6363
1.24,2.33812
1.26,2.11199
1.28,1.95134
1.3,1.84891
1.32,1.79964
1.34,1.80159
1.36,1.85582
1.38,1.96546
1.4,2.13312
1.42,2.35477
1.44,2.60868
1.46,2.84302
1.48,2.97956
1.5,2.95374
1.52,2.76625
1.54,2.48196
1.56,2.17771
1.58,1.90322
1.6,1.67814
1.62,1.50445
1.64,1.37732
1.66,1.29083
1.68,1.24041
1.7,1.22355
1.72,1.23996
1.74,1.29137
1.76,1.38091
1.78,1.51138
1.8,1.68104
1.82,1.87581
1.84,2.05965
1.86,2.17542
1.88,2.17207
1.9,2.0445
1.92,1.83796
1.94,1.61074
1.96,1.40243
1.98,1.22947
2,1.09412
2.02,0.992827
2.04,0.920896
2.06,0.874403
2.08,0.85083
2.1,0.849192
2.12,0.869985
2.14,0.91502
2.16,0.98691
2.18,1.08766
2.2,1.21533
2.22,1.35804
2.24,1.48739
2.26,1.56121
2.28,1.54585
2.3,1.44347
2.32,1.28995
2.34,1.12633
2.36,0.978594
2.38,0.856704
2.4,0.761351
2.42,0.689659
2.44,0.638185
2.46,0.604122
2.48,0.585658
2.5,0.582035
2.52,0.593488
2.54,0.621087
2.56,0.66631
2.58,0.729934
2.6,0.809576
2.62,0.895599
2.64,0.967705
2.66,0.999236
2.68,0.973504
2.7,0.897942
2.72,0.797328
2.74,0.695498
2.76,0.605912
2.78,0.53297
2.8,0.476345
2.82,0.434117
2.84,0.404287
2.86,0.38535
2.88,0.3764
2.9,0.377001
2.92,0.386794
2.94,0.404641
2.96,0.427175
2.98,0.447325
3,0.455152
3.02,0.443182
3.04,0.412357
3.06,0.370976
3.08,0.328086
3.1,0.28919
3.12,0.256227
3.14,0.229126
3.16,0.207052
3.18,0.18904
3.2,0.174232
3.22,0.161941
3.24,0.151634
3.26,0.142908
3.28,0.135454
3.3,0.12903
3.32,0.12344
3.34,0.118526
3.36,0.11418
3.38,0.11035
3.4,0.107023
3.42,0.104186
3.44,0.10179
3.46,0.0997112
3.48,0.0977176
3.5,0.0955084
3.52,0.0928797
3.54,0.0898761
3.56,0.0867305
3.58,0.0836764
3.6,0.0808434
3.62,0.0782674
3.64,0.0759345
3.66,0.0738133
3.68,0.0718709
3.7,0.0700784
3.72,0.0684123
3.74,0.0668539
3.76,0.0653882
3.78,0.0640036
3.8,0.0626904
3.82,0.061441
3.84,0.0602491
3.86,0.0591094
3.88,0.0580176
3.9,0.0569701
3.92,0.0559637
3.94,0.0549958
3.96,0.0540645
3.98,0.0531679
4,0.0523046
