0,2.83546
0.02,2.73137
0.04,2.45813
0.06,2.10931
0.08,1.76415
0.1,1.46303
0.12,1.21656
0.14,1.0208
0.16,0.867174
0.18,0.74691
0.2,0.65259
0.22,0.57838
0.24,0.519842
0.26,0.473647
0.28,0.43731
0.3,0.408979
0.32,0.387279
0.34,0.371194
0.36,0.359984
0.38,0.353125
0.4,0.350273
0.42,0.35123
0.44,0.355935
0.46,0.364453
0.48,0.376979
0.5,0.393848
0.52,0.415552
0.54,0.442778
0.56,0.476446
0.58,0.517777
0.6,0.568384
0.62,0.630397
0.64,0.706632
0.66,0.800833
0.68,0.917981
0.7,1.0647
0.72,1.2497
0.74,1.48419
0.76,1.78167
0.78,2.15628
0.8,2.61715
0.82,3.15513
0.84,3.72012
0.86,4.20099
0.88,4.44769
0.9,4.36206
0.92,3.98161
0.94,3.44582
0.96,2.89211
0.98,2.39894
1,1.99126
1.02,1.66478
1.04,1.40425
1.06,1.1938
1.08,1.02153
1.1,0.879799
1.12,0.763318
1.14,0.667683
1.16,0.589027
1.18,0.524057
1.2,0.470089
1.22,0.424993
1.24,0.387105
1.26,0.355127
1.28,0.328051
1.3,0.305088
1.32,0.285626
1.34,0.269183
1.36,0.255391
1.38,0.243967
1.4,0.234704
1.42,0.227461
1.44,0.222158
1.46,0.218773
1.48,0.217346
1.5,0.217982
1.52,0.220862
1.54,0.226252
1.56,0.234507
1.58,0.246069
1.6,0.26144
1.62,0.281158
1.64,0.305866
1.66,0.336625
1.68,0.375346
1.7,0.424923
1.72,0.488869
1.74,0.570616
1.76,0.672106
1.78,0.790738
1.8,0.914304
1.82,1.01712
1.84,1.06643
1.86,1.0435
1.88,0.960056
1.9,0.84812
1.92,0.73733
1.94,0.644158
1.96,0.5739
1.98,0.525562
2,0.494654
2.02,0.473818
2.04,0.453566
2.06,0.425719
2.08,0.388135
2.1,0.345096
2.12,0.302701
2.14,0.264994
2.16,0.233393
2.18,0.207729
2.2,0.187213
2.22,0.170968
2.24,0.158233
2.26,0.148418
2.28,0.141101
2.3,0.136003
2.32,0.132978
2.34,0.131998
2.36,0.133158
2.38,0.13668
2.4,0.142938
2.42,0.152472
2.44,0.165998
2.46,0.184355
2.48,0.208286
2.5,0.23787
2.52,0.271378
2.54,0.303775
2.56,0.326496
2.58,0.331102
2.6,0.315672
2.62,0.286627
2.64,0.253437
2.66,0.223103
2.68,0.198889
2.7,0.181549
2.72,0.1706
2.74,0.164831
2.76,0.162217
2.78,0.159768
2.8,0.154281
2.82,0.144143
2.84,0.130368
2.86,0.115401
2.88,0.101298
2.9,0.0890448
2.92,0.0788215
2.94,0.0704268
2.96,0.0635499
2.98,0.0578911
3,0.0532001
3.02,0.0492796
3.04,0.0459755
3.06,0.0431631
3.08,0.0407331
3.1,0.0385827
3.12,0.0366242
3.14,0.0348054
3.16,0.0331154
3.18,0.0315633
3.2,0.0301543
3.22,0.0288837
3.24,0.0277406
3.26,0.0267129
3.28,0.0257898
3.3,0.0249631
3.32,0.0242267
3.34,0.0235746
3.36,0.0229973
3.38,0.022475
3.4,0.021972
3.42,0.0214421
3.44,0.0208539
3.46,0.0202144
3.48,0.0195595
3.5,0.0189252
3.52,0.0183317
3.54,0.0177846
3.56,0.0172814
3.58,0.016817
3.6,0.0163856
3.62,0.0159816
3.64,0.0156
3.66,0.0152376
3.68,0.0148925
3.7,0.0145639
3.72,0.014251
3.74,0.0139527
3.76,0.0136676
3.78,0.0133937
3.8,0.0131294
3.82,0.0128733
3.84,0.0126252
3.86,0.0123854
3.88,0.012154
3.9,0.011931
3.92,0.0117159
3.94,0.0115083
3.96,0.0113079
3.98,0.0111143
4,0.0109271
