0,8.74083
0.02,8.51825
0.04,7.82608
0.06,6.93341
0.08,6.06926
0.1,5.353
0.12,4.82043
0.14,4.4677
0.16,4.28004
0.18,4.24534
0.2,4.35948
0.22,4.62836
0.24,5.06843
0.26,5.70618
0.28,6.57429
0.3,7.69943
0.32,9.07221
0.34,10.5905
0.36,11.9936
0.38,12.8771
0.4,12.895
0.42,12.0351
0.44,10.6254
0.46,9.06522
0.48,7.61614
0.5,6.38538
0.52,5.38872
0.54,4.60307
0.56,3.99417
0.58,3.52904
0.6,3.18061
0.62,2.92874
0.64,2.75978
0.66,2.66585
0.68,2.6442
0.7,2.69675
0.72,2.82927
0.74,3.0495
0.76,3.362
0.78,3.75671
0.8,4.19014
0.82,4.57018
0.84,4.77671
0.86,4.73446
0.88,4.4702
0.9,4.07581
0.92,3.63301
0.94,3.19017
0.96,2.77846
0.98,2.41985
1,2.12445
1.02,1.89162
1.04,1.71507
1.06,1.58739
1.08,1.50244
1.1,1.45631
1.12,1.44749
1.14,1.47681
1.16,1.54709
1.18,1.66205
1.2,1.82367
1.22,2.02631
1.24,2.24782
1.26,2.4439
1.28,2.56067
1.3,2.56713
1.32,2.47238
1.34,2.3054
1.36,2.09339
1.38,1.86288
1.4,1.64107
1.42,1.44812
1.44,1.29285
1.46,1.17567
1.48,1.09298
1.5,1.03999
1.52,1.01157
1.54,1.00288
1.56,1.01094
1.58,1.03675
1.6,1.08519
1.62,1.16211
1.64,1.2703
1.66,1.40447
1.68,1.54448
1.7,1.65187
1.72,1.68265
1.74,1.61748
1.76,1.47853
1.78,1.30984
1.8,1.14789
1.82,1.01113
1.84,0.904629
1.86,0.827213
1.88,0.776007
1.9,0.748497
1.92,0.743176
1.94,0.759384
1.96,0.796397
1.98,0.851424
2,0.916434
2.02,0.975843
2.04,1.01053
2.06,1.01041
2.08,0.983718
2.1,0.94971
2.12,0.923665
2.14,0.908386
2.16,0.894346
2.18,0.866899
2.2,0.818264
2.22,0.754122
2.24,0.687703
2.26,0.63031
2.28,0.587875
2.3,0.562419
2.32,0.554311
2.34,0.563536
2.36,0.58977
2.38,0.631208
2.4,0.682047
2.42,0.729701
2.44,0.755896
2.46,0.746125
2.48,0.701189
2.5,0.636308
2.52,0.569025
2.54,0.510632
2.56,0.465771
2.58,0.435318
2.6,0.41879
2.62,0.415518
2.64,0.424803
2.66,0.445224
2.68,0.473061
2.7,0.500433
2.72,0.51564
2.74,0.508781
2.76,0.479385
2.78,0.436657
2.8,0.391968
2.82,0.352939
2.84,0.322838
2.86,0.302339
2.88,0.291025
2.9,0.287973
2.92,0.291501
2.94,0.298338
2.96,0.303074
2.98,0.299581
3,0.284797
3.02,0.261062
3.04,0.23378
3.06,0.207567
3.08,0.184752
3.1,0.165906
3.12,0.150753
3.14,0.138756
3.16,0.129376
3.18,0.122119
3.2,0.116487
3.22,0.111875
3.24,0.107552
3.26,0.102869
3.28,0.0976123
3.3,0.0920661
3.32,0.0866784
3.34,0.0817562
3.36,0.0774074
3.38,0.0736143
3.4,0.0703099
3.42,0.0674192
3.44,0.0648764
3.46,0.062629
3.48,0.0606375
3.5,0.0588726
3.52,0.0573099
3.54,0.0559221
3.56,0.0546663
3.58,0.0534727
3.6,0.0522541
3.62,0.0509501
3.64,0.0495693
3.66,0.0481734
3.68,0.046825
3.7,0.0455588
3.72,0.0443835
3.74,0.0432939
3.76,0.0422804
3.78,0.0413329
3.8,0.0404424
3.82,0.0396019
3.84,0.0388055
3.86,0.0380487
3.88,0.037328
3.9,0.0366404
3.92,0.0359834
3.94,0.0353542
3.96,0.0347488
3.98,0.0341619
4,0.0335876
