0,8.74081
0.02,8.51829
0.04,7.82615
0.06,6.93349
0.08,6.06934
0.1,5.35306
0.12,4.82047
0.14,4.46773
0.16,4.28006
0.18,4.24534
0.2,4.35948
0.22,4.62835
0.24,5.06841
0.26,5.70614
0.28,6.57424
0.3,7.69937
0.32,9.07214
0.34,10.5904
0.36,11.9936
0.38,12.8771
0.4,12.8951
0.42,12.0351
0.44,10.6255
0.46,9.06531
0.48,7.61626
0.5,6.38553
0.52,5.38887
0.54,4.60319
0.56,3.99425
0.58,3.52907
0.6,3.18059
0.62,2.92868
0.64,2.75966
0.66,2.66566
0.68,2.64395
0.7,2.69641
0.72,2.82888
0.74,3.04917
0.76,3.36198
0.78,3.75754
0.8,4.19262
0.82,4.57455
0.84,4.781
0.86,4.73401
0.88,4.46158
0.9,4.06216
0.92,3.62283
0.94,3.18955
0.96,2.78647
0.98,2.4317
1,2.13597
1.02,1.90061
1.04,1.72074
1.06,1.58956
1.08,1.50105
1.1,1.45119
1.12,1.43827
1.14,1.46299
1.16,1.52827
1.18,1.63863
1.2,1.79842
1.22,2.00714
1.24,2.25036
1.26,2.48767
1.28,2.65048
1.3,2.67123
1.32,2.53418
1.34,2.28957
1.36,2.01116
1.38,1.75281
1.4,1.53888
1.42,1.37439
1.44,1.25588
1.46,1.17739
1.48,1.13226
1.5,1.11246
1.52,1.10759
1.54,1.10646
1.56,1.10293
1.58,1.10058
1.6,1.10948
1.62,1.13893
1.64,1.19374
1.66,1.27457
1.68,1.37783
1.7,1.49071
1.72,1.58453
1.74,1.6197
1.76,1.57051
1.78,1.44766
1.8,1.2887
1.82,1.13012
1.84,0.992593
1.86,0.882925
1.88,0.800692
1.9,0.743115
1.92,0.707445
1.94,0.691889
1.96,0.695862
1.98,0.719918
2,0.765343
2.02,0.83305
2.04,0.921078
2.06,1.02014
2.08,1.1091
2.1,1.15749
2.12,1.14227
2.14,1.06666
2.16,0.957141
2.18,0.84275
2.2,0.741492
2.22,0.660199
2.24,0.59946
2.26,0.557613
2.28,0.532816
2.3,0.523873
2.32,0.530422
2.34,0.552733
2.36,0.591001
2.38,0.643717
2.4,0.704788
2.42,0.760515
2.44,0.791065
2.46,0.781113
2.48,0.732285
2.5,0.661627
2.52,0.588231
2.54,0.524158
2.56,0.474186
2.58,0.438946
2.6,0.417407
2.62,0.407929
2.64,0.408247
2.66,0.415062
2.68,0.424389
2.7,0.433497
2.72,0.442728
2.74,0.453967
2.76,0.466453
2.78,0.474201
2.8,0.468449
2.82,0.444652
2.84,0.406885
2.86,0.364192
2.88,0.324302
2.9,0.291189
2.92,0.265968
2.94,0.248403
2.96,0.23779
2.98,0.23318
3,0.233058
3.02,0.234751
3.04,0.234283
3.06,0.227814
3.08,0.214207
3.1,0.195769
3.12,0.176082
3.14,0.157756
3.16,0.141905
3.18,0.128658
3.2,0.117714
3.22,0.108667
3.24,0.101136
3.26,0.0948115
3.28,0.0894504
3.3,0.08487
3.32,0.0809338
3.34,0.0775426
3.36,0.0746249
3.38,0.0721288
3.4,0.0700108
3.42,0.0682162
3.44,0.0666506
3.46,0.0651563
3.48,0.0635392
3.5,0.0616745
3.52,0.0595965
3.54,0.0574532
3.56,0.0553874
3.58,0.0534756
3.6,0.0517371
3.62,0.0501609
3.64,0.0487263
3.66,0.0474121
3.68,0.0461999
3.7,0.0450748
3.72,0.0440252
3.74,0.0430422
3.76,0.0421188
3.78,0.0412498
3.8,0.0404307
3.82,0.0396565
3.84,0.0389204
3.86,0.0382113
3.88,0.0375156
3.9,0.0368236
3.92,0.0361354
3.94,0.0354592
3.96,0.0348035
3.98,0.0341728
4,0.0335681
