2.83333,2.86308,3.7196e-11,6.86694
-1.09669,-1.07667,1.03044e-10,5.01724
-3.75766,-3.77269,2.72082e-10,3.23957
-5.38154,-5.39204,5.56847e-10,2.38222
-6.8203,-6.83131,1.65198e-09,2.21976
-8.25556,-8.26778,6.8454e-09,2.08549
-10.2707,-10.2803,8.10169e-05,1.90675
-11.0586,-11.0602,0.0105232,0.474158
-11.5958,-11.5974,0.031678,0.610417
-12.2049,-12.2055,0.0552749,0.516197
-12.7735,-12.7735,0.0817722,0.342085
-13.2399,-13.2396,0.114082,0.153116
-13.5914,-13.5914,0.182776,0.0254783
-13.8795,-13.8795,0.523813,0.000503019
