4.04077,4.0645,8.90464e-17,5.1273
0.12229,0.168164,2.29739e-15,5.57532
-2.6065,-2.61438,9.20669e-14,4.63474
-4.547,-4.55403,5.26006e-14,2.6574
-5.97024,-5.98161,9.47771e-14,2.32348
-7.34224,-7.35634,1.2049e-11,2.22755
-8.75869,-8.77273,9.74496e-09,2.54993
-10.5701,-10.5748,0.000462104,1.11717
-11.1474,-11.149,0.0144949,0.449178
-11.7022,-11.704,0.0346471,0.530387
-12.289,-12.2902,0.0564294,0.44775
-12.8233,-12.8238,0.08049,0.300497
-13.2582,-13.2582,0.110001,0.135255
-13.5937,-13.5937,0.179924,0.0217088
-13.8795,-13.8795,0.523552,0.000417052
