4.84757,4.86475,1.02153e-11,3.70687
1.36518,1.42322,4.43837e-11,5.75513
-1.43291,-1.42496,9.79614e-11,4.46499
-3.70816,-3.72065,2.36871e-10,3.14156
-5.20637,-5.2158,4.54005e-10,2.39059
-6.52782,-6.54137,1.20663e-09,2.23286
-7.83837,-7.85595,5.37657e-09,2.09336
-9.36253,-9.37901,7.02382e-07,3.00369
-10.7589,-10.7603,0.00156941,0.840025
-11.2381,-11.2389,0.0178603,0.530368
-11.7962,-11.7973,0.0369709,0.531734
-12.3601,-12.3616,0.0571009,0.430668
-12.8635,-12.8647,0.0788597,0.2875
-13.2717,-13.272,0.106259,0.129041
-13.5951,-13.5951,0.177965,0.0201219
-13.8795,-13.8795,0.523414,0.00037572
