5.41073,5.41525,9.68819e-12,2.75008
2.49638,2.56067,4.08674e-11,5.04005
-0.397725,-0.366372,9.40778e-11,4.4274
-2.68072,-2.68656,2.26313e-10,3.94757
-4.4238,-4.43257,3.93426e-10,2.41466
-5.74808,-5.76092,8.72405e-10,2.08787
-7.01036,-7.02591,2.46651e-09,1.97367
-8.2656,-8.2828,9.82794e-09,1.82942
-9.92314,-9.93707,1.05849e-05,2.24013
-10.9016,-10.9023,0.00400898,0.63686
-11.3464,-11.3464,0.0207653,0.621112
-11.8915,-11.8919,0.0387186,0.552315
-12.4275,-12.4292,0.0572384,0.423979
-12.8991,-12.9009,0.0766921,0.27766
-13.2822,-13.2828,0.102673,0.123713
-13.596,-13.596,0.176553,0.0189313
-13.8795,-13.8795,0.523341,0.000350936
