5.80937,5.80166,2.42397e-12,2.12427
3.38985,3.45857,9.3155e-12,4.09557
0.604591,0.655082,2.26568e-11,4.58835
-1.63682,-1.63358,4.35391e-11,3.92137
-3.62908,-3.63939,6.97917e-11,2.93467
-5.01885,-5.02557,1.32178e-10,2.25509
-6.23669,-6.25166,3.2486e-10,2.06589
-7.43645,-7.45822,8.87413e-10,1.93216
-8.65337,-8.67169,8.63024e-10,1.93724
-10.2783,-10.284,6.7069e-05,1.37423
-11.0022,-11.0025,0.00722869,0.450259
-11.4553,-11.4548,0.02328,0.56912
-11.9815,-11.9815,0.0399286,0.507413
-12.4882,-12.4897,0.056849,0.386006
-12.929,-12.931,0.0740918,0.255551
-13.2899,-13.2905,0.0995796,0.116931
-13.5965,-13.5965,0.175667,0.0180559
-13.8796,-13.8795,0.523308,0.000340754
