6.09468,6.07933,1.86895e-14,1.74705
4.06861,4.13245,5.90257e-14,3.40097
1.55883,1.61806,1.45496e-13,4.58681
-0.726539,-0.702126,5.39325e-13,3.97771
-2.70763,-2.71116,2.07261e-12,3.6935
-4.29807,-4.30506,1.16828e-11,2.41585
-5.53792,-5.54596,3.4682e-11,2.11514
-6.70187,-6.71607,1.01131e-10,2.03543
-7.84799,-7.87266,5.1753e-10,1.92141
-9.07868,-9.09933,6.03233e-08,2.32498
-10.4959,-10.4951,0.000236344,1.00632
-11.0742,-11.0733,0.0101048,0.379613
-11.5443,-11.543,0.0254414,0.491118
-12.0556,-12.0552,0.0407968,0.444587
-12.5372,-12.5384,0.0561861,0.340719
-12.9517,-12.9536,0.0715186,0.232577
-13.2949,-13.2954,0.0972504,0.111776
-13.5968,-13.5968,0.17517,0.0175818
-13.8796,-13.8795,0.523296,0.000338039
