6.31286,6.29473,7.42191e-13,1.4887
4.60845,4.6589,2.76048e-12,2.85105
2.40716,2.4731,8.27318e-12,4.12904
0.122902,0.166887,1.67158e-11,3.99754
-1.79366,-1.78615,3.40112e-11,3.64742
-3.5718,-3.57618,6.09838e-11,2.86192
-4.86891,-4.87208,1.37401e-10,2.23197
-6.00938,-6.02234,3.75689e-10,2.03388
-7.13002,-7.14996,1.18992e-09,1.93091
-8.24046,-8.26407,5.10219e-09,1.8134
-9.56753,-9.58382,1.23451e-06,2.45667
-10.6702,-10.6652,0.000703507,0.934689
-11.1436,-11.1406,0.0127128,0.437742
-11.6238,-11.6208,0.0272349,0.493038
-12.1202,-12.1187,0.0413534,0.428171
-12.5787,-12.5789,0.0552744,0.320114
-12.9696,-12.9711,0.0690528,0.219869
-13.2983,-13.2987,0.0954965,0.109263
-13.597,-13.597,0.174881,0.0173551
-13.8796,-13.8795,0.523289,0.000337313
