6.49059,6.47254,7.00565e-13,1.28925
5.04769,5.08185,1.93494e-12,2.38079
3.11513,3.18474,4.80571e-12,3.50118
0.943959,0.999486,1.1468e-11,3.92501
-0.970144,-0.94215,2.08377e-11,3.51613
-2.72988,-2.7264,4.33017e-11,3.31887
-4.19427,-4.19689,4.86325e-11,2.26154
-5.3611,-5.3639,9.69575e-11,1.96717
-6.4433,-6.45753,2.91947e-10,1.86951
-7.51119,-7.53836,1.03624e-09,1.74513
-8.59072,-8.61344,3.19593e-09,1.67632
-9.99255,-9.99897,1.11804e-05,1.7676
-10.8281,-10.8225,0.00204069,0.788355
-11.2312,-11.2257,0.0151675,0.562409
-11.7075,-11.7021,0.0286359,0.531067
-12.184,-12.1802,0.0414959,0.432739
-12.6175,-12.6157,0.0539672,0.309335
-12.9847,-12.9855,0.0665757,0.210139
-13.3007,-13.3009,0.0941159,0.107402
-13.5971,-13.5971,0.174705,0.0172104
-13.8796,-13.8795,0.523285,0.000336717
