6.63782,6.62096,2.28646e-14,1.13201
5.39719,5.41819,1.11682e-13,1.99919
3.68916,3.75875,2.8955e-13,2.99576
1.7106,1.77302,4.94124e-13,3.75751
-0.205997,-0.158905,9.92759e-13,3.53068
-1.89421,-1.87476,2.07377e-12,3.31966
-3.49939,-3.49605,4.619e-12,2.70754
-4.71542,-4.71485,1.34759e-12,2.10565
-5.79021,-5.79663,7.32146e-17,1.88106
-6.83463,-6.84969,1.26559e-15,1.78614
-7.85687,-7.88473,1.67899e-12,1.65363
-8.91901,-8.93635,3.86422e-09,1.71979
-10.2585,-10.2528,4.73733e-05,1.11818
-10.9402,-10.9344,0.00436651,0.509945
-11.3291,-11.321,0.0171714,0.558168
-11.7916,-11.7832,0.0296094,0.509469
-12.2455,-12.238,0.041242,0.409601
-12.6531,-12.6481,0.0523454,0.286455
-12.9972,-12.9969,0.0642456,0.195988
-13.3023,-13.3025,0.0930898,0.104947
-13.5971,-13.5971,0.1746,0.0170755
-13.8796,-13.8795,0.523283,0.000335642
