6.76056,6.74537,1.1979e-13,1.01081
5.67386,5.68554,4.0947e-13,1.73245
4.16384,4.23001,9.74675e-13,2.66025
2.39108,2.45954,1.95526e-12,3.5046
0.51834,0.580129,4.07297e-12,3.5606
-1.14616,-1.10602,7.2465e-12,3.28927
-2.73027,-2.7111,1.39791e-11,3.14484
-4.08998,-4.08247,1.35236e-11,2.23978
-5.18986,-5.18322,3.55238e-11,1.96009
-6.20134,-6.20615,1.34246e-10,1.85315
-7.20302,-7.21885,4.78586e-10,1.76097
-8.19179,-8.2127,1.82528e-09,1.64862
-9.27397,-9.27531,1.34361e-07,1.92545
-10.4314,-10.4137,0.000123909,0.871079
-11.0114,-11.0028,0.00662764,0.364729
-11.4131,-11.4007,0.0188408,0.475513
-11.8647,-11.8512,0.0303188,0.448424
-12.2991,-12.2858,0.0408152,0.368371
-12.6836,-12.6737,0.0507142,0.257701
-13.0069,-13.005,0.0623212,0.181001
-13.3033,-13.3034,0.0924143,0.102601
-13.5972,-13.5971,0.174542,0.0169683
-13.8796,-13.8795,0.523282,0.000334549
