6.8643,6.85076,3.54257e-13,0.905705
5.89732,5.90364,7.28043e-13,1.53117
4.5638,4.62481,1.82833e-12,2.36753
2.96596,3.04121,4.12775e-12,3.12923
1.18912,1.26121,7.54366e-12,3.48085
-0.472037,-0.410111,1.33219e-11,3.28761
-1.99218,-1.95081,2.59433e-11,3.15631
-3.45604,-3.43357,4.89319e-11,2.67616
-4.60004,-4.58498,5.25798e-11,2.10351
-5.62043,-5.6089,8.41684e-11,1.88168
-6.60024,-6.59653,2.57493e-10,1.81308
-7.5609,-7.57181,1.02394e-09,1.71937
-8.52691,-8.53262,4.12509e-09,1.65973
-9.68037,-9.64889,1.27624e-06,2.0614
-10.5886,-10.5546,0.000292106,0.896102
-11.0723,-11.0568,0.00865088,0.359213
-11.4886,-11.4672,0.0202265,0.455453
-11.9308,-11.9075,0.0307793,0.426426
-12.3481,-12.3242,0.0402572,0.351307
-12.7111,-12.6932,0.0491936,0.241615
-13.0148,-13.0106,0.06082,0.170295
-13.304,-13.304,0.0919876,0.100857
-13.5972,-13.5972,0.17451,0.0168897
-13.8796,-13.8795,0.523281,0.000333895
