6.95443,6.94199,1.23524e-13,0.817487
6.08453,6.08892,3.77518e-13,1.3714
4.90494,4.96045,7.45686e-13,2.09523
3.45131,3.53181,1.35483e-12,2.77966
1.8094,1.88965,2.93929e-12,3.32998
0.171818,0.250273,4.56191e-12,3.27221
-1.3128,-1.25245,7.48233e-12,3.07929
-2.75861,-2.71237,1.49953e-11,2.95159
-4.02401,-3.99463,2.98728e-11,2.18193
-5.06424,-5.03767,3.36436e-11,1.91705
-6.02109,-6.0037,3.0463e-11,1.78786
-6.96953,-6.95931,5.89046e-11,1.70642
-7.89792,-7.89868,2.87718e-10,1.59419
-8.85271,-8.8369,1.50319e-10,1.6089
-10.0539,-9.99416,8.80451e-06,1.65733
-10.7675,-10.7126,0.000803535,0.959865
-11.153,-11.1201,0.0107576,0.464914
-11.5754,-11.5359,0.0213908,0.502868
-12.0046,-11.9618,0.0309198,0.450521
-12.4025,-12.3589,0.0394098,0.364151
-12.7416,-12.7093,0.0476446,0.239213
-13.0226,-13.0146,0.0595915,0.162827
-13.3045,-13.3044,0.0917022,0.0994459
-13.5972,-13.5972,0.17449,0.0168229
-13.8796,-13.8795,0.523281,0.000333634
