7.03393,7.02211,2.313e-16,0.744679
6.24453,6.24905,1.78207e-15,1.24033
5.19421,5.24506,1.19075e-16,1.85027
3.86694,3.95105,1.6557e-15,2.49871
2.36788,2.45563,1.43894e-15,3.0954
0.780561,0.870739,4.63059e-17,3.21055
-0.694461,-0.611563,5.11193e-15,3.04826
-2.08387,-2.01226,7.85745e-14,2.94558
-3.42967,-3.37503,3.55589e-13,2.57238
-4.50855,-4.46631,3.29933e-13,2.03041
-5.47961,-5.44038,2.83757e-13,1.80774
-6.40184,-6.37044,6.98617e-12,1.72889
-7.31133,-7.292,7.92639e-11,1.63978
-8.212,-8.19455,2.89828e-10,1.52222
-9.17346,-9.12298,2.30318e-08,1.61629
-10.2929,-10.2247,3.50626e-05,1.09692
-10.9126,-10.8568,0.00225068,0.721808
-11.2641,-11.2053,0.0127813,0.583182
-11.6813,-11.6146,0.0223665,0.557375
-12.0947,-12.0205,0.0307197,0.491342
-12.4725,-12.3936,0.0381177,0.396147
-12.784,-12.7236,0.0459296,0.245683
-13.0325,-13.0178,0.0585455,0.156634
-13.3049,-13.3046,0.0914981,0.0980914
-13.5972,-13.5972,0.174475,0.0167521
-13.8796,-13.8795,0.523281,0.000333459
