7.10406,7.0922,8.35372e-14,0.691615
6.3815,6.38643,1.40314e-13,1.14075
5.4364,5.4826,3.76522e-13,1.67272
4.22504,4.31028,7.45625e-13,2.31065
2.85194,2.94487,1.21383e-12,2.8926
1.3427,1.44225,2.38716e-12,3.20145
-0.114887,-0.0156189,3.60115e-12,3.13621
-1.46235,-1.37515,5.84902e-12,3.0058
-2.79317,-2.71018,1.18461e-11,2.89646
-3.97482,-3.91318,2.4518e-11,2.23342
-4.96048,-4.90396,2.51074e-11,1.98414
-5.87087,-5.82092,2.66876e-11,1.83212
-6.76942,-6.72271,9.2934e-11,1.761
-7.64622,-7.61141,5.25489e-10,1.67741
-8.52613,-8.48031,2.36403e-09,1.60936
-9.52596,-9.41826,2.54409e-07,1.82201
-10.4543,-10.3737,8.72323e-05,0.886629
-10.9964,-10.9482,0.00437989,0.484918
-11.3658,-11.295,0.0145801,0.58208
-11.7821,-11.6961,0.0233997,0.573151
-12.1874,-12.0828,0.0304468,0.535603
-12.5554,-12.4295,0.0363678,0.453616
-12.8519,-12.7368,0.0440006,0.264941
-13.0503,-13.0204,0.0576557,0.151788
-13.3055,-13.3048,0.0913409,0.0966571
-13.5972,-13.5972,0.174461,0.0166605
-13.8796,-13.8795,0.52328,0.000333029
