7.16739,7.15401,8.26008e-14,0.64477
6.50171,6.50433,2.17704e-13,1.04917
5.64407,5.68221,3.32128e-13,1.52267
4.54231,4.61949,6.80561e-13,2.13072
3.27605,3.36319,1.36855e-12,2.67259
1.86661,1.95833,2.20736e-12,3.1035
0.440739,0.535876,3.80928e-12,3.13317
-0.892427,-0.804768,5.76021e-12,2.99767
-2.17782,-2.09253,8.92194e-12,2.93316
-3.42507,-3.3521,1.38649e-11,2.63149
-4.44537,-4.38867,3.3734e-11,2.12535
-5.37228,-5.32024,4.91809e-11,1.9278
-6.24732,-6.20252,4.4007e-11,1.86211
-7.11601,-7.07776,6.58313e-11,1.80437
-7.97012,-7.93776,3.66042e-10,1.73264
-8.84489,-8.78751,1.09407e-09,1.78562
-9.90644,-9.76886,2.02162e-06,2.13718
-10.6201,-10.519,0.000207916,1.05509
-11.064,-11.0155,0.00665701,0.458718
-11.4525,-11.3806,0.0164671,0.615156
-11.8671,-11.7794,0.0248569,0.631323
-12.2659,-12.1536,0.0306792,0.645303
-12.6289,-12.4732,0.0340002,0.610888
-12.9424,-12.7512,0.0414291,0.329031
-13.1053,-13.0227,0.0567854,0.150992
-13.3065,-13.3051,0.091193,0.095056
-13.5972,-13.5972,0.174443,0.0165288
-13.8796,-13.8795,0.52328,0.000331853
