7.22537,7.20936,5.14081e-15,0.594705
6.60874,6.60684,3.8446e-15,0.95379
5.8254,5.85381,2.80131e-14,1.37228
4.82512,4.88828,3.72183e-14,1.92751
3.65117,3.72587,4.09292e-14,2.42989
2.34693,2.42078,1.17275e-13,2.90075
0.968787,1.04642,1.34744e-13,3.04762
-0.349177,-0.274341,2.69597e-13,2.98278
-1.58814,-1.52286,4.99574e-13,2.90346
-2.82055,-2.75688,5.70071e-13,2.81033
-3.92915,-3.88344,1.46519e-14,2.22844
-4.8654,-4.82941,2.28692e-12,1.99449
-5.73574,-5.70829,9.11012e-12,1.83247
-6.58848,-6.56707,1.48714e-12,1.76877
-7.4237,-7.41639,2.22331e-11,1.7023
-8.25466,-8.24963,1.05595e-10,1.6198
-9.13449,-9.10034,1.16866e-08,1.73959
-10.1831,-10.1102,1.56303e-05,1.60253
-10.7939,-10.7186,0.000740335,1.25187
-11.1452,-11.0982,0.00942409,0.631845
-11.538,-11.4803,0.018592,0.729086
-11.9421,-11.8772,0.0269651,0.719943
-12.3277,-12.2491,0.0329522,0.776728
-12.6774,-12.5511,0.0316654,1.02783
-12.9907,-12.7781,0.0355795,0.612393
-13.239,-13.0263,0.0553915,0.164617
-13.3115,-13.3054,0.0909837,0.0928912
-13.5972,-13.5972,0.174413,0.0163017
-13.8796,-13.8795,0.523278,0.000329021
