7.27802,7.25963,2.57972e-14,0.544874
6.70369,6.69784,3.79508e-14,0.861762
5.98421,6.00504,1.19825e-13,1.23496
5.07467,5.12671,1.78127e-13,1.72785
3.98587,4.05095,2.79496e-13,2.2067
2.78155,2.84112,6.07929e-13,2.66577
1.47271,1.53365,9.0612e-13,2.91806
0.182687,0.241511,1.61197e-12,2.89928
-1.03457,-0.983451,2.46162e-12,2.78132
-2.22778,-2.17602,3.50247e-12,2.71408
-3.38935,-3.34758,5.12047e-12,2.43878
-4.35888,-4.33348,1.6304e-11,1.99263
-5.24339,-5.22726,2.04411e-11,1.81343
-6.07356,-6.06913,1.22953e-11,1.72437
-6.89996,-6.90229,3.1574e-11,1.65331
-7.70617,-7.72396,3.03798e-10,1.57768
-8.51309,-8.52911,1.61837e-09,1.51945
-9.40111,-9.3867,1.72818e-07,1.63733
-10.3381,-10.3064,5.44578e-05,0.924245
-10.9063,-10.8805,0.00252431,0.687428
-11.2326,-11.2052,0.0119743,0.647814
-11.618,-11.588,0.0204314,0.652723
-12.0063,-11.9746,0.0286518,0.593535
-12.3746,-12.3429,0.0364126,0.530613
-12.707,-12.6684,0.0409166,0.72873
-13.006,-12.8824,0.022269,1.77168
-13.2997,-13.0383,0.0486531,0.344902
-13.3902,-13.3061,0.0904831,0.0901441
-13.5972,-13.5972,0.174354,0.0158917
-13.8796,-13.8795,0.523275,0.000323733
