7.32486,7.30498,4.85676e-14,0.500309
6.78696,6.77859,1.11684e-13,0.783822
6.12278,6.13915,1.48628e-13,1.12464
5.29211,5.33847,3.4519e-13,1.55845
4.28458,4.34538,6.10256e-13,2.02408
3.16707,3.22191,8.68339e-13,2.44778
1.93799,1.99083,1.59577e-12,2.76154
0.681018,0.733874,2.27669e-12,2.81072
-0.523564,-0.473521,3.72085e-12,2.7302
-1.67177,-1.62637,6.45391e-12,2.66997
-2.8167,-2.772,9.99583e-12,2.57743
-3.86298,-3.83285,9.51945e-12,2.07806
-4.75371,-4.7373,2.81861e-11,1.85319
-5.58785,-5.58291,5.56875e-11,1.6882
-6.39565,-6.40062,5.01074e-11,1.61853
-7.19264,-7.20872,4.65935e-11,1.55273
-7.97736,-8.00467,2.77795e-10,1.47563
-8.77071,-8.79017,1.08764e-09,1.48508
-9.67581,-9.66088,9.55373e-07,1.61738
-10.4507,-10.4257,0.000112196,0.748202
-10.9699,-10.9567,0.0044693,0.396539
-11.305,-11.2881,0.0136579,0.49034
-11.6848,-11.667,0.0215731,0.487896
-12.0592,-12.04,0.0290173,0.434069
-12.4107,-12.3925,0.0365911,0.341558
-12.7263,-12.7132,0.044524,0.273277
-13.0125,-12.9997,0.053839,0.50948
-13.3024,-13.1473,0.0106865,1.9901
-13.4753,-13.3084,0.0880136,0.101808
-13.5972,-13.5973,0.174244,0.015269
-13.8796,-13.8795,0.523271,0.000316948
