7.36608,7.34555,1.53417e-14,0.459199
6.86011,6.85045,2.30223e-14,0.717584
6.24461,6.25881,7.5515e-14,1.03079
5.48188,5.52633,9.04424e-14,1.41085
4.55122,4.61217,1.64912e-13,1.85551
3.50666,3.56464,3.2997e-13,2.24079
2.35804,2.41097,4.23898e-13,2.59328
1.14663,1.20145,7.2902e-13,2.72372
-0.0337439,0.0187496,9.02263e-13,2.68688
-1.15561,-1.10822,1.30869e-12,2.58788
-2.26887,-2.21419,2.67647e-12,2.52456
-3.35589,-3.30844,4.79618e-12,2.28872
-4.27969,-4.25007,1.83421e-12,1.87872
-5.1245,-5.1073,6.93968e-12,1.72016
-5.91683,-5.91326,3.06007e-11,1.60912
-6.70421,-6.70697,3.08454e-11,1.52952
-7.47287,-7.49067,6.36422e-13,1.46232
-8.23787,-8.26122,3.65269e-13,1.38304
-9.03285,-9.03793,2.3814e-09,1.42609
-9.96195,-9.92565,4.38885e-06,1.47782
-10.5754,-10.5396,0.000214719,0.80776
-11.0215,-11.0058,0.00606219,0.336095
-11.369,-11.3482,0.0148098,0.423752
-11.7446,-11.7225,0.0222388,0.409086
-12.1068,-12.0831,0.0288158,0.363829
-12.4418,-12.419,0.0357148,0.288735
-12.7412,-12.7271,0.0439066,0.201197
-13.0163,-13.0125,0.0572781,0.222847
-13.3031,-13.2815,0.0527862,1.11644
-13.5242,-13.3298,0.0408395,0.884373
-13.5972,-13.5974,0.174062,0.0145754
-13.8796,-13.8795,0.523267,0.000311165
