7.40209,7.38145,7.3057e-16,0.422739
6.92484,6.91484,4.94381e-16,0.663298
6.35263,6.36618,8.27157e-15,0.952207
5.64817,5.69323,2.12574e-15,1.28532
4.78807,4.85283,7.21636e-15,1.70432
3.80734,3.87376,2.24026e-14,2.07143
2.73523,2.79538,1.18466e-14,2.43732
1.58162,1.64309,3.60993e-14,2.63346
0.428293,0.489154,2.91545e-14,2.63397
-0.682685,-0.620829,7.84665e-14,2.55507
-1.75612,-1.68883,2.37674e-13,2.50234
-2.82642,-2.7552,2.43048e-13,2.41667
-3.8155,-3.75942,2.98028e-17,1.98523
-4.66537,-4.62568,2.28179e-12,1.7575
-5.46675,-5.44094,4.5268e-12,1.60127
-6.23549,-6.22049,2.29948e-14,1.52541
-6.99862,-6.98922,6.39345e-13,1.44745
-7.74432,-7.74906,6.10565e-11,1.37436
-8.48879,-8.49413,5.36843e-10,1.31163
-9.29081,-9.26425,5.0117e-08,1.33692
-10.1984,-10.1367,1.63728e-05,1.09681
-10.738,-10.6715,0.00047039,0.869049
-11.0867,-11.0539,0.00755518,0.368137
-11.4413,-11.4017,0.0156218,0.416986
-11.8098,-11.768,0.0225678,0.380834
-12.159,-12.1159,0.0283541,0.335918
-12.4754,-12.4363,0.0346899,0.275339
-12.7555,-12.7338,0.0431852,0.184148
-13.0192,-13.0156,0.0573237,0.180805
-13.3035,-13.299,0.0880453,0.253005
-13.5535,-13.3993,0.00507554,1.4692
-13.5973,-13.5975,0.17383,0.0140769
-13.8796,-13.8795,0.523265,0.000307862
