7.43351,7.41299,1.69727e-14,0.391563
6.98278,6.97313,3.94455e-14,0.618698
6.4492,6.46304,4.61712e-14,0.882654
5.79473,5.84153,1.26983e-13,1.17547
4.99809,5.06923,1.82902e-13,1.56184
4.07681,4.15441,2.64473e-13,1.92175
3.07313,3.14555,5.19601e-13,2.27019
1.98109,2.05343,6.95484e-13,2.52097
0.858071,0.934018,1.13028e-12,2.57863
-0.234232,-0.154405,1.42964e-12,2.534
-1.2781,-1.19761,2.01647e-12,2.45055
-2.32293,-2.22604,3.91104e-12,2.38843
-3.34498,-3.25139,6.63611e-12,2.20055
-4.2256,-4.15282,3.64353e-12,1.81272
-5.03366,-4.97456,1.2983e-11,1.66523
-5.79396,-5.75001,3.80119e-11,1.54021
-6.54599,-6.50723,3.01336e-11,1.46374
-7.2836,-7.25238,1.29374e-11,1.39446
-8.01236,-7.98861,1.49636e-10,1.31759
-8.74489,-8.71152,1.04556e-09,1.29265
-9.55624,-9.47333,2.52948e-07,1.29757
-10.3539,-10.2741,4.0147e-05,0.780689
-10.8819,-10.7951,0.00113283,0.720306
-11.183,-11.1105,0.00891459,0.437011
-11.5353,-11.4553,0.0161571,0.432135
-11.8932,-11.8095,0.0226012,0.372887
-12.2298,-12.1431,0.0276682,0.325353
-12.5243,-12.4487,0.0336606,0.274634
-12.7752,-12.7376,0.0426413,0.178242
-13.0222,-13.017,0.0572369,0.165323
-13.3037,-13.3011,0.0901073,0.178107
-13.5737,-13.4396,0.00294969,1.36295
-13.5974,-13.5975,0.173626,0.0138719
-13.8796,-13.8795,0.523264,0.000306537
