7.46102,7.44069,2.4155e-14,0.365706
7.03529,7.02627,4.66885e-14,0.582412
6.53607,6.55004,1.10855e-13,0.82238
5.92479,5.97263,1.26217e-13,1.08543
5.18473,5.26175,2.59608e-13,1.43747
4.32035,4.40842,4.21119e-13,1.79477
3.37525,3.46146,5.39225e-13,2.11992
2.34443,2.43076,9.62442e-13,2.41212
1.26149,1.35356,1.32309e-12,2.53413
0.193747,0.288434,2.09043e-12,2.51788
-0.838254,-0.738191,2.80356e-12,2.45097
-1.84953,-1.73231,3.63124e-12,2.40579
-2.85618,-2.72656,6.39924e-12,2.32526
-3.79223,-3.68023,1.21454e-11,1.95773
-4.60512,-4.51077,7.3077e-12,1.72208
-5.37614,-5.29612,1.32166e-11,1.57871
-6.11179,-6.04245,5.44246e-11,1.49476
-6.84464,-6.77684,7.51927e-11,1.41589
-7.5597,-7.50056,2.44797e-11,1.35449
-8.27243,-8.21342,6.40531e-11,1.28281
-9.00926,-8.92072,3.6255e-11,1.297
-9.84305,-9.67749,8.8193e-07,1.31431
-10.4785,-10.3689,7.24239e-05,0.65476
-10.965,-10.8803,0.00226556,0.514448
-11.28,-11.1715,0.00999805,0.472326
-11.6347,-11.5082,0.0165083,0.446742
-11.9873,-11.848,0.0223992,0.374227
-12.3214,-12.166,0.0267723,0.326227
-12.6122,-12.4572,0.0326992,0.281517
-12.822,-12.7398,0.0423015,0.17615
-13.0273,-13.0177,0.0571847,0.156483
-13.3039,-13.3019,0.0905442,0.155861
-13.5911,-13.459,0.00248157,1.27837
-13.5979,-13.5975,0.173508,0.0138555
-13.8796,-13.8795,0.523264,0.000306251
