7.48548,7.46504,1.11398e-14,0.343599
7.08388,7.07488,2.65948e-14,0.550462
6.61537,6.62792,3.06167e-14,0.768402
6.04232,6.08855,8.83136e-14,1.01026
5.35337,5.43206,1.07897e-13,1.33188
4.54403,4.6374,1.77171e-13,1.68445
3.65057,3.74579,3.20894e-13,1.99394
2.68032,2.77509,3.78746e-13,2.30102
1.6457,1.74442,6.20191e-13,2.47222
0.602359,0.705922,7.69406e-13,2.49925
-0.416068,-0.302923,1.2359e-12,2.45625
-1.39566,-1.27466,1.85209e-12,2.39236
-2.38058,-2.23608,2.13605e-12,2.3376
-3.34561,-3.19838,2.96302e-12,2.18987
-4.18627,-4.06286,8.76128e-12,1.82471
-4.96067,-4.85081,4.7541e-12,1.68105
-5.69294,-5.59885,2.6061e-12,1.55166
-6.41321,-6.32305,2.57157e-11,1.48352
-7.12363,-7.03475,6.77195e-11,1.41121
-7.82098,-7.7384,7.90003e-12,1.34811
-8.51634,-8.42813,1.67246e-11,1.28991
-9.26095,-9.12434,6.46993e-09,1.31568
-10.1044,-9.8831,2.87391e-06,1.34475
-10.6208,-10.4546,0.000117518,0.689332
-11.0244,-10.9359,0.00353412,0.408897
-11.3564,-11.2278,0.0109117,0.486296
-11.7133,-11.5574,0.016811,0.47343
-12.0613,-11.8833,0.0220493,0.39664
-12.3922,-12.1849,0.0256896,0.347966
-12.6964,-12.4625,0.0318759,0.297691
-12.9523,-12.7409,0.0421408,0.176616
-13.0545,-13.0183,0.0571816,0.149959
-13.3043,-13.3023,0.0906982,0.14423
-13.5969,-13.4684,0.00225719,1.22643
-13.6128,-13.5976,0.173466,0.0138969
-13.8796,-13.8795,0.523264,0.000306249
