7.5074,7.48643,5.64256e-16,0.324666
7.12927,7.1192,8.78164e-16,0.522496
6.68809,6.6974,4.96821e-15,0.720753
6.14963,6.19147,4.15311e-16,0.947829
5.50708,5.58293,7.78895e-15,1.24078
4.75022,4.84317,8.62532e-15,1.58333
3.90463,4.00168,5.90205e-15,1.88551
2.9915,3.08533,2.88976e-14,2.19105
2.0075,2.10276,2.18496e-14,2.40807
0.992959,1.09567,4.46907e-14,2.48214
-0.00311886,0.106903,2.60554e-14,2.46449
-0.966922,-0.850586,4.27177e-14,2.40466
-1.92242,-1.78183,1.48812e-13,2.37668
-2.87187,-2.71451,9.70042e-14,2.31084
-3.76093,-3.62044,1.19978e-14,1.99525
-4.53992,-4.4182,1.48924e-12,1.76147
-5.28208,-5.17452,5.11468e-13,1.63157
-5.98742,-5.89244,2.38528e-12,1.54501
-6.69075,-6.59634,1.8178e-15,1.48329
-7.37842,-7.28775,2.11662e-11,1.43152
-8.06046,-7.97182,6.45459e-13,1.3728
-8.74441,-8.64049,2.60807e-10,1.35046
-9.49042,-9.32556,6.42227e-08,1.37156
-10.2754,-10.0791,9.69008e-06,1.28706
-10.771,-10.5577,0.000202428,0.898399
-11.0876,-10.9809,0.00481358,0.413353
-11.4237,-11.2792,0.0117081,0.546368
-11.7748,-11.6027,0.0170848,0.554777
-12.1131,-11.9158,0.0216042,0.472464
-12.4321,-12.2003,0.0244298,0.407963
-12.7279,-12.4654,0.0312408,0.322548
-13.0075,-12.7414,0.0421036,0.178696
-13.2092,-13.0187,0.0572303,0.144192
-13.3057,-13.3027,0.090767,0.13528
-13.5971,-13.4735,0.00207725,1.19473
-13.641,-13.5976,0.173465,0.0139022
-13.8796,-13.8795,0.523263,0.0003058
