7.52695,7.50527,1.70956e-15,0.307794
7.17142,7.15962,3.45599e-15,0.495169
6.75429,6.75946,1.05461e-14,0.676676
6.24749,6.28322,4.3938e-15,0.892684
5.64663,5.71656,2.2811e-14,1.15699
4.93847,5.02709,2.66902e-14,1.48348
4.13868,4.23215,3.26128e-14,1.78386
3.27634,3.36479,8.5725e-14,2.07723
2.34317,2.42933,8.56196e-14,2.33154
1.36615,1.45792,1.52634e-13,2.44767
0.393835,0.489437,1.61614e-13,2.45492
-0.558672,-0.451254,3.04351e-13,2.41985
-1.48205,-1.36257,5.39512e-13,2.36985
-2.41159,-2.26642,5.02597e-13,2.32695
-3.32483,-3.17426,6.81752e-13,2.20878
-4.12978,-4.00345,3.59121e-12,1.87021
-4.87186,-4.76043,7.61078e-13,1.73699
-5.57803,-5.48311,3.58381e-13,1.61092
-6.26675,-6.17968,1.5719e-11,1.55013
-6.94977,-6.86359,2.78746e-11,1.49133
-7.61709,-7.53761,3.61821e-17,1.45441
-8.28208,-8.20243,2.64403e-12,1.41218
-8.96398,-8.85606,8.47242e-11,1.44408
-9.71245,-9.53155,3.05215e-07,1.49559
-10.3848,-10.2383,2.85588e-05,1.10225
-10.8787,-10.6922,0.000449077,1.18622
-11.1611,-11.0308,0.00620113,0.568794
-11.4903,-11.3325,0.0123364,0.73141
-11.8293,-11.6466,0.0172118,0.76629
-12.1544,-11.946,0.0210032,0.668738
-12.4585,-12.2121,0.0230038,0.533621
-12.7417,-12.4663,0.0308712,0.348306
-13.0141,-12.7414,0.042123,0.180592
-13.3,-13.0192,0.0573424,0.138271
-13.3504,-13.3032,0.0907956,0.126123
-13.5972,-13.4768,0.00189536,1.17338
-13.6764,-13.5976,0.173476,0.0137869
-13.8796,-13.8795,0.523262,0.000303948
