7.54424,7.5221,2.35037e-15,0.291587
7.21005,7.1966,6.06306e-15,0.467938
6.81391,6.81546,5.88523e-15,0.635168
6.33608,6.36638,2.4884e-14,0.83981
5.77205,5.83619,1.69328e-14,1.07785
5.10798,5.19295,4.01694e-14,1.38212
4.35209,4.44257,6.42117e-14,1.68197
3.53384,3.61981,6.10465e-14,1.95934
2.65046,2.7312,1.41082e-13,2.23023
1.71502,1.7956,1.69814e-13,2.38107
0.76514,0.851686,2.92331e-13,2.42057
-0.169433,-0.073319,3.12072e-13,2.39459
-1.07438,-0.970422,4.52314e-13,2.34979
-1.97917,-1.84867,9.73551e-13,2.32718
-2.87697,-2.7285,1.19136e-12,2.27258
-3.72385,-3.58993,7.68133e-13,1.99717
-4.4717,-4.35829,5.64859e-12,1.77114
-5.18605,-5.08711,3.88637e-12,1.65878
-5.86392,-5.78011,2.84567e-13,1.57207
-6.53837,-6.45914,1.23642e-11,1.52187
-7.20055,-7.12405,5.91884e-11,1.47816
-7.8521,-7.78137,6.21276e-12,1.44325
-8.49982,-8.42718,1.48865e-11,1.42597
-9.18404,-9.07136,2.38037e-09,1.49512
-9.94133,-9.74613,1.13387e-06,1.63703
-10.4846,-10.3539,6.10821e-05,0.973303
-10.9475,-10.8235,0.00125255,1.13374
-11.2363,-11.0983,0.00763774,0.907401
-11.5602,-11.3942,0.0126757,1.12661
-11.8855,-11.6908,0.0169363,1.23258
-12.195,-11.9724,0.0200896,1.09078
-12.4814,-12.2192,0.0216379,0.728516
-12.7508,-12.4663,0.0308347,0.352606
-13.0166,-12.7415,0.0421036,0.179656
-13.3025,-13.0196,0.0575204,0.132736
-13.42,-13.3038,0.0907906,0.116731
-13.5972,-13.4791,0.00171726,1.1607
-13.7109,-13.5976,0.173482,0.0134997
-13.8796,-13.8795,0.523259,0.000300048
