7.55953,7.53738,3.99951e-17,0.275832
7.24527,7.23087,4.99783e-17,0.440044
6.86761,6.86706,7.64657e-16,0.594296
6.41641,6.44316,3.50671e-16,0.786643
5.88478,5.94544,2.29144e-15,0.998309
5.26044,5.34472,3.12181e-16,1.27738
4.54638,4.6383,7.20725e-16,1.57145
3.76738,3.85686,6.22983e-15,1.83158
2.93065,3.01243,3.23925e-16,2.09341
2.03638,2.11495,5.11552e-15,2.27994
1.11313,1.19751,2.29219e-15,2.35112
0.200363,0.291006,1.79018e-14,2.34144
-0.694492,-0.591964,1.08665e-14,2.30188
-1.57002,-1.45013,1.68396e-15,2.2647
-2.45081,-2.30454,6.94912e-14,2.21278
-3.31805,-3.16411,1.7222e-13,2.10963
-4.08951,-3.95948,1.2973e-13,1.81035
-4.80231,-4.68957,1.11681e-12,1.67775
-5.48485,-5.38831,2.06982e-12,1.55758
-6.14612,-6.05974,1.26131e-12,1.49608
-6.80447,-6.7216,4.36824e-14,1.44128
-7.44777,-7.37028,3.25964e-11,1.41224
-8.08699,-8.01024,4.32229e-12,1.38068
-8.72556,-8.63845,1.29757e-10,1.39455
-9.41205,-9.27327,3.38644e-08,1.45979
-10.1611,-9.95271,3.85139e-06,1.6292
-10.6184,-10.4491,0.000105022,1.03607
-11.0061,-10.9067,0.0026198,0.865345
-11.3127,-11.1716,0.0088882,1.13891
-11.6391,-11.458,0.0127072,1.6588
-11.955,-11.7288,0.0159874,2.03519
-12.2482,-11.9882,0.018931,1.70529
-12.5102,-12.2206,0.0210125,0.860661
-12.7598,-12.467,0.0309886,0.318984
-13.0182,-12.7416,0.0419673,0.174953
-13.303,-13.02,0.0577101,0.129417
-13.4599,-13.3043,0.0907592,0.109902
-13.5972,-13.4802,0.00159295,1.15816
-13.7401,-13.5976,0.173471,0.013121
-13.8796,-13.8795,0.523256,0.000295215
