7.57314,7.55121,1.96149e-15,0.262326
7.27745,7.26242,4.48085e-15,0.415315
6.91646,6.91466,1.00828e-14,0.560041
6.48982,6.51426,6.24399e-15,0.740032
5.98691,6.04526,2.80283e-14,0.929989
5.39862,5.48391,2.50605e-14,1.18701
4.724,4.82026,4.25279e-14,1.47142
3.98133,4.07744,7.6157e-14,1.72373
3.1865,3.27401,6.44469e-14,1.97906
2.33264,2.41634,1.31506e-13,2.19775
1.44168,1.52953,1.55226e-13,2.29826
0.548859,0.641916,2.69555e-13,2.30944
-0.332883,-0.224143,2.76446e-13,2.28036
-1.18829,-1.06901,3.59181e-13,2.2371
-2.04917,-1.89882,7.87483e-13,2.21736
-2.90238,-2.72973,8.74582e-13,2.15878
-3.70975,-3.55026,4.59165e-13,1.91421
-4.42891,-4.29132,4.07072e-12,1.69838
-5.11748,-4.99531,1.62165e-12,1.59218
-5.77189,-5.66484,3.68551e-15,1.49638
-6.42092,-6.31818,9.7587e-12,1.44563
-7.06105,-6.96119,2.67037e-11,1.38933
-7.68837,-7.59448,1.01922e-12,1.35527
-8.31336,-8.21633,1.3604e-12,1.33209
-8.95339,-8.8292,6.12645e-11,1.38172
-9.64444,-9.45139,1.54067e-07,1.44986
-10.3202,-10.1161,1.10616e-05,1.47926
-10.7822,-10.5398,0.000164916,1.31437
-11.0781,-10.9526,0.00376463,0.819933
-11.3952,-11.2229,0.00967275,1.33064
-11.7258,-11.4998,0.0123209,2.30299
-12.043,-11.7447,0.0147782,2.8819
-12.3349,-11.9898,0.0184996,1.95746
-12.5717,-12.2212,0.0212344,0.787754
-12.7765,-12.469,0.0309775,0.279903
-13.0201,-12.742,0.0417674,0.169923
-13.3032,-13.0202,0.0578218,0.128889
-13.4887,-13.3046,0.090727,0.107786
-13.5972,-13.4804,0.0015604,1.16003
-13.767,-13.5976,0.173446,0.0128464
-13.8796,-13.8795,0.523253,0.000291983
