7.58553,7.56378,5.27383e-15,0.250596
7.30741,7.29122,1.30505e-14,0.393995
6.9621,6.9586,1.77772e-14,0.532199
6.5585,6.57978,4.44136e-14,0.698742
6.08187,6.13614,3.59584e-14,0.874056
5.52713,5.61109,8.49626e-14,1.10863
4.89012,4.98812,1.12597e-13,1.38214
4.18296,4.28248,1.45538e-13,1.63224
3.42617,3.51795,2.66759e-13,1.87739
2.61348,2.70041,2.92146e-13,2.10831
1.75806,1.84385,4.43211e-13,2.23531
0.88595,0.97816,5.29813e-13,2.27386
0.0236834,0.126419,8.40731e-13,2.25522
-0.820463,-0.703276,1.04897e-12,2.22135
-1.65429,-1.51466,1.19185e-12,2.19056
-2.49155,-2.32233,2.26463e-12,2.14222
-3.31767,-3.13614,3.5584e-12,2.05536
-4.05815,-3.90043,1.86669e-12,1.78478
-4.7443,-4.60415,9.33735e-12,1.65782
-5.40499,-5.28094,1.13229e-11,1.54612
-6.042,-5.92792,2.26987e-12,1.48321
-6.67742,-6.56408,1.64483e-11,1.44505
-7.29968,-7.1881,8.32109e-11,1.41494
-7.9145,-7.80385,1.71487e-11,1.38944
-8.52462,-8.4057,2.63185e-12,1.39649
-9.16706,-9.00345,4.42661e-10,1.49835
-9.86612,-9.61024,4.43504e-07,1.66916
-10.4261,-10.2246,2.30413e-05,1.51644
-10.8926,-10.6171,0.000238347,1.9565
-11.1608,-10.977,0.00435336,1.11504
-11.4739,-11.2445,0.00969239,1.84119
-11.7993,-11.5081,0.0116807,2.9282
-12.1152,-11.7448,0.0148512,2.82998
-12.4159,-11.9943,0.0188887,1.6767
-12.6878,-12.2266,0.0211177,0.695473
-12.8501,-12.4712,0.030717,0.267032
-13.0244,-12.7423,0.0416251,0.16752
-13.3035,-13.0202,0.0578424,0.129197
-13.5157,-13.3046,0.0907128,0.10825
-13.5972,-13.4806,0.00158547,1.15371
-13.796,-13.5976,0.173419,0.0127403
-13.8796,-13.8795,0.523252,0.000290988
