7.59687,7.57504,4.00433e-15,0.24029
7.33532,7.31711,9.43535e-15,0.37594
7.00508,6.99892,1.85275e-14,0.508287
6.62295,6.63918,1.77184e-14,0.66311
6.17067,6.21804,5.2358e-14,0.827848
5.64711,5.72513,4.96786e-14,1.04274
5.04547,5.13952,9.06626e-14,1.30273
4.37325,4.46939,1.34897e-13,1.55224
3.65108,3.7405,1.45319e-13,1.78407
2.87857,2.95932,2.75757e-13,2.01971
2.05862,2.1342,3.2885e-13,2.18754
1.21187,1.29227,4.87526e-13,2.2576
0.369829,0.45714,5.4199e-13,2.25979
-0.463392,-0.358421,8.34486e-13,2.23155
-1.27489,-1.1558,1.18832e-12,2.20059
-2.09411,-1.943,1.20986e-12,2.18843
-2.90552,-2.72953,2.11539e-12,2.14723
-3.67766,-3.51051,4.31921e-12,1.93715
-4.37019,-4.22546,1.49469e-12,1.73242
-5.0335,-4.90442,7.43923e-12,1.64763
-5.66602,-5.55247,1.7829e-11,1.55864
-6.28983,-6.18164,4.36275e-12,1.52656
-6.90826,-6.80007,9.01994e-12,1.50784
-7.51337,-7.40661,1.07585e-10,1.52138
-8.11574,-8.00305,6.87474e-11,1.55333
-8.71637,-8.58306,5.20846e-12,1.6705
-9.35595,-9.16048,6.98136e-09,1.92861
-10.0539,-9.74443,9.48606e-07,2.50489
-10.5172,-10.2822,3.25723e-05,2.16917
-10.9504,-10.6503,0.000267675,3.09407
-11.2271,-10.9809,0.00436785,1.46839
-11.5354,-11.2446,0.00963155,1.94209
-11.8502,-11.5129,0.0123528,2.33879
-12.1568,-11.7641,0.0157893,2.15547
-12.4502,-12.0164,0.0188974,1.55584
-12.73,-12.2374,0.0199235,0.758995
-12.9881,-12.4728,0.0303572,0.27845
-13.0595,-12.7425,0.0415807,0.167562
-13.3038,-13.0202,0.0578337,0.127975
-13.5415,-13.3046,0.0907218,0.107074
-13.5972,-13.4823,0.00159197,1.12505
-13.8255,-13.5976,0.173399,0.0127402
-13.8796,-13.8795,0.523252,0.000290995
