7.60714,7.58515,8.72647e-16,0.230887
7.36105,7.34034,2.12465e-15,0.360372
7.04532,7.03587,2.61624e-15,0.487228
6.6828,6.69306,9.22764e-15,0.630924
6.2531,6.29194,2.9186e-15,0.790205
5.75804,5.82727,1.69184e-14,0.986385
5.18915,5.27551,1.5596e-14,1.23183
4.55093,4.63915,2.30139e-14,1.483
3.86092,3.94236,4.80224e-14,1.70993
3.126,3.19516,3.42467e-14,1.94659
2.34185,2.40277,7.51838e-14,2.1449
1.52591,1.58598,8.59433e-14,2.24033
0.70325,0.767892,1.54752e-13,2.25989
-0.112633,-0.0344827,1.43738e-13,2.24054
-0.910589,-0.818618,2.14516e-13,2.2178
-1.70433,-1.58789,4.43862e-13,2.20245
-2.50026,-2.35517,3.43514e-13,2.16135
-3.28782,-3.12937,4.14983e-13,2.10036
-4.00054,-3.86217,2.28317e-12,1.86343
-4.66095,-4.54095,1.3436e-13,1.75155
-5.30012,-5.1953,1.01087e-12,1.67422
-5.91283,-5.81917,1.21184e-11,1.64078
-6.52348,-6.4318,2.74381e-12,1.65655
-7.12361,-7.03079,8.89558e-15,1.71226
-7.71267,-7.61718,7.08772e-11,1.83768
-8.29903,-8.18863,1.24372e-10,2.0649
-8.89456,-8.73911,2.29558e-12,2.56269
-9.52748,-9.27634,2.38605e-08,3.3663
-10.197,-9.80786,1.23416e-06,4.51347
-10.6132,-10.2882,3.25204e-05,2.83971
-10.9902,-10.651,0.000273406,2.82348
-11.2769,-10.9863,0.00461272,1.03476
-11.5827,-11.2601,0.0103276,1.19456
-11.887,-11.5456,0.01374,1.38129
-12.1826,-11.8094,0.0167527,1.64921
-12.4662,-12.0593,0.0187419,1.77111
-12.7403,-12.2547,0.0171028,1.11495
-13.0098,-12.4734,0.0300425,0.301942
-13.1549,-12.7426,0.0415982,0.168707
-13.3043,-13.0205,0.0578821,0.123365
-13.5611,-13.3049,0.0907464,0.100394
-13.5973,-13.4869,0.00150187,1.06285
-13.8481,-13.5976,0.173392,0.0127582
-13.8796,-13.8795,0.523252,0.000290306
