7.61637,7.59429,1.04412e-16,0.221747
7.38454,7.36155,2.55267e-16,0.345034
7.0828,7.07025,1.79526e-16,0.465935
6.73789,6.74251,1.9535e-15,0.598525
6.32922,6.36008,3.597e-17,0.751774
5.85994,5.92009,3.27982e-15,0.929663
5.32132,5.39932,8.03479e-16,1.16047
4.71577,4.79599,1.71703e-15,1.40949
4.0564,4.12942,5.66108e-15,1.63212
3.35555,3.41413,3.41155e-16,1.85928
2.6071,2.65362,7.24467e-15,2.06796
1.82266,1.8609,4.43595e-15,2.18423
1.01981,1.05961,1.28842e-14,2.22587
0.22277,0.269893,2.74096e-15,2.22186
-0.565997,-0.501613,1.14174e-14,2.20287
-1.33793,-1.25872,2.78925e-14,2.18166
-2.11801,-2.00867,2.06712e-16,2.17642
-2.89032,-2.7582,6.38233e-15,2.15648
-3.63076,-3.50516,1.9997e-13,1.97437
-4.29876,-4.19487,4.28467e-13,1.80007
-4.93752,-4.85061,2.56076e-13,1.7459
-5.55015,-5.47856,1.42962e-12,1.69387
-6.14969,-6.08543,2.78818e-12,1.73093
-6.74643,-6.68183,9.34756e-13,1.83145
-7.33038,-7.26223,1.11318e-11,2.0821
-7.90717,-7.82402,1.83122e-11,2.63022
-8.47771,-8.35486,1.87711e-10,3.7642
-9.06981,-8.84102,1.31324e-10,5.54405
-9.69707,-9.30259,2.64567e-08,5.63548
-10.3041,-9.80859,1.26189e-06,4.14527
-10.7171,-10.3075,3.93295e-05,1.68366
-11.0288,-10.6979,0.000392557,1.62832
-11.3206,-11.0112,0.00534545,0.659378
-11.6234,-11.2939,0.01111,0.730982
-11.9177,-11.5883,0.0148775,0.831707
-12.2019,-11.8594,0.0178386,1.19454
-12.4759,-12.1142,0.0199604,1.89304
-12.7447,-12.2809,0.0121382,2.0236
-13.0128,-12.4734,0.0299419,0.313108
-13.2094,-12.7426,0.041603,0.168883
-13.3048,-13.021,0.05804,0.116024
-13.5727,-13.3054,0.09076,0.0883615
-13.5973,-13.4944,0.0012987,0.970683
-13.8608,-13.5976,0.173402,0.012712
-13.8796,-13.8795,0.523251,0.000287804
