7.62463,7.60279,3.6739e-16,0.212328
7.40588,7.38122,9.01663e-16,0.32951
7.11759,7.1029,2.15121e-15,0.44342
6.78839,6.78892,1.09282e-15,0.565158
6.39938,6.42424,9.13815e-15,0.711334
5.95337,6.00659,2.4441e-15,0.872161
5.4427,5.51531,1.12675e-14,1.08544
4.86788,4.9443,1.25397e-14,1.32441
4.23773,4.30691,1.28396e-14,1.54371
3.56704,3.62166,3.60698e-14,1.75718
2.85252,2.89169,2.20047e-14,1.9696
2.09818,2.12458,4.36413e-14,2.1144
1.31932,1.3439,4.41392e-14,2.17686
0.54058,0.56824,9.08297e-14,2.18073
-0.233727,-0.190793,7.37913e-14,2.15401
-0.990708,-0.937019,9.60728e-14,2.13282
-1.74782,-1.67114,2.42728e-13,2.12387
-2.50613,-2.40259,1.33168e-13,2.07949
-3.25838,-3.14267,1.05442e-13,2.01875
-3.94524,-3.84817,1.16575e-12,1.7983
-4.58204,-4.5068,3.29354e-14,1.69193
-5.2003,-5.14226,1.81293e-13,1.63041
-5.79154,-5.7483,5.68482e-12,1.60847
-6.37906,-6.34307,2.23919e-14,1.67313
-6.95966,-6.92523,2.08224e-12,1.84706
-7.52853,-7.4907,2.36278e-11,2.37281
-8.09468,-8.02556,7.35036e-14,4.21128
-8.65573,-8.47537,2.82293e-10,9.26613
-9.24526,-8.85034,2.04131e-10,8.01269
-9.87285,-9.32252,3.70853e-08,3.38262
-10.3924,-9.8832,2.12212e-06,2.1298
-10.8192,-10.3643,5.81096e-05,0.966126
-11.0783,-10.7762,0.000725728,1.02312
-11.3676,-11.0483,0.0061945,0.556991
-11.6648,-11.3323,0.0116413,0.568356
-11.948,-11.6262,0.0154691,0.600177
-12.2192,-11.8968,0.0183795,0.902429
-12.4832,-12.1559,0.0220077,1.63472
-12.7472,-12.3093,0.00708784,3.31561
-13.0139,-12.4737,0.0301632,0.280714
-13.2364,-12.7426,0.041527,0.16656
-13.3053,-13.0216,0.0582614,0.109966
-13.5787,-13.3061,0.0907433,0.076614
-13.5974,-13.5027,0.00106511,0.878491
-13.8668,-13.5976,0.173426,0.0125836
-13.8796,-13.8795,0.523248,0.000284117
