7.63198,7.61059,8.60652e-17,0.203575
7.42514,7.39949,1.92233e-16,0.31595
7.1497,7.13385,1.63991e-16,0.422666
6.8345,6.83248,1.26442e-15,0.535314
6.46386,6.48487,5.4226e-17,0.675394
6.03885,6.08762,3.22954e-15,0.822461
5.55384,5.62434,3.33087e-16,1.02009
5.00732,5.08452,1.89329e-15,1.24851
4.40498,4.47639,3.56337e-15,1.46667
3.76152,3.81989,4.89788e-16,1.66864
3.07871,3.11959,9.77237e-15,1.88079
2.35454,2.38073,4.12035e-15,2.04958
1.603,1.62179,9.3365e-15,2.13015
0.841403,0.861812,3.60469e-15,2.14744
0.0839177,0.113756,1.99205e-14,2.12414
-0.664871,-0.61782,1.49309e-14,2.1005
-1.40199,-1.33952,4.79468e-15,2.07321
-2.14706,-2.0567,7.97097e-14,2.04617
-2.88444,-2.77337,5.28367e-14,2.01188
-3.59512,-3.49002,1.24326e-14,1.83761
-4.24017,-4.15719,8.93078e-13,1.65874
-4.85616,-4.79459,8.23252e-14,1.57844
-5.45064,-5.40727,5.58781e-13,1.49668
-6.02835,-5.99803,3.512e-12,1.4772
-6.60406,-6.58126,5.6034e-14,1.51521
-7.16858,-7.15098,1.32935e-11,1.68896
-7.72325,-7.70398,7.16928e-12,2.41204
-8.27526,-8.20468,2.19925e-14,7.95589
-8.83188,-8.49938,3.43243e-10,15.7273
-9.4177,-8.89289,2.31794e-10,3.53286
-10.0454,-9.42024,9.48341e-08,1.64402
-10.4794,-10.0033,4.58025e-06,1.31619
-10.9022,-10.4311,8.53669e-05,0.74853
-11.1461,-10.8495,0.00139825,0.707175
-11.427,-11.0939,0.00694635,0.569336
-11.7155,-11.3723,0.0119115,0.544997
-11.9855,-11.6588,0.0155935,0.536962
-12.2391,-11.9219,0.0182331,0.815115
-12.49,-12.1769,0.0227546,1.48454
-12.749,-12.3239,0.00450905,4.22093
-13.0145,-12.4748,0.0304306,0.226706
-13.251,-12.7428,0.0413813,0.162845
-13.3058,-13.0221,0.0584546,0.107286
-13.5818,-13.3067,0.0907169,0.0691054
-13.5974,-13.5093,0.00088355,0.812962
-13.8696,-13.5977,0.173451,0.012426
-13.8796,-13.8795,0.523246,0.000280664
