7.6385,7.61766,2.93568e-16,0.196033
7.44252,7.41622,6.88536e-16,0.305005
7.17932,7.16275,9.24969e-16,0.4065
6.8767,6.87293,2.89847e-15,0.512662
6.52326,6.54162,3.88408e-16,0.64689
6.11731,6.163,7.7319e-15,0.785751
5.65577,5.72571,2.62237e-15,0.968575
5.13522,5.21526,7.80686e-15,1.18523
4.55956,4.63625,1.09259e-14,1.40226
3.94167,4.00701,7.27594e-15,1.59948
3.28792,3.33573,2.83875e-14,1.80893
2.59336,2.62504,1.80302e-14,1.99312
1.86802,1.88844,3.28384e-14,2.0944
1.12407,1.14418,2.98203e-14,2.13144
0.382902,0.408943,7.10117e-14,2.12459
-0.354833,-0.310778,5.87879e-14,2.092
-1.07638,-1.01977,6.97244e-14,2.06947
-1.80119,-1.72138,2.06266e-13,2.05968
-2.52591,-2.41887,1.07007e-13,2.00816
-3.2464,-3.12604,8.33766e-14,1.93849
-3.90855,-3.80719,1.01481e-12,1.7197
-4.52383,-4.44515,3.89002e-14,1.59382
-5.12222,-5.06361,4.49797e-13,1.50447
-5.69504,-5.65447,5.61142e-12,1.42584
-6.26222,-6.23297,2.03163e-14,1.3957
-6.82516,-6.80391,1.21712e-14,1.3939
-7.37638,-7.36261,4.32442e-11,1.50817
-7.92125,-7.9049,7.97938e-12,2.32843
-8.45892,-8.32715,5.06487e-11,19.9651
-9.01274,-8.51884,2.64929e-10,8.33379
-9.59298,-9.01396,1.20872e-09,1.58803
-10.1971,-9.54661,2.44285e-07,1.21637
-10.5811,-10.1207,1.01567e-05,1.0164
-10.9617,-10.5033,0.000122875,0.737981
-11.2215,-10.9051,0.00234259,0.545015
-11.5012,-11.1431,0.00759542,0.62438
-11.7839,-11.4128,0.0120108,0.615004
-12.0446,-11.688,0.0153765,0.592138
-12.2722,-11.9384,0.0175768,0.902034
-12.499,-12.1845,0.0224969,1.60882
-12.7507,-12.3251,0.00403257,4.44678
-13.0149,-12.4765,0.0304414,0.197631
-13.2604,-12.743,0.0412271,0.159337
-13.3062,-13.0223,0.0585811,0.106809
-13.5837,-13.3071,0.0907068,0.0652638
-13.5974,-13.5136,0.000763537,0.773524
-13.8711,-13.5977,0.173471,0.0122885
-13.8796,-13.8795,0.523244,0.00027795
