7.64435,7.62399,1.04078e-15,0.189346
7.4584,7.43144,2.7322e-15,0.296334
7.20699,7.18954,5.73594e-15,0.393035
6.916,6.91035,6.01505e-15,0.495054
6.57878,6.5943,1.85029e-14,0.623505
6.19049,6.23262,9.7402e-15,0.755596
5.75059,5.81849,3.07979e-14,0.924339
5.25422,5.3349,3.08182e-14,1.13059
4.70435,4.78392,4.48502e-14,1.34549
4.11091,4.18046,7.24513e-14,1.54417
3.48318,3.53642,6.12703e-14,1.74601
2.81676,2.85283,1.24401e-13,1.9405
2.11646,2.13822,1.35118e-13,2.06727
1.39421,1.41268,1.96559e-13,2.13122
0.669154,0.689833,1.95648e-13,2.13679
-0.0536286,-0.0190391,3.26027e-13,2.11141
-0.766634,-0.715957,3.8889e-13,2.08827
-1.47332,-1.4036,3.96862e-13,2.0707
-2.18743,-2.08932,8.68173e-13,2.04055
-2.89422,-2.77351,1.00216e-12,2.00932
-3.57704,-3.46098,6.35656e-13,1.84696
-4.20058,-4.10785,3.67456e-12,1.66468
-4.79608,-4.72488,6.71061e-13,1.57834
-5.37373,-5.3219,8.28976e-13,1.47543
-5.93255,-5.89612,1.32303e-11,1.40841
-6.48941,-6.46277,3.78288e-12,1.36697
-7.03774,-7.02106,7.84058e-14,1.33679
-7.57618,-7.56943,7.03629e-11,1.345
-8.11281,-8.10477,9.28938e-11,1.90516
-8.64375,-8.3607,2.04624e-10,28.8483
-9.19731,-8.6446,5.50621e-11,1.63976
-9.777,-9.16754,7.99304e-09,1.26717
-10.317,-9.69482,6.28396e-07,1.25255
-10.701,-10.2279,2.17417e-05,0.938923
-11.011,-10.5895,0.000188099,0.904396
-11.2869,-10.9497,0.00340249,0.52174
-11.5731,-11.1925,0.00824132,0.758625
-11.8569,-11.4541,0.0120283,0.841207
-12.1288,-11.7152,0.0148189,0.841699
-12.3536,-11.9479,0.0165604,1.17176
-12.5225,-12.1851,0.0222179,1.73697
-12.7533,-12.3292,0.00445374,4.13048
-13.0153,-12.4783,0.0301946,0.194483
-13.2681,-12.7433,0.0410946,0.15626
-13.3067,-13.0224,0.0586495,0.107108
-13.5849,-13.3073,0.0907169,0.0634758
-13.5975,-13.5166,0.000681068,0.74973
-13.8719,-13.5977,0.173488,0.0121792
-13.8796,-13.8795,0.523242,0.000275736
