7.64967,7.62966,1.42672e-15,0.182969
7.47315,7.4453,3.47205e-15,0.288416
7.23322,7.21435,5.86246e-15,0.380269
6.95325,6.94513,1.10352e-14,0.477857
6.63139,6.64307,8.24217e-15,0.598928
6.2597,6.29666,2.80837e-14,0.724716
5.83985,5.90282,1.94799e-14,0.879731
5.36627,5.44393,4.17368e-14,1.07443
4.84113,4.91944,5.23247e-14,1.28651
4.2712,4.34074,6.16229e-14,1.48564
3.66715,3.72168,1.13552e-13,1.67748
3.02789,3.06312,9.8619e-14,1.87542
2.35354,2.3718,1.63597e-13,2.03365
1.65553,1.66533,1.89385e-13,2.11019
0.945741,0.955835,2.82778e-13,2.13097
0.238016,0.256177,2.70721e-13,2.11716
-0.466403,-0.428255,4.05506e-13,2.09356
-1.15686,-1.10547,5.55477e-13,2.07022
-1.85224,-1.77771,4.78462e-13,2.06743
-2.54627,-2.44586,9.70926e-13,2.02312
-3.23765,-3.12231,1.58762e-12,1.96474
-3.87664,-3.77861,6.02209e-13,1.75776
-4.47195,-4.39853,4.78475e-12,1.62544
-5.05136,-4.99882,2.24981e-12,1.54367
-5.60768,-5.57453,2.5753e-13,1.45445
-6.15618,-6.13663,1.30283e-11,1.40157
-6.70193,-6.69072,1.06818e-11,1.35457
-7.23651,-7.23664,6.72192e-13,1.32278
-7.76257,-7.77329,4.35515e-11,1.29325
-8.28585,-8.29558,7.94375e-11,2.67388
-8.8134,-8.37838,4.20246e-10,28.7475
-9.36539,-8.82202,5.81074e-11,1.35187
-9.94987,-9.34067,4.43709e-08,1.32141
-10.4084,-9.87645,1.88395e-06,1.4399
-10.8114,-10.335,4.53199e-05,0.973067
-11.0625,-10.7071,0.000384853,1.23903
-11.3407,-10.9991,0.00466187,0.684018
-11.6273,-11.2488,0.00894735,1.09155
-11.907,-11.5017,0.0119544,1.46026
-12.1824,-11.7427,0.013632,1.59928
-12.4481,-11.951,0.0155751,1.53046
-12.6312,-12.1871,0.0229651,1.36538
-12.7621,-12.3568,0.0046342,3.57211
-13.0159,-12.4807,0.0294518,0.226205
-13.2759,-12.7437,0.0409744,0.153119
-13.3075,-13.0224,0.0586716,0.107362
-13.586,-13.3074,0.0907433,0.0627346
-13.5975,-13.5191,0.000613387,0.732664
-13.8725,-13.5977,0.173503,0.0120897
-13.8796,-13.8795,0.52324,0.000273674
