7.65454,7.63481,2.5054e-16,0.176681
7.48694,7.4583,7.50937e-16,0.28021
7.25819,7.23784,1.70367e-15,0.365679
6.98879,6.97817,1.583e-15,0.458828
6.6813,6.68901,6.48582e-15,0.570471
6.32524,6.35662,1.39694e-15,0.689047
5.92392,5.98106,1.10682e-14,0.829627
5.47184,5.5454,6.79092e-15,1.01165
4.97013,5.04629,1.30155e-14,1.21621
4.42314,4.49178,1.97774e-14,1.41247
3.84174,3.89604,1.4184e-14,1.59355
3.22871,3.26218,4.29403e-14,1.78978
2.58067,2.59485,3.24228e-14,1.95887
1.90596,1.9069,5.19135e-14,2.04921
1.21323,1.21156,5.02972e-14,2.08888
0.521098,0.52402,1.0079e-13,2.08631
-0.169677,-0.151176,8.03956e-14,2.05405
-0.849797,-0.816779,1.09213e-13,2.03853
-1.5277,-1.47562,2.1746e-13,2.02499
-2.2124,-2.13311,9.95719e-14,1.98864
-2.89014,-2.79016,1.92026e-13,1.95887
-3.54739,-3.45058,7.18031e-13,1.81197
-4.15081,-4.07613,2.76591e-16,1.63994
-4.72657,-4.67587,1.87087e-12,1.54753
-5.2877,-5.25678,1.83216e-12,1.45031
-5.82834,-5.81568,5.49644e-13,1.38253
-6.36641,-6.36736,3.20766e-12,1.34637
-6.89885,-6.908,9.22879e-12,1.32784
-7.42108,-7.4402,1.21615e-11,1.37934
-7.93783,-7.95872,2.11725e-16,2.00343
-8.44671,-8.34389,5.56468e-11,22.4145
-8.96854,-8.52185,4.09529e-10,6.96838
-9.51273,-9.00615,1.48897e-09,1.64994
-10.0906,-9.51211,1.7403e-07,1.34371
-10.485,-10.0578,6.19928e-06,1.26729
-10.8873,-10.4432,8.58221e-05,0.918065
-11.1181,-10.8394,0.00120819,1.01296
-11.3881,-11.0749,0.00622255,0.883632
-11.6682,-11.3285,0.00990267,1.40338
-11.9389,-11.5718,0.0118666,2.72568
-12.2059,-11.7764,0.0107374,3.85893
-12.4717,-11.951,0.0155154,1.55649
-12.7326,-12.1964,0.0240992,0.65025
-12.8431,-12.431,0.00997654,2.3631
-13.017,-12.4907,0.0228532,0.678985
-13.2841,-12.7446,0.0407936,0.150105
-13.309,-13.0224,0.0586453,0.106931
-13.5869,-13.3076,0.0907828,0.0625735
-13.5975,-13.5216,0.000546166,0.716795
-13.8729,-13.5977,0.173521,0.0120088
-13.8796,-13.8795,0.523237,0.000271455
