7.65895,7.63963,9.91957e-18,0.170638
7.49975,7.47076,5.5715e-17,0.272315
7.28173,7.26044,1.92095e-16,0.351253
7.02236,7.01015,6.94769e-17,0.439523
6.72795,6.73288,1.48959e-15,0.54116
6.38649,6.41363,7.01757e-17,0.654044
6.0021,6.05488,2.7038e-15,0.782333
5.57011,5.64147,2.30583e-16,0.950921
5.09031,5.16677,1.66333e-15,1.14534
4.56573,4.63623,2.52419e-15,1.33583
4.00614,4.06289,7.33357e-16,1.5096
3.41693,3.45341,9.57634e-15,1.69782
2.79368,2.80978,2.37442e-15,1.87308
2.14113,2.14042,8.15695e-15,1.98494
1.46903,1.46272,6.62472e-15,2.04047
0.791688,0.786395,2.18751e-14,2.04254
0.115064,0.121283,8.41356e-15,2.01763
-0.557947,-0.532366,2.18559e-14,1.98963
-1.21997,-1.18008,4.37878e-14,1.96682
-1.8873,-1.8261,5.67365e-15,1.95871
-2.55245,-2.46619,7.75333e-14,1.91778
-3.2163,-3.11475,1.9635e-13,1.85678
-3.83377,-3.74856,1.02464e-14,1.66522
-4.4101,-4.34928,1.3341e-12,1.54085
-4.9707,-4.93231,4.6814e-14,1.46284
-5.51151,-5.49203,3.31461e-13,1.37585
-6.04147,-6.03703,5.24599e-12,1.32825
-6.56921,-6.57646,1.18741e-12,1.3164
-7.08755,-7.10264,2.73163e-12,1.39967
-7.59715,-7.61573,4.34404e-11,1.85116
-8.10511,-8.08811,7.66156e-11,6.64624
-8.60556,-8.34787,2.05461e-11,18.5051
-9.12212,-8.69521,1.4611e-10,3.9921
-9.65616,-9.17496,9.62289e-09,1.75953
-10.2039,-9.66885,4.89015e-07,1.36183
-10.5615,-10.1881,1.57469e-05,0.964883
-10.937,-10.5394,0.000139347,0.81799
-11.1725,-10.9171,0.00256614,0.521616
-11.4336,-11.1521,0.00756357,0.588099
-11.704,-11.4098,0.0111184,0.790185
-11.9634,-11.6601,0.0133764,2.24156
-12.2197,-11.8259,0.00472012,8.82949
-12.4793,-11.9541,0.0170908,0.843718
-12.7428,-12.2083,0.0240326,0.274942
-12.9572,-12.472,0.0301871,0.275359
-13.0212,-12.6008,0.00275571,2.00659
-13.2914,-12.7476,0.0398065,0.165624
-13.3117,-13.0225,0.058546,0.105137
-13.5875,-13.3077,0.0908294,0.0628216
-13.5975,-13.5244,0.00047757,0.699239
-13.8731,-13.5977,0.173539,0.0119359
-13.8796,-13.8795,0.523235,0.000269088
