7.66291,7.6441,6.89854e-16,0.164987
7.5115,7.48264,1.71097e-15,0.265609
7.30355,7.28192,2.84369e-15,0.338853
7.0535,7.04073,5.25698e-15,0.422418
6.77067,6.77415,3.74086e-15,0.51497
6.44268,6.46736,1.49256e-14,0.624619
6.07366,6.12412,6.63412e-15,0.744898
5.66012,5.73155,2.1455e-14,0.900464
5.20048,5.27997,2.07326e-14,1.08414
4.69718,4.77286,2.89621e-14,1.2711
4.15787,4.22125,4.7097e-14,1.44449
3.5894,3.63549,3.67533e-14,1.62231
2.98924,3.01469,8.37177e-14,1.80045
2.35902,2.36599,8.32592e-14,1.93661
1.7082,1.70531,1.22067e-13,2.0001
1.04453,1.04088,1.27599e-13,2.01781
0.381593,0.38588,2.29029e-13,2.00454
-0.280349,-0.256337,2.3112e-13,1.97097
-0.931043,-0.892879,3.03501e-13,1.95198
-1.58261,-1.52379,5.44997e-13,1.94348
-2.24035,-2.15435,4.04346e-13,1.90306
-2.89171,-2.78403,6.80763e-13,1.87717
-3.52496,-3.41756,1.67082e-12,1.74861
-4.1093,-4.0232,3.38698e-13,1.58404
-4.66673,-4.60405,4.39179e-12,1.50055
-5.21174,-5.16865,3.83895e-12,1.4244
-5.73605,-5.70992,2.23105e-13,1.38087
-6.25676,-6.24109,1.32926e-11,1.39439
-6.77376,-6.76356,1.84006e-11,1.49282
-7.2802,-7.2699,3.79509e-13,1.97387
-7.77865,-7.74362,1.01484e-10,4.37648
-8.27414,-8.1106,1.537e-10,12.7712
-8.77159,-8.42392,1.97737e-11,8.0146
-9.28698,-8.8588,1.80471e-11,3.11002
-9.81925,-9.33154,4.02022e-08,1.86441
-10.308,-9.82278,1.23339e-06,1.51081
-10.6574,-10.2842,3.11049e-05,0.885008
-10.9796,-10.6306,0.000223493,0.872549
-11.2286,-10.961,0.00365525,0.406504
-11.486,-11.2045,0.00840124,0.469519
-11.7447,-11.4625,0.0117693,0.449819
-11.9897,-11.7165,0.0149065,0.57433
-12.2316,-11.8819,7.24912e-05,12.0697
-12.4838,-11.968,0.0188928,0.384798
-12.7454,-12.2182,0.0231108,0.233475
-13.0056,-12.4757,0.0307152,0.179533
-13.0504,-12.7247,0.0280998,0.828345
-13.2964,-12.7834,0.0137314,1.2159
-13.3163,-13.0226,0.0583131,0.101478
-13.5879,-13.3078,0.0908703,0.0634207
-13.5976,-13.5273,0.000417566,0.681064
-13.8732,-13.5977,0.173556,0.0118846
-13.8796,-13.8795,0.523233,0.000267198
