7.66648,7.64816,9.33696e-16,0.160101
7.52232,7.49383,2.99173e-15,0.259925
7.3237,7.30199,5.99052e-15,0.32797
7.0823,7.06931,7.77412e-15,0.408051
6.80969,6.81219,1.57733e-14,0.493363
6.49429,6.51738,1.0442e-14,0.600737
6.13934,6.18851,3.26454e-14,0.714671
5.74273,5.81468,2.54779e-14,0.85815
5.30164,5.38469,4.82421e-14,1.03234
4.81819,4.90026,6.06807e-14,1.21768
4.29772,4.36996,7.12295e-14,1.39323
3.74808,3.80582,1.22306e-13,1.5614
3.16987,3.20684,1.06887e-13,1.74085
2.56155,2.57907,1.79069e-13,1.89563
1.92998,1.93458,2.04194e-13,1.97332
1.28141,1.28455,2.88304e-13,2.01105
0.631833,0.640201,2.90904e-13,2.00669
-0.0177447,0.00663826,4.60566e-13,1.97788
-0.66259,-0.617638,5.49398e-13,1.9541
-1.30052,-1.23721,6.34411e-13,1.93252
-1.94402,-1.85642,1.20413e-12,1.92545
-2.58384,-2.46989,1.19051e-12,1.88894
-3.22334,-3.09126,1.41985e-12,1.84526
-3.82012,-3.70186,3.82912e-12,1.68328
-4.3791,-4.28316,1.20529e-12,1.57299
-4.92309,-4.84645,6.82626e-12,1.52845
-5.45001,-5.38893,1.26028e-11,1.48874
-5.96451,-5.91325,3.07999e-12,1.5466
-6.47698,-6.42629,2.46073e-11,1.7909
-6.98228,-6.92016,6.39545e-11,2.47813
-7.47905,-7.37913,2.30172e-11,4.73789
-7.97167,-7.76802,1.65311e-10,8.47504
-8.45553,-8.13854,1.0518e-10,6.69887
-8.95089,-8.56286,7.76528e-11,3.72505
-9.46554,-9.02312,1.37106e-09,2.53736
-10.0084,-9.48886,1.36546e-07,1.92129
-10.418,-9.98594,3.44463e-06,1.64961
-10.793,-10.3767,5.60717e-05,0.996075
-11.0394,-10.7368,0.000450407,1.11304
-11.3015,-11.0046,0.00468158,0.536499
-11.5652,-11.2512,0.00894316,0.631098
-11.8177,-11.5038,0.0119558,0.655198
-12.0433,-11.748,0.014365,0.628037
-12.2525,-11.9233,0.0048663,8.14801
-12.489,-12.0129,0.0145348,3.83049
-12.7472,-12.2282,0.0214759,0.395467
-13.0119,-12.477,0.0306337,0.166479
-13.1069,-12.7385,0.0396817,0.254303
-13.2999,-12.903,0.00267623,1.95152
-13.3247,-13.023,0.0576085,0.0966626
-13.5883,-13.3079,0.0908964,0.0644979
-13.5976,-13.5299,0.000371214,0.665261
-13.8733,-13.5977,0.173568,0.0118641
-13.8796,-13.8795,0.523231,0.000266241
