7.6698,7.65186,1.02959e-15,0.155684
7.53259,7.50421,2.65132e-15,0.255315
7.34279,7.32038,4.45426e-15,0.318876
7.10963,7.0957,7.65303e-15,0.395568
6.84638,6.84695,7.05579e-15,0.475946
6.54317,6.56361,2.0396e-14,0.581368
6.20161,6.24781,1.15681e-14,0.689419
5.8209,5.89058,3.29863e-14,0.822417
5.39735,5.48066,3.15288e-14,0.989183
4.93277,5.01768,4.9056e-14,1.17136
4.43067,4.50793,7.00218e-14,1.34731
3.89939,3.96329,7.05697e-14,1.5092
3.34188,3.38524,1.38608e-13,1.68828
2.75435,2.7777,1.32927e-13,1.85197
2.14117,2.14848,1.96321e-13,1.95625
1.51051,1.51369,2.31706e-13,2.00798
0.873379,0.879564,3.47906e-13,2.01295
0.235828,0.255055,3.4626e-13,1.9923
-0.400819,-0.358932,5.12596e-13,1.9614
-1.02641,-0.969572,6.80466e-13,1.94825
-1.65507,-1.57518,7.06682e-13,1.95424
-2.289,-2.17923,1.42382e-12,1.92393
-2.9179,-2.78177,1.85187e-12,1.91637
-3.52858,-3.38924,1.74213e-12,1.82148
-4.09488,-3.97433,5.91297e-12,1.69507
-4.63609,-4.53422,2.50031e-12,1.66583
-5.16634,-5.07725,8.16784e-12,1.70479
-5.67687,-5.59392,2.67395e-11,1.86976
-6.18314,-6.09123,1.58489e-11,2.39085
-6.68671,-6.5609,6.04674e-11,3.74927
-7.18046,-6.98378,1.51365e-10,5.82509
-7.66655,-7.38186,3.6343e-11,5.93564
-8.15202,-7.80304,9.11469e-11,4.07607
-8.63175,-8.25355,1.2569e-10,2.74786
-9.12543,-8.71342,2.47638e-11,2.15185
-9.63412,-9.18283,9.5796e-09,1.88151
-10.1648,-9.6478,3.97283e-07,1.71513
-10.5195,-10.1384,1.01952e-05,1.368
-10.9008,-10.4789,9.73632e-05,1.08151
-11.1226,-10.8532,0.00130539,1.06961
-11.3818,-11.074,0.00586257,0.942453
-11.6521,-11.3134,0.00922066,1.20015
-11.9152,-11.549,0.0115627,1.66286
-12.1725,-11.7674,0.0123316,2.1099
-12.3772,-11.9453,0.0129725,2.98613
-12.5125,-12.1283,0.0138529,4.79255
-12.75,-12.2571,0.0144621,1.7584
-13.0139,-12.4782,0.0304004,0.168289
-13.1808,-12.7411,0.0405687,0.196911
-13.3028,-13.0187,0.053392,0.60516
-13.3491,-13.0415,0.00592796,1.96495
-13.5889,-13.3081,0.0908949,0.0672969
-13.5976,-13.533,0.000328346,0.653326
-13.8733,-13.5977,0.173578,0.0118676
-13.8796,-13.8795,0.523231,0.00026598
