7.67296,7.65525,1.79556e-16,0.151593
7.54255,7.51403,7.29254e-16,0.249929
7.36121,7.33742,1.47369e-15,0.309046
7.13609,7.12031,1.78901e-15,0.38264
6.88176,6.87934,4.39822e-15,0.458008
6.59066,6.60704,1.6037e-15,0.559537
6.26209,6.30309,1.08479e-14,0.660623
5.89647,5.96072,4.20619e-15,0.783543
5.48983,5.56969,1.36992e-14,0.939822
5.04349,5.12668,1.38802e-14,1.11443
4.55988,4.63645,1.75898e-14,1.28579
4.0468,4.10977,3.25301e-14,1.44462
3.50833,3.55182,2.19117e-14,1.61674
2.94103,2.96347,5.74405e-14,1.78592
2.34755,2.35081,5.73027e-14,1.91094
1.73608,1.72943,8.72064e-14,1.97067
1.1117,1.1046,9.33619e-14,1.99318
0.487119,0.489093,1.82191e-13,1.98336
-0.137604,-0.116358,1.86199e-13,1.95242
-0.75611,-0.715239,2.82068e-13,1.93841
-1.37166,-1.31056,4.70966e-13,1.92693
-1.99282,-1.90759,3.99708e-13,1.92226
-2.60912,-2.49747,9.16867e-13,1.90955
-3.22582,-3.09268,1.78201e-12,1.90359
-3.8033,-3.67954,1.31087e-12,1.79757
-4.3459,-4.24097,7.26374e-12,1.77454
-4.87396,-4.77946,5.2346e-12,1.92396
-5.38755,-5.29239,1.24459e-11,2.34957
-5.88722,-5.76561,6.53087e-11,3.68019
-6.38479,-6.18345,7.54398e-11,6.03993
-6.87726,-6.57118,9.79424e-11,5.71063
-7.36075,-6.99794,1.01256e-10,3.55773
-7.83743,-7.45907,3.886e-12,2.42494
-8.30982,-7.9278,3.6394e-11,1.90216
-8.78625,-8.3946,2.15248e-10,1.60838
-9.27811,-8.85922,8.05607e-11,1.47068
-9.78237,-9.32713,3.70986e-08,1.36738
-10.2677,-9.79833,1.00418e-06,1.37599
-10.603,-10.2505,2.34299e-05,0.946673
-10.95,-10.578,0.000159265,0.965322
-11.1825,-10.9273,0.0027279,0.629533
-11.4352,-11.1548,0.00721813,0.865096
-11.6986,-11.3909,0.0095188,1.6086
-11.9548,-11.5993,0.0101361,3.74312
-12.2116,-11.7752,0.0102865,3.76221
-12.4718,-11.959,0.0162983,1.09367
-12.7088,-12.2036,0.023733,0.598703
-12.7758,-12.4302,0.0068579,3.25673
-13.0155,-12.4854,0.0253262,0.581905
-13.2536,-12.7433,0.0407994,0.171872
-13.3055,-13.0222,0.0588787,0.119294
-13.4502,-13.2402,0.00122957,2.98861
-13.5906,-13.309,0.0897317,0.122466
-13.5977,-13.5397,0.000251771,0.663336
-13.8735,-13.5977,0.173592,0.0119074
-13.8796,-13.8795,0.52323,0.000266103
