7.67596,7.65851,4.2318e-17,0.147385
7.55212,7.52344,4.89053e-17,0.244486
7.37872,7.35354,5.37347e-17,0.299777
7.16139,7.14387,1.89608e-16,0.369407
6.91558,6.91033,4.35685e-18,0.440714
6.63622,6.64874,1.47648e-15,0.536474
6.31995,6.35556,1.01498e-16,0.631355
5.96832,6.027,2.22188e-15,0.74463
5.57774,5.65363,1.5743e-16,0.889088
5.14878,5.22934,1.52914e-15,1.05349
4.6834,4.75831,2.05428e-15,1.22133
4.18779,4.24959,1.05344e-15,1.37951
3.66686,3.71098,8.12826e-15,1.54153
3.11979,3.14109,1.1794e-15,1.71282
2.54674,2.54602,7.98837e-15,1.8556
1.95328,1.93784,7.0341e-15,1.92783
1.34396,1.32604,1.61179e-14,1.96411
0.732306,0.717962,8.19762e-15,1.95946
0.119577,0.120291,3.61207e-14,1.9351
-0.492079,-0.469042,3.89267e-14,1.90653
-1.09416,-1.05561,5.87302e-14,1.89395
-1.69991,-1.64008,2.09569e-13,1.90521
-2.31016,-2.22251,1.37522e-13,1.87631
-2.91618,-2.80493,3.31123e-13,1.88121
-3.50603,-3.38978,1.34882e-12,1.8226
-4.05535,-3.95408,6.92632e-13,1.76771
-4.58031,-4.49546,8.26875e-12,1.9095
-5.09543,-5.00796,1.44283e-11,2.61308
-5.59233,-5.45852,4.62363e-11,5.37804
-6.0833,-5.8098,1.46471e-10,8.1364
-6.57204,-6.18979,4.65613e-11,4.29683
-7.05258,-6.64719,2.67481e-11,2.32732
-7.52585,-7.12247,6.0871e-11,1.7136
-7.99604,-7.60048,2.49112e-13,1.45058
-8.45678,-8.0731,6.48537e-12,1.31477
-8.92735,-8.53651,2.76432e-10,1.23344
-9.41425,-8.99703,1.24302e-09,1.19352
-9.91917,-9.45505,1.0194e-07,1.10833
-10.3468,-9.933,2.32391e-06,1.12303
-10.6823,-10.3322,4.09812e-05,0.739049
-10.9822,-10.665,0.000257382,0.860799
-11.2241,-10.9677,0.00374981,0.460207
-11.4728,-11.2066,0.0081763,0.620616
-11.727,-11.4467,0.0100131,1.38165
-11.9735,-11.6342,0.00818465,5.82568
-12.222,-11.7755,0.00986048,4.125
-12.4789,-11.9696,0.017254,0.527016
-12.7406,-12.2157,0.023508,0.240032
-12.8868,-12.4755,0.0305685,0.210248
-13.0172,-12.6312,0.00211168,1.9588
-13.2772,-12.7477,0.0396638,0.177843
-13.3075,-13.0226,0.05852,0.105813
-13.5762,-13.3074,0.0906113,0.0654879
-13.5973,-13.4719,0.000681315,1.89777
-13.6229,-13.5891,0.00054225,1.3542
-13.8736,-13.5978,0.173024,0.0207804
-13.8796,-13.8795,0.52323,0.000266558
