7.67877,7.66166,4.28198e-18,0.143378
7.56114,7.53259,8.32722e-19,0.239068
7.39503,7.36895,9.34212e-18,0.291176
7.18517,7.16665,4.50819e-20,0.357315
6.94745,6.94038,1.49769e-16,0.425238
6.67908,6.68895,3.01197e-16,0.515038
6.37421,6.40581,1.0524e-15,0.605244
6.03542,6.09012,4.28306e-16,0.711767
5.65996,5.73316,5.30959e-16,0.846211
5.24744,5.32682,4.88964e-20,1.00462
4.79962,4.87505,6.53143e-17,1.17175
4.32075,4.38465,7.00575e-16,1.33274
3.81674,3.86463,7.16542e-17,1.48535
3.28926,3.31414,4.00306e-15,1.65531
2.73557,2.73708,3.786e-16,1.80673
2.15918,2.1427,2.86845e-15,1.89719
1.56717,1.54409,2.13894e-15,1.94245
0.967374,0.945357,1.09248e-14,1.94585
0.366574,0.355804,2.36762e-15,1.92492
-0.234448,-0.224559,1.43336e-14,1.88838
-0.828161,-0.802321,1.88767e-14,1.87508
-1.42175,-1.37536,1.2837e-14,1.86595
-2.02082,-1.95111,1.40895e-13,1.84913
-2.61452,-2.52048,1.19863e-13,1.83217
-3.20934,-3.09747,1.58464e-13,1.8132
-3.76896,-3.66731,1.48615e-12,1.71614
-4.29589,-4.2121,6.58594e-13,1.75122
-4.80807,-4.73393,1.22329e-11,2.23985
-5.30843,-5.19216,6.34403e-11,5.88249
-5.79319,-5.48377,1.11615e-10,10.086
-6.27548,-5.85453,6.02744e-11,3.49504
-6.75434,-6.32335,9.41204e-12,1.89209
-7.22385,-6.803,3.75593e-12,1.48831
-7.68616,-7.27998,4.68363e-11,1.31751
-8.148,-7.75297,2.56412e-14,1.20363
-8.60305,-8.21823,4.15211e-12,1.13429
-9.06826,-8.67463,1.90015e-10,1.1076
-9.54656,-9.12909,6.05523e-09,1.08944
-10.0499,-9.57529,2.33315e-07,1.01739
-10.422,-10.0513,5.15741e-06,0.966298
-10.7694,-10.4037,6.2584e-05,0.681335
-11.0167,-10.7464,0.000450957,0.829947
-11.2633,-11.001,0.00449815,0.469533
-11.5087,-11.2433,0.00869892,0.574243
-11.7525,-11.4818,0.01009,1.36367
-11.988,-11.6466,0.00641473,7.45529
-12.2281,-11.7783,0.0106739,3.37282
-12.4815,-11.9786,0.0172835,0.366888
-12.7432,-12.2204,0.0230762,0.195314
-12.9397,-12.4768,0.0306416,0.175186
-13.019,-12.7103,0.0147005,1.09181
-13.2841,-12.7628,0.0270195,0.477513
-13.3088,-13.0227,0.058285,0.1005
-13.5849,-13.3077,0.0908312,0.0627653
-13.5975,-13.5151,0.000490028,0.856099
-13.7136,-13.5977,0.173539,0.0118285
-13.8738,-13.7521,9.34701e-06,1.43386
-13.8796,-13.8795,0.523229,0.000267921
