7.68137,7.66465,6.12349e-17,0.139442
7.56951,7.54123,8.03693e-17,0.233813
7.40996,7.3834,1.0597e-16,0.283368
7.20724,7.18827,2.8334e-16,0.346537
6.97715,6.96906,8.8303e-17,0.411578
6.71877,6.72702,1.59644e-15,0.495338
6.42438,6.45319,9.47498e-18,0.584356
6.09746,6.14959,3.05325e-15,0.685726
5.73619,5.80782,2.31021e-16,0.811999
5.33913,5.4192,2.42533e-15,0.966885
4.90781,4.98657,2.1096e-15,1.13249
4.44498,4.51432,1.84798e-15,1.29196
3.95717,4.01125,6.73415e-15,1.43889
3.44704,3.47962,9.98707e-16,1.60083
2.91091,2.92048,1.07385e-14,1.75688
2.35171,2.34037,7.65658e-15,1.86974
1.7766,1.75431,1.52202e-14,1.92222
1.18856,1.16488,1.31336e-14,1.94184
0.599599,0.583802,4.31695e-14,1.93102
0.00955003,0.0110525,3.1092e-14,1.89758
-0.578782,-0.554667,5.95302e-14,1.87036
-1.15988,-1.12085,9.69162e-14,1.85429
-1.74463,-1.68599,5.45457e-14,1.86441
-2.33296,-2.24724,2.68511e-13,1.83122
-2.91796,-2.80888,4.15478e-13,1.83184
-3.48828,-3.3756,3.27881e-13,1.75472
-4.02157,-3.92693,2.92394e-12,1.66395
-4.53147,-4.45496,2.17377e-12,1.83387
-5.03224,-4.94721,3.53389e-11,3.85385
-5.51689,-5.2384,1.64337e-10,12.8312
-5.99377,-5.54841,2.09046e-11,3.63959
-6.46852,-6.01661,1.78102e-11,1.75875
-6.93708,-6.49853,2.49868e-12,1.42084
-7.39785,-6.97411,6.45575e-13,1.29211
-7.85222,-7.44467,2.95535e-11,1.21092
-8.30192,-7.90873,4.04582e-14,1.14267
-8.75442,-8.3632,5.81264e-11,1.09594
-9.21804,-8.81184,7.81424e-12,1.08598
-9.68913,-9.25876,2.06516e-08,1.06026
-10.1739,-9.69761,5.01131e-07,1.02077
-10.5054,-10.1551,1.09701e-05,0.863641
-10.8641,-10.4764,9.09421e-05,0.705948
-11.072,-10.825,0.000901662,0.807847
-11.3157,-11.0406,0.00512992,0.631402
-11.5581,-11.2791,0.00898166,0.722551
-11.7882,-11.5085,0.00947215,1.93721
-12.0064,-11.6472,0.00590604,7.92497
-12.2339,-11.7909,0.0113111,2.60741
-12.4832,-11.9875,0.0168272,0.340477
-12.7443,-12.2233,0.0227343,0.186058
-12.9666,-12.4773,0.0306049,0.167989
-13.0213,-12.7283,0.0300113,0.558279
-13.2872,-12.7891,0.0118009,0.857048
-13.3097,-13.0229,0.0581127,0.0974722
-13.586,-13.3077,0.0908715,0.0627336
-13.5975,-13.5208,0.000442225,0.754548
-13.7647,-13.5977,0.173557,0.0118263
-13.8741,-13.8507,9.7339e-06,0.963309
-13.8796,-13.8795,0.523223,0.000278887
