7.68379,7.66744,1.12911e-16,0.135839
7.57728,7.54928,5.27197e-16,0.228998
7.42368,7.39673,9.75202e-16,0.277129
7.22782,7.20867,1.29039e-15,0.337147
7.00499,6.99617,2.64204e-15,0.399777
6.75566,6.76266,1.19086e-15,0.478183
6.47118,6.49793,7.39891e-15,0.566751
6.15552,6.20566,1.70828e-15,0.663789
5.80763,5.87801,9.87618e-15,0.782619
5.42508,5.50692,6.57251e-15,0.932093
5.00915,5.09219,1.18525e-14,1.09179
4.56175,4.63725,1.65761e-14,1.24733
4.08912,4.15015,1.42943e-14,1.39218
3.59425,3.63601,3.58561e-14,1.54761
3.07521,3.09362,2.06612e-14,1.7118
2.53357,2.52922,4.18907e-14,1.84588
1.97394,1.95472,4.31856e-14,1.91319
1.39967,1.37753,6.64942e-14,1.94744
0.821961,0.803546,5.49286e-14,1.9425
0.242492,0.238865,1.19012e-13,1.91865
-0.337346,-0.318244,1.24055e-13,1.88204
-0.90905,-0.873879,1.8112e-13,1.86895
-1.48292,-1.42679,3.41591e-13,1.86036
-2.06246,-1.98338,2.33909e-13,1.83736
-2.63605,-2.53348,5.59959e-13,1.81768
-3.21111,-3.09007,1.18442e-12,1.79994
-3.75374,-3.64305,8.40289e-13,1.69083
-4.2661,-4.17697,6.20112e-12,1.65752
-4.76405,-4.68699,1.0094e-11,2.21993
-5.25196,-5.07002,1.63232e-10,12.6068
-5.72401,-5.27295,6.40375e-11,5.77845
-6.19328,-5.72468,3.6218e-13,1.77299
-6.66006,-6.20315,4.46135e-12,1.41898
-7.11836,-6.67934,8.47493e-13,1.28293
-7.57034,-7.14766,1.08694e-11,1.21878
-8.02045,-7.61042,1.12117e-11,1.15905
-8.46076,-8.06594,8.50382e-13,1.11452
-8.90977,-8.51038,1.59018e-10,1.09318
-9.37284,-8.95183,4.30978e-10,1.0941
-9.84627,-9.38901,5.9381e-08,1.05115
-10.2847,-9.82863,1.10849e-06,1.05504
-10.6011,-10.2476,2.17616e-05,0.792379
-10.9377,-10.5568,0.000134186,0.774104
-11.1539,-10.8948,0.00184587,0.69784
-11.3934,-11.0965,0.00575445,0.945631
-11.6408,-11.3239,0.00904791,1.25785
-11.8696,-11.5302,0.00758414,3.84404
-12.0583,-11.6525,0.0077421,6.16067
-12.2462,-11.8208,0.0112732,2.28578
-12.4854,-11.9995,0.0156681,0.415063
-12.7452,-12.2258,0.0223887,0.187483
-12.986,-12.4777,0.0305549,0.164965
-13.0253,-12.7326,0.0343473,0.410578
-13.2892,-12.8086,0.00755235,0.978176
-13.3105,-13.023,0.0579769,0.0955304
-13.5864,-13.3077,0.0908882,0.0628235
-13.5975,-13.5231,0.000424875,0.721389
-13.7961,-13.5977,0.173562,0.0118306
-13.8744,-13.8795,0.523228,0.000267865
-13.8796,-13.8999,3.17294e-06,0.71813
