7.68607,7.67007,3.5608e-16,0.132314
7.58459,7.55676,7.44404e-16,0.22424
7.43648,7.40919,1.21612e-15,0.27097
7.24736,7.22792,2.2702e-15,0.32775
7.03156,7.0218,2.34399e-15,0.387735
6.79057,6.7961,6.30806e-15,0.461042
6.51576,6.54032,2.39851e-15,0.548889
6.21101,6.25871,1.27862e-14,0.639527
5.87573,5.94412,5.93743e-15,0.750574
5.50682,5.58962,1.6225e-14,0.890167
5.10535,5.19119,1.58078e-14,1.04091
4.67295,4.75264,2.0455e-14,1.19453
4.21474,4.28119,3.29749e-14,1.34235
3.73438,3.78365,2.56486e-14,1.49185
3.23245,3.25851,6.32674e-14,1.66038
2.70771,2.70988,5.32255e-14,1.80629
2.16275,2.14727,7.97912e-14,1.89039
1.6037,1.58161,8.69148e-14,1.93083
1.0362,1.01557,1.3454e-13,1.93704
0.467286,0.458342,1.08896e-13,1.91748
-0.102572,-0.0912782,1.81565e-13,1.8806
-0.669449,-0.637571,2.06498e-13,1.85783
-1.23223,-1.18294,2.42669e-13,1.84411
-1.79848,-1.72891,5.52644e-13,1.85012
-2.36687,-2.27133,4.41339e-13,1.81722
-2.93325,-2.81494,7.10209e-13,1.81714
-3.4852,-3.36284,1.92261e-12,1.74259
-4.00327,-3.89942,1.18094e-12,1.63325
-4.49935,-4.4192,1.0023e-11,1.68447
-4.9869,-4.89919,5.94618e-11,4.89734
-5.46029,-5.07112,1.85407e-10,14.0561
-5.92456,-5.44295,9.97382e-12,1.9316
-6.38669,-5.91831,1.0553e-12,1.40385
-6.84422,-6.39284,3.06582e-13,1.29337
-7.29348,-6.85975,1.03306e-12,1.2201
-7.73588,-7.31987,2.40183e-11,1.17501
-8.17785,-7.77328,1.25491e-12,1.12127
-8.61462,-8.21996,9.528e-12,1.07961
-9.05979,-8.65637,1.79057e-10,1.07349
-9.51703,-9.09167,3.7961e-09,1.07515
-9.99569,-9.51833,1.49636e-07,1.02332
-10.3759,-9.9631,2.61812e-06,1.02233
-10.699,-10.3321,3.89618e-05,0.735133
-10.9824,-10.646,0.000215479,0.823834
-11.2169,-10.9477,0.00306412,0.5383
-11.4578,-11.1617,0.00669341,1.09557
-11.7074,-11.3815,0.00895136,2.4343
-11.9524,-11.5424,0.00486681,6.89818
-12.1968,-11.6776,0.0114329,2.67279
-12.3669,-11.8831,0.0124908,1.88083
-12.4954,-12.0283,0.012047,0.826724
-12.7466,-12.2294,0.0217804,0.207287
-13.0032,-12.4783,0.0304743,0.163567
-13.0388,-12.7345,0.035973,0.353643
-13.2913,-12.8224,0.00600468,1.06019
-13.3115,-13.0231,0.0578547,0.0942111
-13.5867,-13.3077,0.0908978,0.0629062
-13.5975,-13.5248,0.000416558,0.700005
-13.8207,-13.5977,0.173564,0.0118331
-13.8749,-13.8795,0.523231,0.000264539
-13.8796,-13.9276,1.09003e-07,0.578554
