7.68825,7.67258,1.50825e-16,0.128859
7.59151,7.56384,6.56176e-16,0.219344
7.44854,7.42098,1.15953e-15,0.265016
7.26615,7.24643,1.61685e-15,0.318024
7.0572,7.04637,2.87429e-15,0.375642
6.824,6.82803,1.75944e-15,0.443806
6.5588,6.58125,7.83841e-15,0.529083
6.26458,6.30938,2.09748e-15,0.613297
5.94101,6.007,1.14472e-14,0.715806
5.58496,5.66771,6.74663e-15,0.843508
5.1973,5.28447,1.36348e-14,0.988437
4.77963,4.86265,1.64019e-14,1.14215
4.33557,4.40732,1.66645e-14,1.29213
3.86971,3.92576,3.26209e-14,1.43439
3.38396,3.41815,1.90439e-14,1.59305
2.87492,2.88552,4.69452e-14,1.74309
2.34521,2.33495,4.43784e-14,1.84693
1.80137,1.77997,6.48464e-14,1.89691
1.24508,1.22314,6.61302e-14,1.91697
0.687324,0.672945,1.23891e-13,1.90604
0.127782,0.130447,1.02423e-13,1.87584
-0.432043,-0.405643,1.56536e-13,1.84188
-0.983847,-0.942939,1.89108e-13,1.82561
-1.53891,-1.47729,1.56557e-13,1.82424
-2.0998,-2.01417,4.45932e-13,1.79466
-2.65456,-2.54546,4.19357e-13,1.77366
-3.21101,-3.08454,4.36909e-13,1.75045
-3.73762,-3.62177,1.84832e-12,1.63241
-4.23612,-4.14263,7.7803e-13,1.55295
-4.72048,-4.64909,1.24502e-11,1.74034
-5.19623,-4.99184,2.47845e-10,16.5025
-5.65648,-5.16888,1.62352e-11,2.87936
-6.1134,-5.63665,4.0013e-12,1.40173
-6.56826,-6.10808,1.90787e-12,1.25599
-7.01602,-6.57519,1.78916e-13,1.19172
-7.45744,-7.03371,3.74472e-12,1.14626
-7.89362,-7.48594,2.51868e-11,1.10616
-8.32368,-7.92974,5.33668e-13,1.06737
-8.75751,-8.36625,4.50981e-11,1.03146
-9.20037,-8.79503,3.50408e-11,1.02641
-9.64913,-9.22316,1.48767e-08,1.00947
-10.1186,-9.64161,3.30608e-07,0.964918
-10.4533,-10.0824,6.05767e-06,0.880753
-10.7899,-10.4094,6.16276e-05,0.676486
-11.0201,-10.7352,0.000391921,0.779754
-11.2599,-10.9885,0.0040593,0.451686
-11.4988,-11.2145,0.00760843,0.96722
-11.74,-11.4329,0.00864826,3.89491
-11.9775,-11.5442,0.00371164,8.31092
-12.2216,-11.7097,0.0135599,0.836909
-12.4764,-11.9467,0.0173725,0.704234
-12.6912,-12.1266,0.00782484,1.5469
-12.7572,-12.2412,0.0185873,0.404411
-13.0126,-12.4792,0.0302795,0.164928
-13.0921,-12.7357,0.0368486,0.321012
-13.2946,-12.8337,0.00519831,1.14679
-13.3137,-13.0233,0.0577307,0.0933666
-13.587,-13.3077,0.0909042,0.0629693
-13.5975,-13.5264,0.000412923,0.678442
-13.8428,-13.5977,0.173563,0.0118306
-13.8759,-13.8795,0.523231,0.000265008
-13.8796,-13.9453,3.63705e-09,0.476022
