7.69033,7.67501,1.05954e-16,0.125415
7.59801,7.57056,1.48727e-16,0.214408
7.45988,7.43231,2.54285e-16,0.259339
7.28417,7.26431,5.52023e-16,0.308396
7.08183,7.07011,4.89755e-16,0.363773
6.85589,6.85881,1.92099e-15,0.42701
6.6001,6.62082,2.04817e-16,0.508299
6.31577,6.35793,4.80548e-15,0.586757
6.00291,6.06682,5.70774e-16,0.681692
5.65907,5.74134,5.0752e-15,0.799604
5.28475,5.37345,3.03379e-15,0.939725
4.88143,4.96863,5.23712e-15,1.09
4.45135,4.52957,8.46355e-15,1.23534
3.99964,4.0631,5.40212e-15,1.36878
3.52834,3.57187,1.92802e-14,1.51766
3.03464,3.05494,7.50474e-15,1.67305
2.52104,2.51801,1.81771e-14,1.7969
1.99149,1.97353,1.59764e-14,1.85836
1.4485,1.42766,2.58393e-14,1.88923
0.90112,0.884096,1.641e-14,1.88264
0.351529,0.349525,4.95521e-14,1.85731
-0.199079,-0.179086,4.02857e-14,1.81329
-0.745455,-0.70632,6.545e-14,1.79235
-1.29064,-1.23269,1.07049e-13,1.77573
-1.8391,-1.76134,4.09067e-14,1.77523
-2.38846,-2.28499,1.91914e-13,1.74459
-2.93662,-2.80932,2.58268e-13,1.74454
-3.47134,-3.33983,1.09793e-13,1.66923
-3.97498,-3.8631,1.37266e-12,1.53785
-4.45769,-4.37094,2.96184e-13,1.49293
-4.93212,-4.86058,2.70579e-11,2.59955
-5.39449,-4.99217,2.57513e-10,17.0997
-5.84603,-5.35577,2.7753e-13,1.43878
-6.29537,-5.82425,3.55141e-12,1.24812
-6.7415,-6.28818,8.06485e-13,1.17831
-7.17946,-6.74503,9.52672e-13,1.1232
-7.6116,-7.195,1.04778e-11,1.08157
-8.04297,-7.63889,1.46575e-11,1.03166
-8.46438,-8.07413,5.3459e-12,1.00091
-8.89335,-8.50089,1.05943e-10,0.979498
-9.33395,-8.92201,1.36212e-10,0.974693
-9.77903,-9.34038,4.00452e-08,0.935582
-10.219,-9.75448,6.53292e-07,0.903191
-10.5273,-10.1746,1.20688e-05,0.730244
-10.8688,-10.4781,8.73625e-05,0.62729
-11.0671,-10.8106,0.000750901,0.661631
-11.3017,-11.0257,0.0047306,0.444682
-11.5353,-11.2524,0.00804836,0.883322
-11.7648,-11.4625,0.00750867,5.82727
-11.991,-11.545,0.00440673,7.42479
-12.2277,-11.7317,0.013933,0.413257
-12.4806,-11.9687,0.0181691,0.335116
-12.741,-12.2068,0.0205397,0.440514
-12.8668,-12.3232,0.00448636,1.49697
-13.0159,-12.4815,0.0295135,0.183392
-13.1988,-12.7367,0.0373541,0.299613
-13.3005,-12.8428,0.00473239,1.23687
-13.324,-13.0234,0.0576152,0.0931181
-13.5873,-13.3077,0.0909082,0.0630071
-13.5975,-13.5281,0.00041407,0.653809
-13.8605,-13.5977,0.173558,0.0118197
-13.879,-13.8795,0.523231,0.000265403
-13.8796,-13.9565,1.96865e-09,0.394086
