7.69227,7.67734,4.64323e-18,0.122158
7.60403,7.57689,7.2326e-17,0.209978
7.47045,7.44312,1.22179e-16,0.254196
7.30124,7.28145,1.20721e-16,0.299774
7.10516,7.09286,3.01844e-16,0.353028
6.88595,6.88828,1.69867e-17,0.411698
6.63909,6.65862,1.44533e-15,0.488748
6.36378,6.40387,6.22582e-17,0.563815
6.06073,6.12318,2.16519e-15,0.654897
5.72857,5.81043,4.55037e-17,0.765585
5.36706,5.45791,1.41865e-15,0.902223
4.97731,5.06926,8.57558e-16,1.04704
4.56071,4.64561,7.5615e-16,1.18723
4.12222,4.19343,2.97045e-15,1.3206
3.664,3.71808,1.89863e-16,1.46326
3.18567,3.21734,7.31719e-15,1.62274
2.68747,2.69516,2.16973e-15,1.75808
2.17117,2.16156,5.72311e-15,1.83647
1.6421,1.62645,4.0009e-15,1.87103
1.10411,1.09039,1.03444e-14,1.87728
0.564584,0.56287,1.34847e-15,1.86079
0.0235765,0.0414291,1.10006e-14,1.8255
-0.517199,-0.475675,7.31348e-15,1.79354
-1.051,-0.993958,1.12176e-14,1.77892
-1.58814,-1.51003,5.61967e-14,1.77641
-2.13106,-2.02811,4.20284e-15,1.7423
-2.66797,-2.54119,4.90288e-14,1.7219
-3.2068,-3.06067,1.68667e-13,1.70305
-3.71827,-3.58122,4.8113e-15,1.58883
-4.20353,-4.09014,1.25577e-12,1.47722
-4.67482,-4.58574,4.52088e-13,1.49246
-5.13865,-4.96687,2.65488e-10,17.136
-5.5879,-5.0812,2.139e-11,2.58466
-6.03284,-5.54247,6.59878e-14,1.29238
-6.4757,-6.00339,3.9744e-12,1.19839
-6.91292,-6.45918,8.31625e-16,1.14524
-7.34295,-6.9059,2.10678e-12,1.10143
-7.76623,-7.34662,1.83888e-11,1.06026
-8.18876,-7.7804,3.94478e-12,1.00464
-8.60655,-8.20662,1.71279e-11,0.970716
-9.03079,-8.62413,1.34673e-10,0.957785
-9.46615,-9.03763,1.57111e-09,0.951179
-9.91447,-9.44473,8.64083e-08,0.897947
-10.3084,-9.85627,1.20258e-06,0.874724
-10.6081,-10.2443,2.02216e-05,0.648824
-10.9301,-10.5379,0.000115424,0.617731
-11.1315,-10.8653,0.00130462,0.557469
-11.3569,-11.0623,0.00515077,0.495723
-11.5843,-11.2817,0.00806156,0.997765
-11.797,-11.473,0.00587209,8.01018
-12.0051,-11.5528,0.00594486,5.43282
-12.2319,-11.7457,0.0137629,0.334748
-12.4821,-11.9771,0.017976,0.267826
-12.7431,-12.2168,0.0221592,0.243814
-12.9196,-12.416,0.00648709,1.4033
-13.0176,-12.4883,0.0254163,0.333691
-13.2638,-12.7373,0.0375491,0.28935
-13.3055,-12.8478,0.00452245,1.30767
-13.3768,-13.0235,0.0575452,0.0934059
-13.5877,-13.3077,0.0909096,0.0630187
-13.5975,-13.5299,0.00042176,0.628397
-13.8688,-13.5977,0.173549,0.0117958
-13.8796,-13.8795,0.523231,0.000265599
-13.8882,-13.9631,6.46854e-09,0.335209
