7.69411,7.67954,4.19622e-17,0.119054
7.60963,7.58277,3.26483e-17,0.205842
7.48038,7.45329,6.72014e-17,0.249791
7.31749,7.29761,1.85026e-16,0.292169
7.12733,7.11433,1.47049e-16,0.344163
6.9144,6.91607,7.90685e-16,0.398646
6.67593,6.6941,4.2549e-18,0.471808
6.40897,6.44702,2.55404e-15,0.545934
6.11529,6.17629,3.7079e-18,0.633685
5.79446,5.87543,2.53984e-15,0.738365
5.44519,5.53804,5.94749e-16,0.869596
5.06819,5.16402,1.9323e-15,1.00781
4.66458,4.75501,2.43847e-15,1.1475
4.23863,4.31723,1.25663e-15,1.28477
3.7932,3.85682,6.02241e-15,1.42173
3.32973,3.3721,3.95462e-16,1.5763
2.84562,2.86462,6.50208e-15,1.71828
2.34286,2.34218,3.64104e-15,1.81503
1.82745,1.81631,7.59526e-15,1.86163
1.3002,1.28979,5.44771e-15,1.88207
0.770981,0.768705,1.95778e-14,1.86871
0.239392,0.254568,5.83131e-15,1.83635
-0.293349,-0.254144,1.52897e-14,1.79613
-0.820757,-0.763785,1.23096e-14,1.77549
-1.34957,-1.27237,5.9045e-15,1.75962
-1.88186,-1.78293,7.34397e-14,1.75874
-2.41373,-2.28839,1.43343e-14,1.73037
-2.94532,-2.79514,3.15316e-14,1.7329
-3.46394,-3.30641,2.77936e-13,1.67412
-3.95399,-3.81408,3.77809e-15,1.55095
-4.4243,-4.30997,2.09275e-12,1.47672
-4.88656,-4.79011,6.90107e-12,1.93286
-5.33851,-4.96727,2.74415e-10,17.6922
-5.77862,-5.27084,5.60222e-12,1.49704
-6.2166,-5.72676,3.84304e-13,1.26372
-6.65231,-6.17922,3.19081e-12,1.1967
-7.08076,-6.62587,5.93593e-13,1.14498
-7.5039,-7.06399,4.95225e-12,1.11347
-7.92296,-7.49581,2.02031e-11,1.07701
-8.33479,-7.91931,2.18716e-15,1.03317
-8.75051,-8.33552,4.4686e-11,1.00502
-9.17312,-8.74344,6.81294e-11,1
-9.60099,-9.14836,6.38623e-09,0.989775
-10.0505,-9.5437,1.66542e-07,0.938716
-10.3945,-9.95083,2.17165e-06,0.923657
-10.7024,-10.3019,3.00822e-05,0.665464
-10.9762,-10.5915,0.000147591,0.698484
-11.1988,-10.9024,0.0019152,0.540378
-11.4267,-11.0957,0.00543583,0.638346
-11.6595,-11.3037,0.0076939,1.46781
-11.8673,-11.4737,0.00534298,8.68943
-12.0381,-11.5693,0.00670281,4.31008
-12.238,-11.7554,0.0134028,0.358276
-12.4833,-11.9814,0.0177613,0.260974
-12.744,-12.2191,0.0222341,0.221103
-12.9453,-12.4466,0.0142053,1.09132
-13.019,-12.4989,0.0174466,0.713478
-13.2784,-12.7375,0.0375492,0.289007
-13.3075,-12.8486,0.00448865,1.33672
-13.4541,-13.0235,0.0575311,0.0937734
-13.5883,-13.3077,0.0909092,0.0630165
-13.5976,-13.5316,0.000437487,0.604501
-13.8711,-13.5977,0.173533,0.011756
-13.8796,-13.8795,0.523231,0.00026554
-13.9006,-13.9674,6.35967e-09,0.293186
