7.69586,7.68158,3.20067e-17,0.116241
7.61488,7.58813,2.00865e-16,0.201994
7.48983,7.46271,3.30902e-16,0.245679
7.3331,7.31259,4.06919e-16,0.285417
7.14855,7.13435,7.35939e-16,0.335771
6.94161,6.94189,3.6207e-16,0.386686
6.71105,6.72692,2.46308e-15,0.456736
6.45209,6.48713,1.17019e-16,0.530561
6.16768,6.22576,4.58068e-15,0.615195
5.85783,5.93579,7.44154e-16,0.713003
5.52013,5.61243,4.62757e-15,0.837001
5.15517,5.25159,3.2841e-15,0.970683
4.76426,4.85701,4.82176e-15,1.11183
4.35064,4.43337,8.69818e-15,1.25045
3.91797,3.98658,5.24518e-15,1.38173
3.46797,3.51659,1.97284e-14,1.52789
2.99734,3.02292,8.21328e-15,1.67708
2.50888,2.51193,1.86699e-14,1.79757
2.00625,1.99504,1.67396e-14,1.8571
1.49122,1.47806,2.66304e-14,1.88505
0.970979,0.962609,1.93993e-14,1.88024
0.448317,0.455583,5.52296e-14,1.86047
-0.0757364,-0.0461127,4.29455e-14,1.8238
-0.598691,-0.546141,6.95194e-14,1.7985
-1.11653,-1.04784,8.77175e-14,1.78694
-1.63716,-1.54737,4.49751e-14,1.79204
-2.16323,-2.04753,2.03186e-13,1.76107
-2.68359,-2.54355,1.55106e-13,1.74866
-3.20595,-3.04594,1.25731e-13,1.7394
-3.70311,-3.5493,8.24236e-13,1.64245
-4.17585,-4.04375,1.32729e-13,1.54447
-4.63493,-4.52744,5.25234e-12,1.54675
-5.08743,-4.93408,2.24446e-10,14.5784
-5.52667,-5.02162,5.67506e-11,5.00479
-5.96041,-5.46296,3.71164e-12,1.41288
-6.39196,-5.91105,1.23451e-12,1.28158
-6.81928,-6.35528,8.75098e-13,1.23055
-7.23912,-6.79197,1.39543e-12,1.18322
-7.65333,-7.22202,1.22021e-11,1.15603
-8.06787,-7.64529,1.12831e-11,1.12283
-8.47284,-8.05999,2.46588e-12,1.09879
-8.88464,-8.46689,9.9977e-11,1.09537
-9.30644,-8.86597,1.1532e-11,1.11753
-9.7301,-9.26084,1.89188e-08,1.11793
-10.1638,-9.64558,3.10728e-07,1.11319
-10.4728,-10.0421,3.99544e-06,1.12126
-10.7958,-10.3556,4.16126e-05,0.853613
-11.0167,-10.6411,0.000186096,0.996343
-11.2491,-10.9271,0.00241163,0.686636
-11.4807,-11.1203,0.00556341,1.01037
-11.7181,-11.3145,0.0070611,2.34104
-11.9514,-11.4764,0.00635086,7.35866
-12.1608,-11.5931,0.00636642,4.44842
-12.2694,-11.7619,0.0129145,0.476756
-12.4856,-11.9833,0.0176243,0.281086
-12.7447,-12.2197,0.0221889,0.223477
-12.9642,-12.4498,0.015703,1.07259
-13.0206,-12.5012,0.0159087,0.838412
-13.2833,-12.7375,0.0375597,0.288346
-13.3085,-12.849,0.00447554,1.31869
-13.521,-13.0235,0.0575302,0.0937376
-13.5897,-13.3077,0.0909085,0.063016
-13.5976,-13.5335,0.000465064,0.581684
-13.872,-13.5977,0.173506,0.0116965
-13.8796,-13.8795,0.523231,0.000265121
-13.9128,-13.9711,2.96595e-09,0.256453
