7.69752,7.68348,2.17415e-16,0.113384
7.6198,7.59302,3.55236e-16,0.198156
7.49883,7.47144,7.17347e-16,0.24159
7.34803,7.32641,1.37352e-15,0.278594
7.1688,7.15295,1.65992e-15,0.327677
6.96764,6.96582,3.32208e-15,0.375244
6.7445,6.75732,1.65726e-15,0.442093
6.49343,6.52469,7.90535e-15,0.515674
6.21823,6.272,2.13043e-15,0.594579
5.9187,5.9919,1.05124e-14,0.686483
5.59185,5.68118,5.91497e-15,0.802415
5.23845,5.33275,1.1795e-14,0.933453
4.86003,4.95228,1.28756e-14,1.07452
4.45865,4.54208,1.32826e-14,1.21064
4.03838,4.10773,2.35662e-14,1.3398
3.60059,3.65134,1.4245e-14,1.48149
3.14385,3.17147,4.06864e-14,1.63699
2.66972,2.67327,3.19602e-14,1.77043
2.17934,2.16534,4.79204e-14,1.84488
1.67737,1.65692,4.85063e-14,1.88101
1.16635,1.14829,7.26288e-14,1.89061
0.65382,0.647826,5.11434e-14,1.87681
0.139365,0.152871,1.02746e-13,1.84098
-0.376101,-0.339214,1.04521e-13,1.80285
-0.885648,-0.83267,1.51077e-13,1.78831
-1.39826,-1.3246,2.50683e-13,1.77441
-1.91475,-1.81972,1.47713e-13,1.76961
-2.42991,-2.30892,4.00479e-13,1.74724
-2.94533,-2.79969,5.34673e-13,1.76107
-3.44874,-3.29544,3.6113e-13,1.71578
-3.92585,-3.789,1.93713e-12,1.60597
-4.3842,-4.27148,7.04251e-13,1.55431
-4.83447,-4.74075,1.68395e-11,1.91896
-5.27605,-4.93919,2.75935e-10,17.4595
-5.7051,-5.21279,1.17205e-12,1.67266
-6.13194,-5.65728,1.93316e-12,1.37248
-6.5569,-6.0976,2.81906e-12,1.29844
-6.97568,-6.53346,2.2447e-13,1.25967
-7.38837,-6.96093,1.59005e-12,1.2339
-7.79456,-7.38222,2.45093e-11,1.21674
-8.19947,-7.79572,8.08784e-13,1.19536
-8.60038,-8.20165,8.32641e-12,1.18969
-9.0066,-8.59982,1.60795e-10,1.21779
-9.42335,-8.99166,7.72119e-10,1.28922
-9.84679,-9.37539,4.73861e-08,1.34181
-10.2483,-9.75223,5.80284e-07,1.49021
-10.54,-10.1274,7.29528e-06,1.57606
-10.8667,-10.4062,5.33067e-05,1.42699
-11.0585,-10.6812,0.000221529,1.78867
-11.2872,-10.9397,0.00263157,1.0813
-11.5157,-11.1291,0.00544608,1.57416
-11.7463,-11.3148,0.00690451,2.58327
-11.9772,-11.4895,0.00793817,5.15204
-12.2173,-11.6206,0.0053071,5.57998
-12.4324,-11.7648,0.0124374,0.678721
-12.5006,-11.9837,0.0175882,0.302933
-12.7457,-12.2197,0.0221775,0.225498
-12.9814,-12.4515,0.0166592,0.951734
-13.0233,-12.5028,0.0149618,0.814732
-13.2859,-12.7377,0.037734,0.27663
-13.3092,-12.8531,0.00433372,1.27091
-13.5675,-13.0236,0.0574882,0.0930974
-13.5952,-13.3077,0.0909084,0.0630298
-13.5983,-13.5356,0.000510612,0.559455
-13.8724,-13.5977,0.173461,0.0116129
-13.8796,-13.8795,0.52323,0.000264241
-13.9233,-13.9749,9.579e-11,0.219371
