7.69907,7.68526,1.54505e-16,0.110556
7.62432,7.59758,6.24204e-16,0.193916
7.50727,7.47972,1.06946e-15,0.236606
7.36203,7.33949,1.50522e-15,0.271131
7.1878,7.17071,2.39368e-15,0.317894
6.9922,6.98856,2.21674e-15,0.362933
6.77595,6.78622,6.02024e-15,0.426193
6.53267,6.56067,2.4021e-15,0.498178
6.26628,6.31591,1.18494e-14,0.571558
5.9761,6.045,5.14542e-15,0.6579
5.6594,5.74579,1.52979e-14,0.766004
5.31719,5.40995,1.32736e-14,0.89363
4.95081,5.04313,2.00635e-14,1.02957
4.56136,4.64573,2.68443e-14,1.16186
4.15275,4.22381,2.53004e-14,1.29117
3.72657,3.78044,4.7375e-14,1.42798
3.28367,3.31424,2.99122e-14,1.58187
2.82263,2.82879,5.98579e-14,1.71999
2.34464,2.33006,5.81336e-14,1.81091
1.85525,1.82966,7.99472e-14,1.8548
1.35465,1.32917,8.28133e-14,1.87344
0.851394,0.833295,1.31589e-13,1.85628
0.345255,0.344112,9.90738e-14,1.82676
-0.162489,-0.140812,1.50569e-13,1.78835
-0.668276,-0.626193,1.57965e-13,1.76759
-1.17116,-1.11274,1.83506e-13,1.75779
-1.67612,-1.59737,3.89619e-13,1.76808
-2.18585,-2.08182,2.44897e-13,1.73853
-2.69022,-2.56256,4.77964e-13,1.73218
-3.19678,-3.04877,8.97418e-13,1.72922
-3.6803,-3.53788,5.03368e-13,1.63961
-4.14093,-4.0209,3.08126e-12,1.54081
-4.58802,-4.49286,1.88291e-12,1.55273
-5.02918,-4.90607,2.38212e-10,13.5927
-5.45871,-4.97597,6.55398e-11,5.9004
-5.88102,-5.40756,4.91153e-13,1.4096
-6.30107,-5.84655,9.02552e-13,1.304
-6.71822,-6.28033,3.42102e-12,1.26531
-7.12831,-6.70739,3.46047e-12,1.23467
-7.53373,-7.12764,2.17066e-12,1.22505
-7.93581,-7.54128,3.24957e-11,1.22197
-8.33007,-7.94511,4.41879e-12,1.23677
-8.72739,-8.34129,1.96783e-11,1.27155
-9.12919,-8.72985,1.31174e-10,1.34756
-9.53676,-9.11329,4.46027e-09,1.49137
-9.96001,-9.48403,1.00551e-07,1.68739
-10.3205,-9.85145,1.02431e-06,2.20722
-10.6055,-10.1909,1.1182e-05,2.5463
-10.9173,-10.4386,5.80165e-05,2.67345
-11.1057,-10.6935,0.000223216,2.78671
-11.3241,-10.9403,0.00261922,1.24288
-11.5457,-11.1295,0.00550332,1.43341
-11.7655,-11.3209,0.00734568,1.82842
-11.9882,-11.5082,0.00882013,3.77816
-12.2248,-11.6397,0.00399328,7.18221
-12.4766,-11.7648,0.0123872,0.709682
-12.6218,-11.9839,0.0175835,0.284505
-12.7479,-12.22,0.0222395,0.211018
-12.9964,-12.4614,0.0232386,0.503528
-13.0291,-12.5183,0.00836936,0.837737
-13.2876,-12.7384,0.0380529,0.253318
-13.3098,-12.8625,0.00406953,1.21387
-13.5817,-13.0236,0.0573734,0.0920199
-13.5974,-13.3077,0.0909098,0.0630591
-13.6175,-13.5377,0.000569087,0.541946
-13.8726,-13.5977,0.173402,0.0115201
-13.8796,-13.8795,0.52323,0.000263097
-13.9309,-13.9784,1.58337e-09,0.186002
