7.70048,7.68695,1.83568e-16,0.10767
7.62839,7.60182,2.70498e-16,0.189667
7.51504,7.48757,5.98529e-16,0.231815
7.37488,7.35185,1.13761e-15,0.264138
7.20533,7.18771,1.40891e-15,0.309252
7.01503,7.01038,2.62296e-15,0.35186
6.80512,6.81401,1.40003e-15,0.411749
6.56937,6.59556,6.35322e-15,0.481493
6.31108,6.35803,1.41022e-15,0.55036
6.02923,6.09586,8.89531e-15,0.633588
5.72214,5.80722,3.91901e-15,0.735899
5.39061,5.48399,1.00011e-14,0.859695
5.03545,5.12999,9.71397e-15,0.989752
4.65723,4.74534,1.21353e-14,1.1207
4.25948,4.33615,2.04389e-14,1.25122
3.84452,3.90565,1.58108e-14,1.38021
3.41403,3.45302,4.1498e-14,1.52617
2.96477,2.97993,2.69428e-14,1.6696
2.49935,2.4911,4.59507e-14,1.78088
2.02123,1.99828,4.6168e-14,1.83615
1.53173,1.50593,6.58002e-14,1.85901
1.03639,1.01502,6.08903e-14,1.85444
0.538811,0.532751,1.22249e-13,1.8358
0.0397479,0.0549394,1.05019e-13,1.79742
-0.459763,-0.421646,1.51066e-13,1.76166
-0.953191,-0.900777,1.67008e-13,1.74797
-1.45042,-1.37794,1.3653e-13,1.73635
-1.95219,-1.85767,3.64924e-13,1.72466
-2.45181,-2.3322,2.47149e-13,1.7017
-2.95241,-2.80911,3.39689e-13,1.71764
-3.44141,-3.28881,9.5976e-13,1.68182
-3.90617,-3.76886,3.65003e-13,1.57303
-4.35326,-4.24139,3.66005e-12,1.49672
-4.79231,-4.70122,5.72761e-12,1.68263
-5.22387,-4.91496,3.05652e-10,17.7288
-5.643,-5.15962,2.0363e-12,1.55344
-6.05957,-5.59555,1.97643e-12,1.31642
-6.4742,-6.02693,6.3365e-13,1.25348
-6.88371,-6.45385,1.78871e-12,1.22354
-7.28646,-6.87211,7.60004e-12,1.20474
-7.68345,-7.28483,4.36048e-12,1.1973
-8.08126,-7.6912,2.5422e-11,1.19236
-8.46976,-8.08712,2.19722e-11,1.23791
-8.86393,-8.47411,4.06306e-11,1.33944
-9.26545,-8.85296,8.21262e-12,1.51967
-9.6664,-9.2243,1.39289e-08,1.84099
-10.0845,-9.57735,1.75016e-07,2.48527
-10.4011,-9.91984,1.4333e-06,3.94041
-10.6904,-10.2115,1.17466e-05,4.18705
-10.9618,-10.4398,5.66688e-05,3.12477
-11.1656,-10.6971,0.000236943,2.21191
-11.3762,-10.947,0.0028269,0.844677
-11.5879,-11.1432,0.0058612,0.9391
-11.7896,-11.3392,0.00757467,1.33372
-11.998,-11.5244,0.00872993,3.65321
-12.2285,-11.6432,0.0032689,8.08891
-12.48,-11.767,0.0125454,0.532765
-12.7223,-11.9851,0.0174877,0.250559
-12.763,-12.2207,0.0222891,0.195247
-13.0072,-12.4685,0.0280286,0.274306
-13.0435,-12.5491,0.00359178,0.724752
-13.289,-12.7392,0.038335,0.22748
-13.3103,-12.8745,0.00383318,1.15799
-13.5842,-13.0238,0.0572085,0.0910507
-13.5974,-13.3077,0.0909125,0.0630839
-13.6395,-13.539,0.000618942,0.533006
-13.8727,-13.5977,0.173352,0.01145
-13.8796,-13.8795,0.523229,0.000262146
-13.9362,-13.981,5.9534e-09,0.16285
