7.70176,7.68851,1.61579e-17,0.105029
7.63208,7.60571,1.30447e-16,0.185842
7.52226,7.49493,1.9508e-16,0.227598
7.38678,7.36348,2.34968e-16,0.25829
7.22172,7.20394,4.46241e-16,0.301866
7.0366,7.03117,3.06087e-16,0.343394
6.83262,6.84058,1.58974e-15,0.400341
6.60419,6.62897,1.32837e-16,0.468508
6.3533,6.39818,3.96429e-15,0.534438
6.07919,6.14443,3.42232e-16,0.616132
5.78151,5.86584,4.40242e-15,0.712509
5.46018,5.55511,1.8472e-15,0.83119
5.11542,5.21294,4.04769e-15,0.956953
4.74795,4.84108,4.4067e-15,1.08884
4.36069,4.44443,3.24544e-15,1.2189
3.95664,4.0258,8.11425e-15,1.34127
3.53711,3.58622,1.99145e-15,1.48147
3.09963,3.12566,1.36317e-14,1.63234
2.64675,2.64827,7.76126e-15,1.75933
2.17932,2.16343,1.39505e-14,1.82726
1.70128,1.67866,1.19966e-14,1.85965
1.21439,1.19434,2.11208e-14,1.86795
0.725881,0.717716,9.61156e-15,1.84906
0.234855,0.245712,3.54169e-14,1.8089
-0.257966,-0.22384,3.16778e-14,1.76468
-0.747865,-0.694687,5.63143e-14,1.74435
-1.23783,-1.16646,8.74597e-14,1.73028
-1.72944,-1.63798,3.5061e-14,1.73668
-2.22469,-2.10739,1.77719e-13,1.71055
-2.71513,-2.57368,1.41194e-13,1.7075
-3.20732,-3.04627,9.49731e-14,1.70486
-3.67795,-3.52121,6.65955e-13,1.62469
-4.1273,-3.99163,7.11542e-14,1.52783
-4.56374,-4.45433,3.32764e-12,1.48363
-4.99475,-4.88569,1.5708e-10,9.54194
-5.41543,-4.92847,1.60161e-10,10.0271
-5.82802,-5.34691,1.26097e-12,1.35352
-6.23856,-5.77718,2.25579e-12,1.26853
-6.64702,-6.20182,6.6973e-13,1.23109
-7.04921,-6.62093,6.60096e-14,1.19989
-7.44657,-7.03194,1.00011e-11,1.19565
-7.83815,-7.43703,8.39755e-12,1.19779
-8.22694,-7.83486,9.21634e-12,1.1991
-8.61357,-8.22324,4.43662e-11,1.26683
-9.00459,-8.60151,5.93634e-11,1.45298
-9.40544,-8.9706,2.44887e-10,1.85654
-9.8098,-9.32399,3.12971e-08,2.76559
-10.2072,-9.64351,2.26606e-07,4.86472
-10.4951,-9.93461,1.37751e-06,6.20114
-10.8048,-10.2143,1.27086e-05,3.30459
-11.0146,-10.4601,6.76104e-05,1.85969
-11.2381,-10.735,0.000320598,1.46505
-11.4582,-10.9671,0.00330309,0.643727
-11.6786,-11.1706,0.00633546,0.749319
-11.8665,-11.3659,0.0074857,1.33234
-12.0247,-11.5357,0.00781898,4.65879
-12.2335,-11.6446,0.00376225,7.45941
-12.4818,-11.7736,0.0122705,0.462107
-12.7414,-11.9871,0.0173019,0.234893
-12.8466,-12.2214,0.0222901,0.186787
-13.0134,-12.4713,0.0294074,0.219007
-13.0829,-12.5773,0.00228477,0.637059
-13.2907,-12.74,0.0384777,0.206991
-13.311,-12.8848,0.00369222,1.11489
-13.5852,-13.0239,0.0570542,0.0906221
-13.5975,-13.3078,0.0909154,0.0630808
-13.6611,-13.5395,0.000646973,0.530884
-13.8728,-13.5978,0.173322,0.011413
-13.8796,-13.8795,0.523228,0.000261573
-13.9408,-13.9826,1.00673e-08,0.148902
