7.70297,7.68995,4.44838e-18,0.102432
7.63551,7.60925,3.08451e-18,0.18209
7.52915,7.50177,7.02114e-20,0.223952
7.3981,7.37424,3.78989e-18,0.253517
7.23754,7.21931,5.22507e-20,0.295254
7.05761,7.05093,3.12712e-17,0.335737
6.85937,6.86597,1.29018e-16,0.389461
6.63811,6.66096,3.52631e-16,0.454757
6.39419,6.43636,7.04766e-16,0.519394
6.12774,6.19086,5.47395e-16,0.598405
5.83942,5.92155,3.86155e-16,0.688405
5.52784,5.62265,1.98284e-16,0.800562
5.19303,5.29186,2.0104e-18,0.921584
4.8362,4.93269,5.60453e-17,1.0517
4.45945,4.54787,4.33749e-16,1.17826
4.06604,4.14044,4.72723e-19,1.30021
3.65683,3.71338,2.0083e-15,1.43566
3.23163,3.26542,3.68673e-16,1.58687
2.79058,2.79967,7.96303e-16,1.72142
2.33402,2.32275,2.64753e-17,1.80764
1.8671,1.84514,5.92359e-16,1.84961
1.38965,1.36825,2.18459e-17,1.86417
0.90898,0.894962,2.20383e-15,1.84637
0.42522,0.428579,1.04881e-15,1.8206
-0.060145,-0.0342174,1.67682e-16,1.7825
-0.545191,-0.496663,2.21892e-16,1.75403
-1.02475,-0.961876,6.41055e-18,1.74296
-1.50768,-1.4244,1.17151e-14,1.73638
-1.99579,-1.88944,3.84814e-15,1.71714
-2.48102,-2.34976,1.48819e-14,1.69381
-2.96816,-2.81285,2.63085e-14,1.71327
-3.4436,-3.27938,4.28894e-15,1.68191
-3.89663,-3.74718,2.9326e-13,1.57527
-4.33319,-4.20856,5.08383e-14,1.49446
-4.76192,-4.66143,2.312e-12,1.46627
-5.18405,-4.90414,3.1845e-10,18.1306
-5.5943,-5.10544,1.01605e-12,1.44162
-6.00154,-5.53294,2.07628e-12,1.30637
-6.40669,-5.9558,1.56629e-12,1.24461
-6.80777,-6.37447,6.25764e-13,1.21667
-7.20221,-6.78513,1.21323e-12,1.18759
-7.59231,-7.18988,1.06488e-11,1.18182
-7.98126,-7.58883,1.19012e-11,1.18676
-8.36113,-7.97864,1.57468e-15,1.20714
-8.74496,-8.36022,6.78173e-11,1.30104
-9.13268,-8.73071,3.73704e-11,1.59305
-9.52581,-9.08892,2.26061e-09,2.47806
-9.933,-9.41132,5.26025e-08,5.53101
-10.2935,-9.66202,1.97953e-07,8.43529
-10.5719,-9.94367,1.64504e-06,4.11416
-10.8855,-10.2527,1.88251e-05,1.59289
-11.0689,-10.5125,9.07821e-05,1.1329
-11.2904,-10.8006,0.000574865,1.10659
-11.5135,-11,0.00393253,0.660449
-11.7402,-11.2089,0.00694622,0.756656
-11.9678,-11.4026,0.00715436,1.87174
-12.1859,-11.5417,0.00636952,6.45211
-12.2766,-11.6609,0.00552521,5.41369
-12.4846,-11.7869,0.0111547,0.590206
-12.744,-11.9898,0.0170012,0.240218
-12.9291,-12.2221,0.0222565,0.182882
-13.0175,-12.4725,0.0298542,0.201735
-13.1931,-12.5973,0.00194195,0.631024
-13.2958,-12.7407,0.0385146,0.192896
-13.3142,-12.8921,0.00360426,1.09088
-13.586,-13.0239,0.0569453,0.0907095
-13.5975,-13.3078,0.0909176,0.063038
-13.6913,-13.5397,0.00065726,0.531453
-13.873,-13.5978,0.17331,0.0113993
-13.8796,-13.8795,0.523228,0.000261294
-13.9465,-13.9838,1.34499e-08,0.139028
