7.70409,7.69124,1.42164e-17,0.10001
7.63871,7.61246,8.78791e-19,0.178554
7.53575,7.5082,1.46387e-17,0.220271
7.40893,7.38439,4.9028e-17,0.248777
7.25295,7.23401,3.59627e-17,0.288719
7.07825,7.06984,1.4164e-16,0.328289
6.88553,6.89034,5.45715e-18,0.378603
6.67122,6.69149,7.19088e-16,0.44107
6.43398,6.47295,2.23391e-16,0.503269
6.17527,6.23536,1.34206e-15,0.577469
5.89603,5.9747,3.20117e-17,0.660744
5.59364,5.68681,1.06722e-15,0.765381
5.26855,5.36682,2.64789e-16,0.883255
4.92232,5.01976,8.53098e-16,1.01002
4.5561,4.64623,1.49287e-15,1.1352
4.17296,4.25033,4.03421e-16,1.25859
3.7741,3.83533,3.29781e-15,1.38663
3.36096,3.39981,1.37223e-17,1.53306
2.93096,2.94577,2.72593e-15,1.67408
2.4861,2.47774,6.06429e-16,1.77945
2.02989,2.00705,1.96438e-15,1.83197
1.5632,1.53711,6.93698e-16,1.8538
1.09041,1.06888,3.17582e-15,1.84796
0.615702,0.608879,1.41246e-16,1.82912
0.13925,0.152636,3.18572e-15,1.78637
-0.33868,-0.302825,1.26206e-15,1.74208
-0.812935,-0.760536,5.74444e-15,1.72572
-1.2896,-1.21859,1.6391e-14,1.70991
-1.768,-1.67681,2.33176e-16,1.71431
-2.24902,-2.13227,3.33263e-14,1.6876
-2.72566,-2.58479,9.01244e-15,1.68581
-3.20395,-3.04326,2.14092e-15,1.6859
-3.66231,-3.50562,1.10992e-13,1.60992
-4.10069,-3.96509,1.62315e-13,1.50717
-4.52652,-4.41768,2.88723e-13,1.44887
-4.94729,-4.85895,9.45427e-12,1.82848
-5.35913,-4.90438,3.12129e-10,17.8069
-5.76178,-5.29245,3.13105e-16,1.30207
-6.1626,-5.71403,3.06968e-12,1.24186
-6.5618,-6.12951,7.77707e-13,1.19624
-6.95547,-6.54155,2.13423e-13,1.16044
-7.34335,-6.94488,5.4062e-12,1.13787
-7.72518,-7.3429,1.09476e-11,1.12152
-8.10807,-7.73565,9.78281e-12,1.10782
-8.48271,-8.11885,1.00333e-11,1.12326
-8.86227,-8.49542,8.91696e-11,1.20332
-9.24783,-8.86221,6.72194e-12,1.51198
-9.63226,-9.21194,9.61616e-09,3.14502
-10.0344,-9.4733,5.06848e-08,12.5548
-10.3574,-9.666,2.37036e-07,6.15278
-10.633,-9.99774,2.63469e-06,1.77864
-10.9274,-10.3061,2.85737e-05,0.89827
-11.1126,-10.573,0.00012384,0.781993
-11.3246,-10.8663,0.00118816,0.731119
-11.5419,-11.0465,0.00456645,0.697496
-11.7604,-11.2555,0.00759455,0.757248
-11.9838,-11.45,0.00664689,3.14153
-12.2208,-11.5434,0.00522453,7.91333
-12.4424,-11.7004,0.00912012,2.77552
-12.5005,-11.822,0.00807928,1.15571
-12.7453,-11.9943,0.0163093,0.289595
-12.9665,-12.2228,0.0221867,0.182164
-13.0205,-12.4732,0.0300364,0.194356
-13.2773,-12.6106,0.00186267,0.676312
-13.307,-12.7412,0.0384997,0.184341
-13.3837,-12.8968,0.00353106,1.08389
-13.5869,-13.024,0.0568876,0.0910184
-13.5975,-13.3078,0.090919,0.0629306
-13.7377,-13.5397,0.00065675,0.531313
-13.8732,-13.5978,0.173308,0.0113965
-13.8796,-13.8795,0.523228,0.000261179
-13.9548,-13.9848,1.66474e-08,0.129319
