7.70511,7.69246,1.11636e-18,0.0976603
7.64164,7.61546,1.08683e-17,0.175162
7.542,7.51436,4.27865e-18,0.216892
7.41919,7.39407,3.58852e-19,0.244965
7.26783,7.24838,1.11215e-17,0.282717
7.09826,7.08834,2.13843e-19,0.321737
6.91078,6.91421,1.89882e-16,0.368185
6.703,6.72117,1.39603e-16,0.427342
6.4722,6.50837,8.31617e-16,0.488319
6.22118,6.27823,4.3189e-16,0.557305
5.95032,6.02568,5.85158e-16,0.635353
5.65658,5.74794,1.93726e-16,0.73347
5.34106,5.43889,6.97778e-17,0.848337
5.00515,5.10338,8.7065e-18,0.971024
4.64918,4.74136,1.19513e-17,1.09538
4.27598,4.35709,2.89119e-16,1.21926
3.88752,3.95338,8.92964e-17,1.33926
3.48529,3.53019,2.45695e-15,1.47916
3.06631,3.08802,8.03548e-17,1.62458
2.63351,2.63025,8.1798e-16,1.74324
2.18761,2.16666,1.03215e-16,1.80627
1.73201,1.70377,8.85575e-16,1.83479
1.26769,1.24147,6.72998e-17,1.83958
0.801426,0.786264,3.58552e-15,1.81421
0.331974,0.335125,4.22541e-16,1.77505
-0.139546,-0.1133,1.3173e-16,1.73331
-0.610265,-0.56266,5.40396e-16,1.70371
-1.07674,-1.01499,4.58813e-16,1.69083
-1.54562,-1.46487,7.63616e-15,1.68748
-2.01974,-1.91612,8.68569e-15,1.66646
-2.4908,-2.36298,5.24482e-15,1.64395
-2.96404,-2.81258,8.67194e-15,1.6634
-3.42657,-3.26492,2.76692e-14,1.63733
-3.86843,-3.72064,1.16733e-13,1.53259
-4.29463,-4.17158,3.29382e-13,1.44195
-4.71276,-4.61508,1.01631e-13,1.39085
-5.12518,-4.9025,3.20538e-10,18.2237
-5.52661,-5.04898,8.45234e-13,1.34877
-5.92378,-5.46928,3.71546e-13,1.24199
-6.31866,-5.88407,2.94954e-12,1.17873
-6.71074,-6.29343,4.06587e-13,1.14066
-7.09674,-6.69735,1.12013e-13,1.09739
-7.47868,-7.09425,9.14756e-12,1.07293
-7.85539,-7.48551,1.2052e-11,1.04842
-8.22856,-7.87039,2.65059e-12,1.02034
-8.59968,-8.24668,3.20345e-11,1.0156
-8.97427,-8.61738,9.46144e-11,1.04911
-9.35719,-8.98193,4.70192e-10,1.22175
-9.73816,-9.32867,2.75097e-08,3.45275
-10.1276,-9.49159,2.56147e-08,19.0625
-10.4191,-9.71585,4.03603e-07,1.90924
-10.6961,-10.0695,4.51472e-06,0.986304
-10.9577,-10.3579,3.99385e-05,0.675104
-11.152,-10.6272,0.000162495,0.646089
-11.3557,-10.9081,0.00191417,0.490649
-11.5647,-11.09,0.0050748,0.633954
-11.773,-11.2948,0.00791535,0.677804
-11.99,-11.4875,0.00562356,5.01884
-12.2248,-11.5435,0.00540895,7.66985
-12.4741,-11.7334,0.0124021,1.13293
-12.5694,-11.8966,0.00673359,1.60822
-12.7463,-12.0054,0.0137653,0.561555
-12.981,-12.2236,0.0220617,0.186469
-13.0229,-12.4736,0.0300989,0.191665
-13.2839,-12.6173,0.00185944,0.742217
-13.3086,-12.7415,0.0384806,0.181218
-13.4705,-12.8991,0.0034682,1.08905
-13.5878,-13.024,0.0568788,0.0911272
-13.5975,-13.3078,0.0909184,0.0627487
-13.7858,-13.5398,0.000651604,0.527267
-13.8735,-13.5978,0.173309,0.0113979
-13.8796,-13.8795,0.523228,0.000261174
-13.9648,-13.9858,1.91844e-08,0.11856
