7.70603,7.6936,9.16744e-18,0.0954425
7.64433,7.61829,9.64615e-17,0.17198
7.5479,7.52034,1.33236e-16,0.21393
7.42889,7.40354,1.63674e-16,0.2417
7.28221,7.2626,3.42178e-16,0.277348
7.11757,7.10666,3.05813e-16,0.315589
6.93498,6.93765,1.05501e-15,0.358391
6.73325,6.75003,1.19897e-16,0.414403
6.50874,6.54292,2.62683e-15,0.473878
6.26514,6.31968,2.27034e-17,0.538451
6.00184,6.0747,2.84211e-15,0.614112
5.71641,5.80627,2.87795e-16,0.707621
5.4103,5.50812,2.19282e-15,0.819471
5.0841,5.18361,1.48242e-15,0.93797
4.73796,4.83327,2.2455e-15,1.06073
4.37438,4.46037,4.80472e-15,1.18153
3.99593,4.0672,2.62655e-15,1.29684
3.60342,3.65608,1.11396e-14,1.42933
3.19567,3.22544,2.23727e-15,1.5762
2.77396,2.77811,9.27946e-15,1.70368
2.33806,2.32182,6.1167e-15,1.78369
1.89266,1.86553,1.0104e-14,1.82167
1.43736,1.4103,7.27093e-15,1.83153
0.978254,0.958234,1.54999e-14,1.81213
0.516401,0.513558,2.75891e-15,1.78687
0.0532686,0.0720725,1.288e-14,1.74294
-0.410585,-0.369911,9.67152e-15,1.70055
-0.870074,-0.814585,2.04264e-14,1.68465
-1.33347,-1.25846,4.62434e-14,1.66687
-1.7991,-1.70387,6.25309e-15,1.66472
-2.26651,-2.14604,8.28799e-14,1.63947
-2.72992,-2.58536,4.90169e-14,1.63963
-3.19502,-3.03023,1.22401e-14,1.6442
-3.64176,-3.47872,2.65971e-13,1.57615
-4.06967,-3.92631,1.01424e-14,1.47494
-4.48536,-4.36852,1.07954e-12,1.40866
-4.8962,-4.80093,1.17886e-12,1.43182
-5.29945,-4.90256,3.19353e-10,18.1631
-5.69275,-5.22558,3.7599e-13,1.27037
-6.08431,-5.63823,1.64354e-12,1.20353
-6.47415,-6.04512,1.50431e-12,1.14743
-6.8593,-6.44792,3.71416e-13,1.10949
-7.23823,-6.84329,2.47292e-12,1.07228
-7.61283,-7.23321,9.5078e-12,1.04209
-7.98691,-7.61781,1.38244e-11,1.01228
-8.35178,-7.99411,7.54505e-13,0.987971
-8.71974,-8.36259,5.07047e-11,0.98299
-9.09015,-8.72535,6.57248e-11,0.999229
-9.46717,-9.08386,2.51475e-09,1.07201
-9.85029,-9.42379,4.98606e-08,5.6448
-10.2178,-9.49161,2.70565e-08,18.7602
-10.4895,-9.79098,6.59951e-07,0.980104
-10.7762,-10.1369,7.51904e-06,0.810599
-10.9918,-10.4052,5.15473e-05,0.666779
-11.1975,-10.6726,0.00020485,0.673278
-11.3966,-10.9318,0.00241661,0.440303
-11.5945,-11.1179,0.00538651,0.651442
-11.7873,-11.3179,0.0079091,0.735637
-11.995,-11.4998,0.00399745,7.29689
-12.2267,-11.5465,0.00671938,5.77512
-12.4776,-11.7457,0.0130429,0.772537
-12.6222,-11.9431,0.0106582,1.2847
-12.7474,-12.0251,0.00879057,1.28898
-12.9882,-12.2241,0.0219369,0.195994
-13.0249,-12.4737,0.0300984,0.192049
-13.2854,-12.6182,0.00185958,0.775537
-13.309,-12.7415,0.0384828,0.181761
-13.5098,-12.8994,0.0034464,1.09459
-13.5885,-13.024,0.0568887,0.0907374
-13.5976,-13.3078,0.0909161,0.0625708
-13.8171,-13.5404,0.000650891,0.517741
-13.8738,-13.5978,0.173307,0.0113951
-13.8796,-13.8795,0.523228,0.000261199
-13.9739,-13.9867,1.96237e-08,0.10798
