7.70688,7.69467,1.54242e-16,0.0933145
7.64681,7.62093,2.19982e-16,0.169131
7.55356,7.52608,6.42801e-16,0.211669
7.43821,7.41265,1.16026e-15,0.239682
7.29623,7.27644,1.60052e-15,0.273243
7.13627,7.12445,2.42435e-15,0.310513
6.95824,6.96017,2.03528e-15,0.34954
6.76213,6.77744,5.507e-15,0.40299
6.54386,6.57583,2.15778e-15,0.461015
6.30724,6.35889,1.04944e-14,0.522865
6.05084,6.12121,4.19488e-15,0.596212
5.77363,5.86145,1.32693e-14,0.684724
5.47653,5.57404,9.44895e-15,0.791996
5.15932,5.25989,1.48649e-14,0.905482
4.82259,4.92075,1.58407e-14,1.02605
4.46838,4.55828,1.56042e-14,1.14331
4.09933,4.17548,2.53092e-14,1.25924
3.71598,3.7756,1.8114e-14,1.38672
3.31922,3.35633,4.61755e-14,1.53129
2.90747,2.91965,3.30239e-14,1.66849
2.48203,2.47125,5.17463e-14,1.76774
2.04633,2.02129,5.18593e-14,1.81583
1.60106,1.57236,7.07499e-14,1.83369
1.14947,1.12514,6.80321e-14,1.82984
0.696183,0.686015,1.17079e-13,1.80554
0.240401,0.24993,8.27246e-14,1.75975
-0.217763,-0.185514,1.12331e-13,1.71343
-0.674849,-0.622022,1.05032e-13,1.68957
-1.12973,-1.06136,1.17379e-13,1.67795
-1.58587,-1.49825,2.43383e-13,1.67699
-2.04702,-1.93569,1.21462e-13,1.65483
-2.50492,-2.36953,3.05282e-13,1.63439
-2.9654,-2.80614,3.99878e-13,1.65951
-3.41579,-3.24503,2.09341e-13,1.64491
-3.84709,-3.68768,1.08365e-12,1.548
-4.2636,-4.12697,1.18245e-13,1.45886
-4.67191,-4.56043,3.15393e-12,1.40821
-5.0752,-4.90035,3.19197e-10,17.9951
-5.46863,-4.98494,2.02359e-12,1.58319
-5.85656,-5.39588,1.26248e-13,1.26963
-6.24235,-5.80184,4.22851e-12,1.20524
-6.62632,-6.20151,9.08075e-14,1.16564
-7.00486,-6.5964,6.14344e-13,1.1273
-7.3785,-6.98399,1.0038e-11,1.1041
-7.74603,-7.36567,6.16074e-12,1.07663
-8.11458,-7.74247,1.57269e-11,1.04707
-8.47537,-8.11027,1.69196e-11,1.03511
-8.84035,-8.47027,5.45611e-11,1.05195
-9.20944,-8.82389,1.30219e-11,1.09402
-9.57852,-9.172,7.376e-09,1.17111
-9.96315,-9.46892,1.01609e-08,20.8349
-10.2986,-9.52231,1.10666e-07,4.05029
-10.5641,-9.85923,9.9264e-07,1.03088
-10.8627,-10.1879,1.10537e-05,0.904546
-11.0415,-10.4421,6.09462e-05,0.84269
-11.2544,-10.7037,0.00023999,0.889874
-11.4605,-10.9432,0.00263671,0.530439
-11.6565,-11.1292,0.00544768,0.817797
-11.8202,-11.3251,0.00778264,0.963482
-12.0029,-11.4998,0.00393144,7.38866
-12.2286,-11.5525,0.0067941,5.39788
-12.4792,-11.7487,0.0130134,0.800393
-12.6631,-11.9485,0.0113265,1.2973
-12.7489,-12.0286,0.00794952,1.52054
-12.9931,-12.2241,0.021927,0.198106
-13.0268,-12.4737,0.030107,0.191344
-13.2861,-12.6193,0.0018648,0.741792
-13.3092,-12.7416,0.0384721,0.180458
-13.5294,-12.8998,0.00346694,1.08411
-13.5892,-13.024,0.056869,0.0901174
-13.5976,-13.3078,0.0909139,0.0624851
-13.8348,-13.5413,0.00066315,0.504848
-13.8742,-13.5978,0.173293,0.011375
-13.8796,-13.8795,0.523228,0.000261044
-13.9807,-13.9875,1.72232e-08,0.0989622
