7.70766,7.69565,2.17323e-16,0.0913924
7.64917,7.62339,8.10289e-16,0.1666
7.55909,7.53156,1.57984e-15,0.209994
7.44734,7.42141,2.41237e-15,0.238117
7.31009,7.28976,4.05659e-15,0.269379
7.15451,7.14136,4.80751e-15,0.305037
6.98078,6.98123,7.6565e-15,0.341102
6.78998,6.803,5.74905e-15,0.391505
6.57791,6.60664,1.4113e-14,0.448395
6.34777,6.39552,6.88132e-15,0.507682
6.09792,6.16455,2.02264e-14,0.579372
5.82886,5.91285,1.32435e-14,0.66242
5.5402,5.63552,2.70915e-14,0.763853
5.23147,5.3309,2.74313e-14,0.873792
4.90397,5.00218,3.76134e-14,0.993357
4.55899,4.64945,4.82566e-14,1.11195
4.19896,4.27696,4.79371e-14,1.23233
3.82488,3.88748,7.27797e-14,1.35627
3.43838,3.47914,5.38258e-14,1.49642
3.03646,3.05325,9.8327e-14,1.63982
2.62197,2.61344,9.2542e-14,1.75443
2.19565,2.16938,1.20463e-13,1.81538
1.76038,1.72663,1.27017e-13,1.84163
1.3166,1.28543,1.66536e-13,1.8464
0.870392,0.849471,1.55017e-13,1.8184
0.420774,0.418593,2.62305e-13,1.78381
-0.0304144,-0.00983351,2.62867e-13,1.74245
-0.481552,-0.439294,3.40128e-13,1.70416
-0.927728,-0.871852,3.6641e-13,1.69202
-1.37835,-1.30309,3.36924e-13,1.67735
-1.83202,-1.736,6.30423e-13,1.67365
-2.28674,-2.16517,4.47591e-13,1.65348
-2.73791,-2.59199,6.89616e-13,1.66137
-3.19064,-3.02484,1.11566e-12,1.67356
-3.62636,-3.46092,6.75069e-13,1.62211
-4.04432,-3.89689,2.62013e-12,1.53533
-4.45053,-4.32793,7.96964e-13,1.47903
-4.85202,-4.75076,9.13845e-12,1.49329
-5.24697,-4.90042,3.21641e-10,18.1028
-5.63184,-5.16661,7.73652e-13,1.39156
-6.01473,-5.56862,6.09988e-15,1.31053
-6.39556,-5.9661,8.14287e-12,1.25801
-6.77275,-6.35884,9.83322e-13,1.23758
-7.14413,-6.74446,1.24289e-12,1.21665
-7.51208,-7.12441,2.53869e-11,1.21837
-7.87574,-7.49701,1.28648e-12,1.22065
-8.23506,-7.86314,1.81319e-11,1.22377
-8.59288,-8.22079,6.42817e-11,1.2552
-8.95374,-8.56945,3.44317e-11,1.33645
-9.32178,-8.91049,1.30246e-11,1.48557
-9.68603,-9.24196,1.48815e-08,1.76643
-10.0646,-9.47072,3.54465e-09,22.8271
-10.3658,-9.57505,1.58959e-07,2.40433
-10.6305,-9.89949,1.23236e-06,1.51828
-10.9179,-10.2094,1.27158e-05,1.26044
-11.0946,-10.4544,6.30416e-05,1.16411
-11.3033,-10.7096,0.000243581,1.13554
-11.5164,-10.9439,0.00263635,0.594014
-11.7322,-11.1292,0.00543952,0.840107
-11.9295,-11.3254,0.00781806,0.889321
-12.0431,-11.5086,0.00518286,5.72767
-12.2322,-11.5574,0.00550763,6.95716
-12.4805,-11.7487,0.0130373,0.777451
-12.7038,-11.9524,0.01239,1.01039
-12.7528,-12.0361,0.00693798,1.45068
-12.9975,-12.2244,0.0218655,0.194452
-13.0291,-12.4739,0.0301643,0.187005
-13.2866,-12.6262,0.00190471,0.688795
-13.3094,-12.7418,0.0384049,0.173849
-13.5414,-12.9022,0.00349422,1.05458
-13.5899,-13.0241,0.0567987,0.0897032
-13.5976,-13.3078,0.0909131,0.0624773
-13.8451,-13.5424,0.000693001,0.491844
-13.8747,-13.5978,0.173264,0.0113267
-13.8796,-13.8795,0.523228,0.000260475
-13.9855,-13.9883,1.24215e-08,0.091614
