7.70839,7.69658,3.15789e-16,0.0894223
7.65142,7.62573,5.44465e-16,0.16406
7.56454,7.53688,1.53344e-15,0.208021
7.45631,7.4299,2.64165e-15,0.23609
7.32374,7.30259,3.75369e-15,0.264307
7.17214,7.15745,5.2259e-15,0.298058
7.00251,7.00103,5.35721e-15,0.331099
6.8167,6.82694,1.04581e-14,0.378873
6.61073,6.63574,6.94647e-15,0.434417
6.38655,6.43007,1.94495e-14,0.491137
6.14315,6.20567,1.09936e-14,0.560292
5.88198,5.9615,2.57097e-14,0.637451
5.60115,5.69353,2.00005e-14,0.732832
5.3007,5.39807,3.11503e-14,0.840329
4.98233,5.0793,3.37688e-14,0.957788
4.64644,4.73643,4.07412e-14,1.07803
4.29526,4.37438,5.90371e-14,1.19846
3.9305,3.99452,5.75631e-14,1.31524
3.55327,3.59658,1.00596e-13,1.4494
3.16151,3.18082,7.87583e-14,1.59545
2.75736,2.74982,1.20746e-13,1.71965
2.34019,2.31178,1.22707e-13,1.79679
1.91426,1.87444,1.53676e-13,1.83241
1.47912,1.43922,1.60534e-13,1.84063
1.03978,1.00614,2.10717e-13,1.82064
0.598281,0.580485,1.75973e-13,1.79671
0.155298,0.157528,2.72627e-13,1.7515
-0.289684,-0.266083,3.0232e-13,1.70372
-0.733259,-0.6914,4.17231e-13,1.6842
-1.177,-1.11896,5.32716e-13,1.67308
-1.62119,-1.54454,4.59198e-13,1.67636
-2.06986,-1.9695,8.69569e-13,1.65436
-2.51519,-2.39074,7.45148e-13,1.63773
-2.96333,-2.81561,8.97039e-13,1.67046
-3.40213,-3.24299,1.73364e-12,1.66697
-3.82333,-3.67412,9.72612e-13,1.58025
-4.23048,-4.10388,3.97694e-12,1.50151
-4.62927,-4.52754,1.77554e-12,1.47411
-5.0236,-4.89613,3.31378e-10,17.3341
-5.40931,-4.94442,5.5371e-12,2.26411
-5.78823,-5.34605,4.04674e-12,1.35751
-6.16538,-5.74235,1.96017e-13,1.3193
-6.5411,-6.13233,1.11878e-11,1.30251
-6.91192,-6.51766,5.45812e-12,1.30951
-7.27703,-6.89404,1.86136e-12,1.34447
-7.6376,-7.26535,4.71124e-11,1.40701
-7.99846,-7.62824,8.97811e-13,1.51617
-8.35003,-7.98004,2.29868e-11,1.68433
-8.70426,-8.32184,1.59517e-10,1.94285
-9.06026,-8.64916,2.4461e-12,2.3127
-9.42335,-8.96397,6.14211e-11,2.71947
-9.78705,-9.26739,1.82501e-08,3.13777
-10.1513,-9.47335,6.75187e-09,21.8494
-10.4256,-9.58795,1.59237e-07,3.41222
-10.691,-9.90092,1.22667e-06,1.73205
-10.9498,-10.2097,1.27977e-05,1.19289
-11.1351,-10.4566,6.44364e-05,0.990188
-11.3362,-10.7156,0.000257801,0.892831
-11.5453,-10.9488,0.00277037,0.445403
-11.7584,-11.1378,0.00562381,0.600466
-11.9786,-11.3352,0.00792651,0.584358
-12.1934,-11.5269,0.00639922,4.20932
-12.2631,-11.5594,0.00395897,8.95908
-12.4823,-11.7518,0.0132426,0.547726
-12.7355,-11.968,0.0159342,0.395811
-12.7763,-12.0854,0.00357342,1.37887
-13.002,-12.2261,0.0214155,0.19914
-13.0329,-12.4744,0.0302393,0.180307
-13.287,-12.6389,0.00205693,0.66749
-13.3095,-12.7424,0.0382389,0.161896
-13.5493,-12.9074,0.00350175,1.00893
-13.5906,-13.0242,0.0566842,0.089696
-13.5976,-13.3078,0.0909138,0.0624547
-13.8512,-13.5436,0.000739045,0.480972
-13.8751,-13.5978,0.173218,0.0112438
-13.8796,-13.8795,0.523227,0.000259391
-13.9886,-13.9889,7.14845e-09,0.0861184
