7.70907,7.6975,1.27508e-16,0.087398
7.65356,7.62803,5.24579e-16,0.161473
7.56989,7.5422,9.9388e-16,0.205876
7.46506,7.43836,1.50289e-15,0.233009
7.33693,7.31516,2.48465e-15,0.257802
7.1889,7.17299,2.81297e-15,0.289732
7.02316,7.02,4.39047e-15,0.320584
6.84208,6.85005,3.10611e-15,0.366165
6.64197,6.66408,8.60217e-15,0.420698
6.42334,6.46359,3.41253e-15,0.475551
6.18639,6.24565,1.35958e-14,0.541173
5.93264,6.00866,7.34273e-15,0.6138
5.65918,5.74939,1.83947e-14,0.703805
5.36702,5.46319,1.64051e-14,0.80975
5.05749,5.15423,2.38148e-14,0.92317
4.73042,4.82181,2.78258e-14,1.04169
4.38788,4.46973,2.72244e-14,1.15768
4.03205,4.09918,4.13553e-14,1.2682
3.66332,3.71166,3.21095e-14,1.39655
3.28176,3.30614,7.0051e-14,1.54153
2.8869,2.88454,5.7699e-14,1.67269
2.47937,2.45337,8.40206e-14,1.76854
2.06253,2.02129,8.77754e-14,1.81273
1.63695,1.59136,1.14832e-13,1.82594
1.20491,1.16242,1.16744e-13,1.81948
0.77107,0.741486,1.79338e-13,1.79067
0.333894,0.322921,1.37427e-13,1.74324
-0.10562,-0.0949229,1.85612e-13,1.70103
-0.544791,-0.513146,1.91953e-13,1.66992
-0.978966,-0.934812,2.51729e-13,1.65771
-1.41713,-1.35486,4.05882e-13,1.64591
-1.85907,-1.77641,2.90089e-13,1.63638
-2.30157,-2.19439,6.30536e-13,1.61557
-2.74088,-2.60958,6.68115e-13,1.62624
-3.18175,-3.03027,6.21902e-13,1.63999
-3.60685,-3.45537,1.62703e-12,1.59257
-4.01517,-3.88056,6.71186e-13,1.50935
-4.41218,-4.3028,4.0086e-12,1.44907
-4.80445,-4.71746,2.65262e-12,1.43134
-5.19106,-4.89749,3.39833e-10,18.1599
-5.5679,-5.12517,5.84361e-13,1.36677
-5.94199,-5.51958,6.69207e-12,1.30781
-6.31378,-5.90902,3.21594e-13,1.28337
-6.68311,-6.29283,1.07867e-11,1.29826
-7.04728,-6.67008,1.16331e-11,1.33846
-7.40734,-7.03839,1.90771e-12,1.46618
-7.76133,-7.39896,7.02234e-11,1.69141
-8.11616,-7.748,1.52705e-11,2.15065
-8.46351,-8.07574,4.58157e-11,3.02438
-8.81424,-8.38208,3.17679e-10,4.05368
-9.16716,-8.66931,8.17601e-12,4.05386
-9.52192,-8.96447,5.15324e-11,2.99173
-9.88628,-9.27336,1.94507e-08,2.28149
-10.2287,-9.48344,3.25233e-09,22.7949
-10.4869,-9.5989,1.8483e-07,2.01701
-10.7567,-9.92593,1.48453e-06,1.12913
-10.9771,-10.2353,1.59583e-05,0.797782
-11.1707,-10.484,7.44179e-05,0.717935
-11.3646,-10.7466,0.000324014,0.684778
-11.5656,-10.9631,0.00307857,0.351996
-11.7704,-11.1559,0.00588208,0.463789
-11.987,-11.3518,0.00792062,0.434894
-12.221,-11.5427,0.00649762,3.98452
-12.3906,-11.5595,0.00351049,9.54768
-12.4867,-11.7565,0.0132854,0.392138
-12.7425,-11.9766,0.0171458,0.225705
-12.8336,-12.1636,0.00509086,0.97653
-13.0069,-12.2325,0.0184361,0.273012
-13.0397,-12.475,0.0302763,0.172584
-13.2873,-12.6533,0.00238874,0.679947
-13.3096,-12.7433,0.037935,0.147825
-13.5546,-12.9142,0.00348074,0.951439
-13.5911,-13.0242,0.0565592,0.0900137
-13.5977,-13.3078,0.0909145,0.0622842
-13.8546,-13.5444,0.000789148,0.473719
-13.8755,-13.5978,0.173167,0.0111272
-13.8796,-13.8795,0.523226,0.0002579
-13.9905,-13.9893,3.55651e-09,0.0827426
