7.70969,7.69838,7.71091e-17,0.0853369
7.6556,7.63027,8.39786e-17,0.158873
7.57509,7.54743,3.20309e-16,0.203734
7.47344,7.44661,5.6484e-16,0.229844
7.34938,7.32718,7.15888e-16,0.251329
7.20451,7.18784,1.10399e-15,0.281845
7.04254,7.03808,9.83412e-16,0.31176
6.86594,6.87243,2.81114e-15,0.355603
6.67137,6.69182,1.0404e-15,0.409164
6.45802,6.49634,5.99958e-15,0.462122
6.22749,6.28467,1.21468e-15,0.524696
5.98052,6.05446,6.92025e-15,0.594233
5.71419,5.80325,2.65561e-15,0.680446
5.43018,5.52653,7.24124e-15,0.78408
5.12887,5.22697,6.63139e-15,0.891937
4.81016,4.90495,9.74309e-15,1.0074
4.47593,4.56222,1.48776e-14,1.1199
4.12839,4.20078,1.2389e-14,1.23226
3.76789,3.82364,2.4679e-14,1.35722
3.3959,3.42848,1.15212e-14,1.49697
3.00987,3.01675,3.06391e-14,1.63636
2.61232,2.59362,2.47831e-14,1.74703
2.20403,2.16671,3.59976e-14,1.80347
1.78746,1.74179,3.59216e-14,1.8249
1.36262,1.319,5.31168e-14,1.82738
0.934934,0.900589,4.47205e-14,1.79357
0.504232,0.487647,1.01344e-13,1.75824
0.0725607,0.0768372,8.70704e-14,1.71145
-0.360074,-0.335722,1.14728e-13,1.66232
-0.790548,-0.750881,1.07608e-13,1.64312
-1.22354,-1.16684,1.02833e-13,1.62894
-1.6567,-1.58254,2.37288e-13,1.63055
-2.09361,-1.99616,1.19654e-13,1.60762
-2.52707,-2.40674,2.89604e-13,1.59027
-2.9636,-2.82108,4.11909e-13,1.61997
-3.39136,-3.23658,2.50363e-13,1.62059
-3.80291,-3.65686,1.17018e-12,1.53622
-4.20113,-4.07645,2.11725e-13,1.45407
-4.59092,-4.49135,3.02558e-12,1.41076
-4.97668,-4.89329,1.74669e-10,9.06011
-5.35497,-4.90033,1.69956e-10,10.5147
-5.72554,-5.29423,3.96886e-13,1.29399
-6.09463,-5.68312,7.84347e-12,1.26475
-6.46212,-6.06531,4.40707e-13,1.26221
-6.82534,-6.44262,8.74483e-12,1.31096
-7.18294,-6.81041,2.00378e-11,1.4303
-7.53739,-7.16861,3.25167e-12,1.76552
-7.88831,-7.51184,1.10405e-10,2.58241
-8.23436,-7.82686,8.11091e-11,4.41343
-8.57897,-8.1014,1.15096e-10,5.71341
-8.92613,-8.38209,3.15628e-10,4.0136
-9.2785,-8.68808,2.0925e-13,2.36659
-9.62651,-9.00989,4.29413e-10,1.62421
-9.98934,-9.33261,3.16807e-08,1.31605
-10.3025,-9.48839,3.93679e-11,23.7766
-10.5552,-9.65689,2.7254e-07,1.06755
-10.8353,-9.9856,2.22372e-06,0.910607
-11.0146,-10.2793,2.22834e-05,0.656639
-11.2142,-10.5276,9.17219e-05,0.636455
-11.4024,-10.7928,0.000478858,0.63286
-11.5901,-10.9837,0.0034245,0.3523
-11.7813,-11.1774,0.00611588,0.442475
-11.9915,-11.3701,0.00784378,0.417216
-12.2245,-11.552,0.00289895,8.71154
-12.4625,-11.5615,0.00675673,4.95763
-12.5101,-11.7606,0.0131711,0.335253
-12.7444,-11.98,0.0173339,0.194885
-12.8937,-12.2062,0.0169147,0.426097
-13.0118,-12.2606,0.00632684,0.608351
-13.054,-12.4757,0.0302449,0.165154
-13.2876,-12.6641,0.00281266,0.709295
-13.3097,-12.7442,0.0375689,0.137157
-13.5582,-12.9207,0.00343081,0.895088
-13.5916,-13.0242,0.0564725,0.0903833
-13.5977,-13.3079,0.0909121,0.06185
-13.8565,-13.5449,0.000830212,0.469952
-13.8758,-13.5978,0.173121,0.0109878
-13.8796,-13.8795,0.523225,0.000256219
-13.9915,-13.9896,1.80276e-09,0.0810936
