7.71027,7.69923,7.07022e-18,0.0833702
7.65757,7.63243,8.12048e-17,0.156583
7.58016,7.55251,1.00253e-16,0.201858
7.48148,7.45446,1.30537e-16,0.226798
7.36108,7.33841,2.48047e-16,0.246172
7.21912,7.20176,2.19012e-16,0.27586
7.06093,7.05526,4.83085e-16,0.305474
6.88865,6.89407,8.79833e-17,0.348055
6.69941,6.71871,1.37515e-15,0.400409
6.4913,6.5279,4.41238e-18,0.452528
6.26709,6.32223,2.87565e-15,0.512584
6.02636,6.09842,1.98928e-16,0.580453
5.76712,5.85484,3.28976e-15,0.662615
5.49093,5.58766,1.09963e-15,0.761118
5.19721,5.29695,2.57639e-15,0.865133
4.88658,4.9848,2.08146e-15,0.979251
4.56048,4.65102,1.81245e-15,1.09252
4.22092,4.29935,4.84069e-15,1.20866
3.86879,3.93208,2.41284e-15,1.3287
3.50555,3.54697,1.26478e-14,1.4625
3.12857,3.14529,3.60808e-15,1.60685
2.7405,2.73063,1.10759e-14,1.72929
2.34045,2.30926,8.20223e-15,1.80027
1.93231,1.88949,1.26941e-14,1.83415
1.51563,1.47265,1.01483e-14,1.83859
1.09456,1.0569,1.86136e-14,1.81608
0.671719,0.648758,6.37971e-15,1.78782
0.246533,0.243174,2.8943e-14,1.73569
-0.181523,-0.163592,3.03676e-14,1.6848
-0.609433,-0.570857,5.57938e-14,1.65595
-1.03327,-0.981826,6.41108e-14,1.64398
-1.45985,-1.39025,3.54754e-14,1.63106
-1.89089,-1.80107,1.41334e-13,1.61505
-2.32205,-2.20768,5.15821e-14,1.59641
-2.75056,-2.61218,1.08788e-13,1.60686
-3.18038,-3.02243,2.52266e-13,1.61725
-3.59545,-3.43623,5.24052e-14,1.57627
-3.99466,-3.85172,8.20589e-13,1.49563
-4.38313,-4.26456,8.84292e-15,1.42925
-4.76685,-4.67169,1.58111e-12,1.38711
-5.14557,-4.89717,3.44674e-10,18.2113
-5.5152,-5.06939,1.29564e-12,1.34326
-5.88123,-5.45621,1.38206e-13,1.28897
-6.2451,-5.83849,8.78298e-12,1.27312
-6.60738,-6.21321,1.17477e-12,1.31707
-6.96495,-6.58171,8.49482e-12,1.45727
-7.31753,-6.93687,3.95445e-11,1.8674
-7.66519,-7.27229,1.91364e-11,3.11411
-8.0139,-7.56762,2.22002e-10,5.78348
-8.35334,-7.83002,1.17936e-10,5.7207
-8.69519,-8.12005,4.14978e-11,3.18479
-9.03841,-8.44091,2.25426e-10,1.98373
-9.38864,-8.76707,2.87183e-15,1.49206
-9.73597,-9.09426,2.1226e-09,1.24389
-10.0917,-9.41446,5.6074e-08,1.58365
-10.3733,-9.49398,4.66713e-09,23.1628
-10.6269,-9.73956,4.40801e-07,1.06541
-10.9056,-10.0614,3.82385e-06,0.927175
-11.0726,-10.3315,3.15943e-05,0.669588
-11.2736,-10.5798,0.000117587,0.663208
-11.4687,-10.847,0.000851759,0.633273
-11.6461,-11.0144,0.00376431,0.453757
-11.8033,-11.2041,0.00630442,0.527068
-11.9967,-11.392,0.00773104,0.542694
-12.2264,-11.5535,0.000680788,12.0925
-12.4752,-11.5717,0.00850958,1.55834
-12.5646,-11.7643,0.0129598,0.327771
-12.7456,-11.9819,0.0173431,0.1866
-12.9416,-12.2144,0.020852,0.26324
-13.0163,-12.2986,0.00237451,0.71012
-13.0857,-12.4762,0.0301549,0.159189
-13.288,-12.67,0.00313683,0.744482
-13.3098,-12.7449,0.0373111,0.132415
-13.5611,-12.9259,0.00335148,0.85174
-13.5921,-13.0242,0.0564516,0.0905103
-13.5977,-13.3079,0.0909033,0.0610253
-13.8578,-13.5451,0.000860817,0.468384
-13.876,-13.5978,0.173081,0.0108217
-13.8796,-13.8795,0.523224,0.000254305
-13.9922,-13.9896,9.64214e-10,0.0803548
