0,136.379
0.02,217.851
0.04,285.48
0.06,247.36
0.08,170.463
0.1,126.273
0.12,115.222
0.14,118.894
0.16,108.094
0.18,90.8881
0.2,78.2661
0.22,65.1732
0.24,59.6896
0.26,62.6623
0.28,59.8383
0.3,47.3766
0.32,38.7402
0.34,37.7755
0.36,43.5809
0.38,48.2434
0.4,40.6046
0.42,30.1811
0.44,24.5529
0.46,23.6496
0.48,27.256
0.5,34.2623
0.52,35.8685
0.54,27.8808
0.56,20.3785
0.58,16.5681
0.6,15.7218
0.62,17.6429
0.64,22.7885
0.66,28.7676
0.68,26.8959
0.7,19.5051
0.72,14.1712
0.74,11.5355
0.76,10.7804
0.78,11.672
0.8,14.653
0.82,20.1689
0.84,24.5066
0.86,20.8411
0.88,14.5258
0.9,10.4851
0.92,8.46516
0.94,7.74066
0.96,8.058
0.98,9.61964
1,13.041
1.02,18.1897
1.04,20.0031
1.06,15.3272
1.08,10.4404
1.1,7.58119
1.12,6.12624
1.14,5.52091
1.16,5.55123
1.18,6.26884
1.2,8.01117
1.22,11.3802
1.24,15.8637
1.26,16.4402
1.28,12.0361
1.3,8.11679
1.32,5.88436
1.34,4.73012
1.36,4.2098
1.38,4.13986
1.4,4.51708
1.42,5.51759
1.44,7.56402
1.46,11.1147
1.48,14.4288
1.5,12.8185
1.52,8.74512
1.54,5.91743
1.56,4.3645
1.58,3.54719
1.6,3.15881
1.62,3.07177
1.64,3.27088
1.66,3.84581
1.68,5.04012
1.7,7.30183
1.72,10.6839
1.74,12.2127
1.76,9.42783
1.78,6.22913
1.8,4.29401
1.82,3.24548
1.84,2.68909
1.86,2.42587
1.88,2.37563
1.9,2.5327
1.92,2.96369
1.94,3.84549
1.96,5.52628
1.98,8.26583
2,10.3118
2.02,8.60226
2.04,5.71185
2.06,3.82634
2.08,2.78625
2.1,2.21632
2.12,1.91047
2.14,1.77394
2.16,1.77272
2.18,1.91527
2.2,2.25832
2.22,2.93915
2.24,4.22677
2.26,6.35502
2.28,8.0929
2.3,6.90297
2.32,4.60207
2.34,3.06593
2.36,2.21568
2.38,1.74888
2.4,1.4958
2.42,1.37749
2.44,1.36399
2.46,1.4582
2.48,1.69831
2.5,2.17985
2.52,3.09684
2.54,4.67428
2.56,6.24767
2.58,5.67746
2.6,3.84089
2.62,2.51579
2.64,1.76927
2.66,1.35207
2.68,1.11328
2.7,0.979331
2.72,0.91681
2.74,0.914752
2.76,0.979663
2.78,1.14003
2.8,1.4626
2.82,2.07658
2.84,3.08631
2.86,3.87419
2.88,3.26742
2.9,2.17729
2.92,1.45501
2.94,1.05165
2.96,0.825617
2.98,0.698467
3,0.634542
3.02,0.622605
3.04,0.670616
3.06,0.808462
3.08,1.06742
3.1,1.29665
3.12,1.13845
3.14,0.808564
3.16,0.579382
3.18,0.446205
3.2,0.366505
3.22,0.315408
3.24,0.280387
3.26,0.254996
3.28,0.235736
3.3,0.220601
3.32,0.208388
3.34,0.198351
3.36,0.190028
3.38,0.183154
3.4,0.17763
3.42,0.173545
3.44,0.171268
3.46,0.1717
3.48,0.176747
3.5,0.189522
3.52,0.208503
3.54,0.210208
3.56,0.185983
3.58,0.162859
3.6,0.148063
3.62,0.138597
3.64,0.132006
3.66,0.127014
3.68,0.122975
3.7,0.119548
3.72,0.116543
3.74,0.113846
3.76,0.111387
3.78,0.109121
3.8,0.10702
3.82,0.105067
3.84,0.103256
3.86,0.10159
3.88,0.100088
3.9,0.0987943
3.92,0.0977981
3.94,0.0972837
3.96,0.0976252
3.98,0.0994529
4,0.102706
