0,129.055
0.02,209.345
0.04,296.851
0.06,281.753
0.08,190.576
0.1,122.335
0.12,85.9403
0.14,69.4624
0.16,66.6571
0.18,77.3118
0.2,103.952
0.22,132.578
0.24,119.391
0.26,80.7027
0.28,52.5747
0.3,36.4798
0.32,27.2942
0.34,21.8886
0.36,18.7232
0.38,17.086
0.4,16.7294
0.42,17.7658
0.44,20.7593
0.46,27.0507
0.48,39.1582
0.5,58.3125
0.52,70.0378
0.54,55.8339
0.56,36.1882
0.58,23.7136
0.6,16.6954
0.62,12.6352
0.64,10.1737
0.66,8.63861
0.68,7.69482
0.7,7.17886
0.72,7.02785
0.74,7.25699
0.76,7.97151
0.78,9.42261
0.8,12.144
0.82,17.2153
0.84,26.2911
0.86,37.9935
0.88,39.3163
0.9,27.9239
0.92,17.817
0.94,11.9082
0.96,8.58111
0.98,6.62305
1,5.41375
1.02,4.64407
1.04,4.1556
1.06,3.8664
1.08,3.73774
1.1,3.76037
1.12,3.95212
1.14,4.36572
1.16,5.11197
1.18,6.41327
1.2,8.7208
1.22,12.9196
1.24,20.1856
1.26,28.355
1.28,27.1912
1.3,18.4868
1.32,11.7071
1.34,7.82696
1.36,5.63133
1.38,4.32485
1.4,3.50591
1.42,2.97245
1.44,2.61861
1.46,2.38695
1.48,2.24632
1.5,2.18148
1.52,2.18867
1.54,2.27492
1.56,2.46065
1.58,2.78742
1.6,3.335
1.62,4.25912
1.64,5.87263
1.66,8.78714
1.68,13.8125
1.7,19.4462
1.72,18.6346
1.74,12.6469
1.76,7.99182
1.78,5.33103
1.8,3.82782
1.82,2.93543
1.84,2.3779
1.86,2.01645
1.88,1.77844
1.9,1.62459
1.92,1.53376
1.94,1.49586
1.96,1.50898
1.98,1.57901
2,1.72192
2.02,1.9698
2.04,2.38452
2.06,3.08762
2.08,4.32397
2.1,6.56109
2.12,10.2938
2.14,13.7813
2.16,12.2062
2.18,8.03179
2.2,5.09574
2.22,3.438
2.24,2.49351
2.26,1.9259
2.28,1.5667
2.3,1.33055
2.32,1.17223
2.34,1.06691
2.36,1.00088
2.38,0.967133
2.4,0.963465
2.42,0.991981
2.44,1.05996
2.46,1.18251
2.48,1.3886
2.5,1.73418
2.52,2.33085
2.54,3.40143
2.56,5.30716
2.58,7.91791
2.6,8.61508
2.62,6.26667
2.64,3.96082
2.66,2.59051
2.68,1.82114
2.7,1.37001
2.72,1.09045
2.74,0.909213
2.76,0.788449
2.78,0.707869
2.8,0.656596
2.82,0.629434
2.84,0.625429
2.86,0.647968
2.88,0.706631
2.9,0.822097
2.92,1.03725
2.94,1.43797
2.96,2.15205
2.98,3.04693
3,3.09235
3.02,2.19463
3.04,1.4238
3.06,0.973394
3.08,0.716736
3.1,0.562228
3.12,0.463037
3.14,0.395565
3.16,0.347363
3.18,0.311485
3.2,0.283849
3.22,0.261941
3.24,0.244148
3.26,0.229401
3.28,0.216967
3.3,0.206335
3.32,0.197138
3.34,0.189114
3.36,0.182074
3.38,0.17589
3.4,0.170485
3.42,0.165836
3.44,0.161996
3.46,0.159129
3.48,0.157614
3.5,0.158256
3.52,0.162702
3.54,0.173576
3.56,0.189373
3.58,0.190161
3.6,0.169675
3.62,0.150451
3.64,0.138125
3.66,0.130168
3.68,0.124563
3.7,0.120263
3.72,0.116742
3.74,0.113718
3.76,0.111035
3.78,0.1086
3.8,0.106353
3.82,0.104255
3.84,0.10228
3.86,0.100408
3.88,0.0986254
3.9,0.0969214
3.92,0.0952874
3.94,0.0937165
3.96,0.0922031
3.98,0.0907426
4,0.0893309
