0,3.53855
0.02,4.15869
0.04,4.93726
0.06,5.92013
0.08,7.16073
0.1,8.70951
0.12,10.5842
0.14,12.706
0.16,14.8075
0.18,16.3911
0.2,16.9088
0.22,16.1526
0.24,14.4408
0.26,12.3417
0.28,10.3063
0.3,8.5525
0.32,7.13052
0.34,6.01233
0.36,5.14671
0.38,4.48349
0.4,3.9815
0.42,3.60973
0.44,3.34632
0.46,3.1772
0.48,3.09495
0.5,3.09814
0.52,3.19094
0.54,3.3826
0.56,3.68579
0.58,4.11165
0.6,4.65726
0.62,5.28144
0.64,5.87457
0.66,6.25819
0.68,6.26706
0.7,5.87635
0.72,5.22328
0.74,4.49264
0.76,3.81274
0.78,3.23779
0.8,2.77511
0.82,2.41223
0.84,2.13191
0.86,1.9184
0.88,1.75927
0.9,1.64556
0.92,1.57141
0.94,1.53373
0.96,1.53188
0.98,1.56764
1,1.64509
1.02,1.77039
1.04,1.95051
1.06,2.18986
1.08,2.48224
1.1,2.79731
1.12,3.06815
1.14,3.20308
1.16,3.13923
1.18,2.89531
1.2,2.55473
1.22,2.2024
1.24,1.88807
1.26,1.6287
1.28,1.42351
1.3,1.26534
1.32,1.14619
1.34,1.05934
1.36,0.999823
1.38,0.964486
1.4,0.951843
1.42,0.961976
1.44,0.99647
1.46,1.05828
1.48,1.15125
1.5,1.27876
1.52,1.44023
1.54,1.62477
1.56,1.80277
1.58,1.92456
1.6,1.94088
1.62,1.8397
1.64,1.65731
1.66,1.44792
1.68,1.25134
1.7,1.0855
1.72,0.95378
1.74,0.853216
1.76,0.77926
1.78,0.727836
1.8,0.696016
1.82,0.682152
1.84,0.685845
1.86,0.707859
1.88,0.749922
1.9,0.814172
1.92,0.901684
1.94,1.00922
1.96,1.12389
1.98,1.21904
2,1.2606
2.02,1.22854
2.04,1.13413
2.06,1.00973
2.08,0.885351
2.1,0.777286
2.12,0.690413
2.14,0.624045
2.16,0.576053
2.18,0.544587
2.2,0.528478
2.22,0.527296
2.24,0.541309
2.26,0.571218
2.28,0.617329
2.3,0.677642
2.32,0.744623
2.34,0.802353
2.36,0.829527
2.38,0.812147
2.4,0.755295
2.42,0.678513
2.44,0.601242
2.46,0.534843
2.48,0.483412
2.5,0.447255
2.52,0.425452
2.54,0.417082
2.56,0.42154
2.58,0.438174
2.6,0.465187
2.62,0.497725
2.64,0.52622
2.66,0.538155
2.68,0.52543
2.7,0.491079
2.72,0.446483
2.74,0.402951
2.76,0.367176
2.78,0.341713
2.8,0.32688
2.82,0.321951
2.84,0.325261
2.86,0.333468
2.88,0.340822
2.9,0.340312
2.92,0.327706
2.94,0.304834
2.96,0.27771
2.98,0.252031
3,0.230914
3.02,0.215102
3.04,0.203722
3.06,0.194753
3.08,0.18561
3.1,0.174392
3.12,0.161017
3.14,0.14687
3.16,0.13346
3.18,0.121627
3.2,0.111572
3.22,0.103156
3.24,0.0961317
3.26,0.0902505
3.28,0.0853043
3.3,0.0811313
3.32,0.0776084
3.34,0.0746388
3.36,0.0721297
3.38,0.0699632
3.4,0.0679712
3.42,0.0659564
3.44,0.0637861
3.46,0.0614766
3.48,0.0591542
3.5,0.0569452
3.52,0.0549177
3.54,0.0530874
3.56,0.0514438
3.58,0.0499674
3.6,0.0486386
3.62,0.0474383
3.64,0.0463449
3.66,0.0453275
3.68,0.0443448
3.7,0.0433566
3.72,0.0423473
3.74,0.0413331
3.76,0.0403432
3.78,0.0393989
3.8,0.0385084
3.82,0.0376708
3.84,0.0368816
3.86,0.0361352
3.88,0.0354268
3.9,0.0347519
3.92,0.0341072
3.94,0.0334897
3.96,0.0328972
3.98,0.0323278
4,0.0317799
