0,3.53851
0.02,4.15864
0.04,4.93719
0.06,5.92005
0.08,7.16063
0.1,8.70938
0.12,10.584
0.14,12.7059
0.16,14.8073
0.18,16.391
0.2,16.9088
0.22,16.1527
0.24,14.441
0.26,12.3419
0.28,10.3065
0.3,8.55266
0.32,7.13064
0.34,6.01242
0.36,5.14679
0.38,4.48355
0.4,3.98155
0.42,3.60976
0.44,3.34635
0.46,3.17722
0.48,3.09496
0.5,3.09815
0.52,3.19095
0.54,3.38261
0.56,3.68581
0.58,4.11166
0.6,4.65727
0.62,5.28144
0.64,5.8745
0.66,6.25802
0.68,6.26676
0.7,5.876
0.72,5.22299
0.74,4.49244
0.76,3.81261
0.78,3.2377
0.8,2.77504
0.82,2.41217
0.84,2.13185
0.86,1.91834
0.88,1.7592
0.9,1.64547
0.92,1.5713
0.94,1.53358
0.96,1.53169
0.98,1.56739
1,1.6448
1.02,1.77008
1.04,1.95029
1.06,2.18996
1.08,2.48307
1.1,2.79917
1.12,3.07073
1.14,3.20525
1.16,3.13986
1.18,2.89425
1.2,2.55264
1.22,2.20013
1.24,1.8863
1.26,1.62796
1.28,1.42417
1.3,1.26749
1.32,1.14962
1.34,1.06346
1.36,1.00387
1.38,0.967731
1.4,0.953795
1.42,0.962381
1.44,0.995213
1.46,1.05533
1.48,1.14671
1.5,1.27305
1.52,1.43435
1.54,1.62024
1.56,1.80095
1.58,1.92562
1.6,1.94368
1.62,1.84282
1.64,1.65993
1.66,1.44984
1.68,1.25264
1.7,1.08628
1.72,0.954128
1.74,0.853176
1.76,0.778845
1.78,0.727027
1.8,0.694763
1.82,0.68037
1.84,0.683409
1.86,0.704597
1.88,0.745624
1.9,0.808636
1.92,0.894863
1.94,1.0016
1.96,1.11719
1.98,1.21662
2,1.26601
2.02,1.2422
2.04,1.15211
2.06,1.02673
2.08,0.897791
2.1,0.784087
2.12,0.692269
2.14,0.622402
2.16,0.572234
2.18,0.53935
2.2,0.522016
2.22,0.519418
2.24,0.53163
2.26,0.559348
2.28,0.603183
2.3,0.662031
2.32,0.730105
2.34,0.793597
2.36,0.831613
2.38,0.826829
2.4,0.779375
2.42,0.706687
2.44,0.629492
2.46,0.561106
2.48,0.50639
2.5,0.464976
2.52,0.434577
2.54,0.413396
2.56,0.401177
2.58,0.398782
2.6,0.407259
2.62,0.427084
2.64,0.457178
2.66,0.49316
2.68,0.525549
2.7,0.541085
2.72,0.53006
2.74,0.494188
2.76,0.444909
2.78,0.394492
2.8,0.350448
2.82,0.315625
2.84,0.290317
2.86,0.273917
2.88,0.265699
2.9,0.264951
2.92,0.270605
2.94,0.280388
2.96,0.289894
2.98,0.292912
3,0.2845
3.02,0.264739
3.04,0.238426
3.06,0.211109
3.08,0.186269
3.1,0.165175
3.12,0.147817
3.14,0.133683
3.16,0.122174
3.18,0.112757
3.2,0.105007
3.22,0.0986017
3.24,0.0933026
3.26,0.0889365
3.28,0.085368
3.3,0.0824643
3.32,0.0800455
3.34,0.07784
3.36,0.0755167
3.38,0.0728437
3.4,0.0698444
3.42,0.0667414
3.44,0.0637646
3.46,0.0610424
3.48,0.0586088
3.5,0.0564476
3.52,0.0545258
3.54,0.0528098
3.56,0.0512704
3.58,0.0498826
3.6,0.048622
3.62,0.0474587
3.64,0.0463548
3.66,0.0452721
3.68,0.0441917
3.7,0.043123
3.72,0.0420898
3.74,0.0411112
3.76,0.0401944
3.78,0.0393375
3.8,0.0385321
3.82,0.0377647
3.84,0.0370204
3.86,0.0362898
3.88,0.0355729
3.9,0.0348764
3.92,0.034206
3.94,0.0335642
3.96,0.0329504
3.98,0.0323626
4,0.0317985
