0,9.12911
0.02,9.28385
0.04,9.29055
0.06,9.20262
0.08,9.08601
0.1,9.00262
0.12,9.00073
0.14,9.11232
0.16,9.35381
0.18,9.72667
0.2,10.216
0.22,10.7869
0.24,11.3809
0.26,11.9167
0.28,12.3004
0.3,12.4482
0.32,12.3136
0.34,11.9049
0.36,11.2802
0.38,10.525
0.4,9.72542
0.42,8.95057
0.44,8.24697
0.46,7.64077
0.48,7.14319
0.5,6.75579
0.52,6.47403
0.54,6.28902
0.56,6.18754
0.58,6.15099
0.6,6.15421
0.62,6.16582
0.64,6.15178
0.66,6.08242
0.68,5.94049
0.7,5.72567
0.72,5.45276
0.74,5.14528
0.76,4.8284
0.78,4.52403
0.8,4.24867
0.82,4.01304
0.84,3.82302
0.86,3.68073
0.88,3.58545
0.9,3.53401
0.92,3.5205
0.94,3.53555
0.96,3.56561
0.98,3.59327
1,3.59951
1.02,3.56826
1.04,3.4915
1.06,3.37208
1.08,3.22214
1.1,3.05835
1.12,2.89683
1.14,2.75001
1.16,2.6257
1.18,2.52757
1.2,2.45597
1.22,2.40867
1.24,2.38155
1.26,2.36922
1.28,2.36604
1.3,2.36699
1.32,2.36812
1.34,2.36591
1.36,2.35629
1.38,2.33417
1.4,2.29469
1.42,2.23544
1.44,2.15828
1.46,2.0693
1.48,1.97691
1.5,1.88947
1.52,1.81367
1.54,1.75388
1.56,1.71234
1.58,1.68942
1.6,1.68378
1.62,1.69222
1.64,1.70953
1.66,1.72842
1.68,1.74032
1.7,1.73714
1.72,1.71375
1.74,1.66981
1.76,1.60973
1.78,1.54093
1.8,1.47134
1.82,1.40762
1.84,1.35441
1.86,1.31437
1.88,1.28854
1.9,1.2766
1.92,1.27694
1.94,1.28654
1.96,1.30079
1.98,1.31371
2,1.3188
2.02,1.31067
2.04,1.28682
2.06,1.24851
2.08,1.2002
2.1,1.14783
2.12,1.09707
2.14,1.05233
2.16,1.01645
2.18,0.990898
2.2,0.975969
2.22,0.970967
2.24,0.974159
2.26,0.982658
2.28,0.99241
2.3,0.998574
2.32,0.996502
2.34,0.983107
2.36,0.957946
2.38,0.923323
2.4,0.883317
2.42,0.842405
2.44,0.804392
2.46,0.771952
2.48,0.746631
2.5,0.729031
2.52,0.718979
2.54,0.715573
2.56,0.717131
2.58,0.721125
2.6,0.72431
2.62,0.723205
2.64,0.714982
2.66,0.698378
2.68,0.674133
2.7,0.644611
2.72,0.612891
2.74,0.581866
2.76,0.553716
2.78,0.529781
2.8,0.510645
2.82,0.496272
2.84,0.486082
2.86,0.478979
2.88,0.473375
2.9,0.467336
2.92,0.458923
2.94,0.446708
2.96,0.430219
2.98,0.410039
3,0.387494
3.02,0.364132
3.04,0.341295
3.06,0.319917
3.08,0.300508
3.1,0.283247
3.12,0.268075
3.14,0.254778
3.16,0.243042
3.18,0.23249
3.2,0.222743
3.22,0.213476
3.24,0.204486
3.26,0.195706
3.28,0.187186
3.3,0.179026
3.32,0.171325
3.34,0.164147
3.36,0.157516
3.38,0.151421
3.4,0.145833
3.42,0.14071
3.44,0.136009
3.46,0.131687
3.48,0.127704
3.5,0.124023
3.52,0.120612
3.54,0.11744
3.56,0.114478
3.58,0.111694
3.6,0.109057
3.62,0.106538
3.64,0.10411
3.66,0.101756
3.68,0.0994691
3.7,0.0972498
3.72,0.0951045
3.74,0.0930393
3.76,0.0910577
3.78,0.0891603
3.8,0.0873451
3.82,0.0856084
3.84,0.0839456
3.86,0.0823517
3.88,0.0808221
3.9,0.0793522
3.92,0.0779378
3.94,0.0765753
3.96,0.0752611
3.98,0.0739924
4,0.0727662
