0,9.12906
0.02,9.28383
0.04,9.29052
0.06,9.20253
0.08,9.08582
0.1,9.00231
0.12,9.00028
0.14,9.11173
0.16,9.35312
0.18,9.72595
0.2,10.2154
0.22,10.7865
0.24,11.381
0.26,11.9174
0.28,12.3016
0.3,12.4497
0.32,12.3151
0.34,11.9062
0.36,11.2816
0.38,10.527
0.4,9.72841
0.42,8.95437
0.44,8.25068
0.46,7.6431
0.48,7.14292
0.5,6.75208
0.52,6.46663
0.54,6.27846
0.56,6.17523
0.58,6.13927
0.6,6.14609
0.62,6.16418
0.64,6.1579
0.66,6.09468
0.68,5.95431
0.7,5.73558
0.72,5.45551
0.74,5.14183
0.76,4.82339
0.78,4.52334
0.8,4.25668
0.82,4.03078
0.84,3.84751
0.86,3.70555
0.88,3.60232
0.9,3.53508
0.92,3.50081
0.94,3.49512
0.96,3.51052
0.98,3.5352
1,3.55323
1.02,3.54707
1.04,3.50238
1.06,3.413
1.08,3.28326
1.1,3.12594
1.12,2.95749
1.14,2.79331
1.16,2.64513
1.18,2.52045
1.2,2.42328
1.22,2.35505
1.24,2.31537
1.26,2.30223
1.28,2.31176
1.3,2.33772
1.32,2.37102
1.34,2.39999
1.36,2.41202
1.38,2.39673
1.4,2.34941
1.42,2.27267
1.44,2.17523
1.46,2.06862
1.48,1.96382
1.5,1.86932
1.52,1.79066
1.54,1.73084
1.56,1.69096
1.58,1.67063
1.6,1.66816
1.62,1.68029
1.64,1.70184
1.66,1.7256
1.68,1.74287
1.7,1.74512
1.72,1.72646
1.74,1.68571
1.76,1.62675
1.78,1.55692
1.8,1.48447
1.82,1.41657
1.84,1.35834
1.86,1.31291
1.88,1.28168
1.9,1.26475
1.92,1.26107
1.94,1.26828
1.96,1.28259
1.98,1.29863
2,1.30999
2.02,1.31037
2.04,1.29548
2.06,1.26452
2.08,1.22043
2.1,1.16863
2.12,1.11519
2.14,1.06533
2.16,1.02282
2.18,0.98988
2.2,0.967518
2.22,0.955737
2.24,0.953639
2.26,0.959345
2.28,0.969841
2.3,0.980959
2.32,0.987793
2.34,0.985714
2.36,0.971764
2.38,0.9457
2.4,0.910016
2.42,0.868908
2.44,0.826882
2.46,0.78772
2.48,0.754055
2.5,0.727412
2.52,0.708425
2.54,0.697022
2.56,0.692497
2.58,0.693462
2.6,0.697738
2.62,0.702371
2.64,0.703931
2.66,0.699248
2.68,0.686356
2.7,0.665183
2.72,0.637502
2.74,0.60619
2.76,0.574264
2.78,0.5442
2.8,0.517661
2.82,0.495528
2.84,0.478044
2.86,0.464928
2.88,0.455437
2.9,0.448372
2.92,0.442131
2.94,0.4349
2.96,0.425028
2.98,0.411502
3,0.39425
3.02,0.374082
3.04,0.352305
3.06,0.330265
3.08,0.309027
3.1,0.289276
3.12,0.271353
3.14,0.255352
3.16,0.241211
3.18,0.228782
3.2,0.217871
3.22,0.208258
3.24,0.199706
3.26,0.191967
3.28,0.184802
3.3,0.178007
3.32,0.171447
3.34,0.165071
3.36,0.158896
3.38,0.152974
3.4,0.147359
3.42,0.14209
3.44,0.137179
3.46,0.13262
3.48,0.128396
3.5,0.12448
3.52,0.120846
3.54,0.117466
3.56,0.114317
3.58,0.111375
3.6,0.108619
3.62,0.106032
3.64,0.103593
3.66,0.101285
3.68,0.0990892
3.7,0.0969863
3.72,0.0949597
3.74,0.092997
3.76,0.0910915
3.78,0.089242
3.8,0.0874507
3.82,0.0857206
3.84,0.0840535
3.86,0.0824495
3.88,0.0809072
3.9,0.0794241
3.92,0.0779971
3.94,0.0766228
3.96,0.075298
3.98,0.0740195
4,0.0727845
