0,19.6336
0.02,23.547
0.04,27.9397
0.06,32.3235
0.08,35.8089
0.1,37.3831
0.12,36.556
0.14,33.7678
0.16,30.0393
0.18,26.316
0.2,23.1537
0.22,20.7672
0.24,19.1815
0.26,18.3367
0.28,18.1203
0.3,18.3438
0.32,18.7011
0.34,18.7897
0.36,18.2751
0.38,17.1052
0.4,15.5262
0.42,13.873
0.44,12.3802
0.46,11.1438
0.48,10.175
0.5,9.46152
0.52,8.99717
0.54,8.77868
0.56,8.78989
0.58,8.98132
0.6,9.2479
0.62,9.42644
0.64,9.35242
0.66,8.96437
0.68,8.34938
0.7,7.67078
0.72,7.06873
0.74,6.62189
0.76,6.35825
0.78,6.27333
0.8,6.33494
0.82,6.47477
0.84,6.58378
0.86,6.54192
0.88,6.28676
0.9,5.85778
0.92,5.35972
0.94,4.89206
0.96,4.51444
0.98,4.25148
1,4.109
1.02,4.08525
1.04,4.17368
1.06,4.35755
1.08,4.5975
1.1,4.81978
1.12,4.92616
1.14,4.84238
1.16,4.57214
1.18,4.19236
1.2,3.79567
1.22,3.44619
1.24,3.17376
1.26,2.98678
1.28,2.88487
1.3,2.86594
1.32,2.92827
1.34,3.06841
1.36,3.27448
1.38,3.51487
1.4,3.72861
1.42,3.83487
1.44,3.7747
1.46,3.55505
1.48,3.2421
1.5,2.9126
1.52,2.61836
1.54,2.3825
1.56,2.21044
1.58,2.10035
1.6,2.04921
1.62,2.0553
1.64,2.11838
1.66,2.23784
1.68,2.40797
1.7,2.6097
1.72,2.80164
1.74,2.92204
1.76,2.91589
1.78,2.77381
1.8,2.53933
1.82,2.27486
1.84,2.02754
1.86,1.82056
1.88,1.66032
1.9,1.54546
1.92,1.47254
1.94,1.43873
1.96,1.44284
1.98,1.48531
2,1.56733
2.02,1.68861
2.04,1.8427
2.06,2.00985
2.08,2.15175
2.1,2.21919
2.12,2.17938
2.14,2.04117
2.16,1.84749
2.18,1.64469
2.2,1.4626
2.22,1.31365
2.24,1.19987
2.26,1.1191
2.28,1.06842
2.3,1.04575
2.32,1.05028
2.34,1.08243
2.36,1.14313
2.38,1.23209
2.4,1.34438
2.42,1.46517
2.44,1.56601
2.46,1.61106
2.48,1.57727
2.5,1.47225
2.52,1.32774
2.54,1.17719
2.56,1.04172
2.58,0.929897
2.6,0.842848
2.62,0.77872
2.64,0.735122
2.66,0.710196
2.68,0.70294
2.7,0.713145
2.72,0.740948
2.74,0.785755
2.76,0.844159
2.78,0.906907
2.8,0.957063
2.82,0.974237
2.84,0.946526
2.86,0.879785
2.88,0.792593
2.9,0.703457
2.92,0.623615
2.94,0.557382
2.96,0.505107
2.98,0.465575
3,0.437241
3.02,0.41864
3.04,0.408254
3.06,0.403967
3.08,0.402354
3.1,0.398533
3.12,0.387733
3.14,0.368135
3.16,0.342008
3.18,0.313609
3.2,0.28645
3.22,0.262313
3.24,0.241632
3.26,0.224161
3.28,0.209419
3.3,0.19691
3.32,0.1862
3.34,0.176939
3.36,0.168849
3.38,0.161717
3.4,0.155374
3.42,0.149692
3.44,0.144571
3.46,0.139932
3.48,0.135717
3.5,0.131879
3.52,0.128385
3.54,0.125212
3.56,0.122339
3.58,0.119744
3.6,0.117386
3.62,0.115188
3.64,0.113023
3.66,0.11075
3.68,0.108294
3.7,0.105693
3.72,0.103064
3.74,0.100514
3.76,0.0981019
3.78,0.0958451
3.8,0.093737
3.82,0.0917624
3.84,0.0899043
3.86,0.0881477
3.88,0.0864798
3.9,0.08489
3.92,0.0833698
3.94,0.0819121
3.96,0.0805112
3.98,0.0791623
4,0.0778612
