0,19.6281
0.02,23.5439
0.04,27.9437
0.06,32.3424
0.08,35.8508
0.1,37.4483
0.12,36.6296
0.14,33.8229
0.16,30.0488
0.18,26.2597
0.2,23.0176
0.22,20.5408
0.24,18.8587
0.26,17.9237
0.28,17.6556
0.3,17.9292
0.32,18.5243
0.34,19.0805
0.36,19.1554
0.38,18.4432
0.4,16.9854
0.42,15.1143
0.44,13.2001
0.46,11.4816
0.48,10.0545
0.5,8.9286
0.52,8.0779
0.54,7.46993
0.56,7.07811
0.58,6.8861
0.6,6.88821
0.62,7.08741
0.64,7.4896
0.66,8.09053
0.68,8.85027
0.7,9.65622
0.72,10.3009
0.74,10.5343
0.76,10.2115
0.78,9.40522
0.8,8.34357
0.82,7.25247
0.84,6.26784
0.86,5.44009
0.88,4.77043
0.9,4.24024
0.92,3.82684
0.94,3.50993
0.96,3.27361
0.98,3.10654
1,3.00156
1.02,2.95534
1.04,2.96816
1.06,3.04383
1.08,3.18973
1.1,3.41658
1.12,3.73708
1.14,4.16186
1.16,4.68958
1.18,5.28834
1.2,5.87178
1.22,6.29392
1.24,6.40224
1.26,6.13942
1.28,5.59028
1.3,4.91301
1.32,4.24165
1.34,3.64793
1.36,3.15378
1.38,2.75517
1.4,2.43857
1.42,2.18925
1.44,1.99433
1.46,1.84364
1.48,1.7296
1.5,1.64685
1.52,1.59193
1.54,1.56301
1.56,1.55976
1.58,1.58335
1.6,1.63652
1.62,1.72371
1.64,1.85126
1.66,2.02721
1.68,2.26034
1.7,2.55717
1.72,2.91479
1.74,3.30816
1.76,3.67561
1.78,3.92066
1.8,3.95353
1.82,3.75491
1.84,3.39197
1.86,2.96563
1.88,2.55369
1.9,2.19452
1.92,1.8979
1.94,1.65959
1.96,1.47069
1.98,1.32203
2,1.2058
2.02,1.11589
2.04,1.04774
2.06,0.998168
2.08,0.965088
2.1,0.947404
2.12,0.944907
2.14,0.958272
2.16,0.989103
2.18,1.04002
2.2,1.11474
2.22,1.21797
2.24,1.35478
2.26,1.52874
2.28,1.73762
2.3,1.96576
2.32,2.17585
2.34,2.31113
2.36,2.32099
2.38,2.19755
2.4,1.9822
2.42,1.73351
2.44,1.49527
2.46,1.28848
2.48,1.11813
2.5,0.98147
2.52,0.873323
2.54,0.788449
2.56,0.722445
2.58,0.671915
2.6,0.634411
2.62,0.608302
2.64,0.592673
2.66,0.587254
2.68,0.592391
2.7,0.609039
2.72,0.63872
2.74,0.683342
2.76,0.744632
2.78,0.822721
2.8,0.913388
2.82,1.00425
2.84,1.07315
2.86,1.09504
2.88,1.05785
2.9,0.972185
2.92,0.862561
2.94,0.751388
2.96,0.651382
2.98,0.566846
3,0.497466
3.02,0.441141
3.04,0.39544
3.06,0.358178
3.08,0.32757
3.1,0.302223
3.12,0.281074
3.14,0.263317
3.16,0.248351
3.18,0.235734
3.2,0.225149
3.22,0.21638
3.24,0.209288
3.26,0.203787
3.28,0.199792
3.3,0.197119
3.32,0.195335
3.34,0.193601
3.36,0.190758
3.38,0.185855
3.4,0.178816
3.42,0.170462
3.44,0.161857
3.46,0.153748
3.48,0.146461
3.5,0.140042
3.52,0.13441
3.54,0.129445
3.56,0.12503
3.58,0.121068
3.6,0.117477
3.62,0.114195
3.64,0.111171
3.66,0.108366
3.68,0.10575
3.7,0.103296
3.72,0.100986
3.74,0.0988014
3.76,0.0967297
3.78,0.0947591
3.8,0.0928799
3.82,0.0910839
3.84,0.089364
3.86,0.087714
3.88,0.0861286
3.9,0.084603
3.92,0.083133
3.94,0.0817149
3.96,0.0803455
3.98,0.0790216
4,0.0777406
