0,11.8236
0.02,14.3237
0.04,17.3909
0.06,20.9676
0.08,24.73
0.1,27.9575
0.12,29.6739
0.14,29.2388
0.16,26.8957
0.18,23.5573
0.2,20.1282
0.22,17.1336
0.24,14.7575
0.26,13.0031
0.28,11.8121
0.3,11.1216
0.32,10.8818
0.34,11.0482
0.36,11.5513
0.38,12.2442
0.4,12.857
0.42,13.0442
0.44,12.5813
0.46,11.5423
0.48,10.2229
0.5,8.91476
0.52,7.78557
0.54,6.89261
0.56,6.23577
0.58,5.79623
0.6,5.55538
0.62,5.50083
0.64,5.62432
0.66,5.91104
0.68,6.31809
0.7,6.74562
0.72,7.02992
0.74,7.00836
0.76,6.6371
0.78,6.02742
0.8,5.34948
0.82,4.72968
0.84,4.22664
0.86,3.85435
0.88,3.60813
0.9,3.47949
0.92,3.46164
0.94,3.54843
0.96,3.72734
0.98,3.96602
1,4.19855
1.02,4.33324
1.04,4.30235
1.06,4.11671
1.08,3.8533
1.1,3.58948
1.12,3.35921
1.14,3.15597
1.16,2.96274
1.18,2.77971
1.2,2.62631
1.22,2.52533
1.24,2.49196
1.26,2.53259
1.28,2.64462
1.3,2.81097
1.32,2.98984
1.34,3.11238
1.36,3.10974
1.38,2.96255
1.4,2.71688
1.42,2.44433
1.44,2.19875
1.46,2.00574
1.48,1.8724
1.5,1.7982
1.52,1.7813
1.54,1.82066
1.56,1.91494
1.58,2.05786
1.6,2.22945
1.62,2.38703
1.64,2.46999
1.66,2.43234
1.68,2.27976
1.7,2.06389
1.72,1.84185
1.74,1.64938
1.76,1.50057
1.78,1.39752
1.8,1.33825
1.82,1.32071
1.84,1.34413
1.86,1.40859
1.88,1.5125
1.9,1.64723
1.92,1.78922
1.94,1.8962
1.96,1.92136
1.98,1.84578
2,1.69477
2.02,1.51562
2.04,1.34668
2.06,1.20718
2.08,1.10253
2.1,1.03195
2.12,0.993213
2.14,0.984736
2.16,1.00619
2.18,1.05795
2.2,1.13926
2.22,1.24416
2.24,1.35549
2.26,1.44152
2.28,1.46575
2.3,1.41167
2.32,1.29695
2.34,1.15778
2.36,1.02451
2.38,0.912701
2.4,0.826844
2.42,0.766284
2.44,0.729015
2.46,0.713438
2.48,0.718916
2.5,0.745633
2.52,0.793696
2.54,0.861
2.56,0.939427
2.58,1.01085
2.6,1.04901
2.62,1.03354
2.64,0.966343
2.66,0.869719
2.68,0.768692
2.7,0.678992
2.72,0.606703
2.74,0.552461
2.76,0.514919
2.78,0.492552
2.8,0.484319
2.82,0.489675
2.84,0.508027
2.86,0.537424
2.88,0.57238
2.9,0.601971
2.92,0.611855
2.94,0.592667
2.96,0.547668
2.98,0.489556
3,0.430839
3.02,0.378647
3.04,0.335288
3.06,0.300516
3.08,0.273191
3.1,0.252079
3.12,0.236128
3.14,0.224459
3.16,0.216201
3.18,0.210198
3.2,0.204795
3.22,0.198115
3.24,0.189039
3.26,0.17794
3.28,0.166162
3.3,0.154944
3.32,0.144924
3.34,0.13624
3.36,0.128783
3.38,0.122364
3.4,0.116797
3.42,0.111922
3.44,0.107612
3.46,0.10377
3.48,0.100319
3.5,0.0972034
3.52,0.0943798
3.54,0.0918177
3.56,0.0894947
3.58,0.087394
3.6,0.0854969
3.62,0.0837719
3.64,0.0821576
3.66,0.0805578
3.68,0.0788729
3.7,0.0770651
3.72,0.0751836
3.74,0.0733161
3.76,0.0715286
3.78,0.0698498
3.8,0.0682818
3.82,0.0668153
3.84,0.0654379
3.86,0.0641378
3.88,0.0629048
3.9,0.0617307
3.92,0.0606089
3.94,0.0595339
3.96,0.0585014
3.98,0.0575075
4,0.0565493
