0,11.8222
0.02,14.322
0.04,17.3889
0.06,20.9656
0.08,24.7287
0.1,27.9577
0.12,29.6762
0.14,29.243
0.16,26.9005
0.18,23.5611
0.2,20.1298
0.22,17.1324
0.24,14.753
0.26,12.9948
0.28,11.7994
0.3,11.104
0.32,10.859
0.34,11.0216
0.36,11.5256
0.38,12.2304
0.4,12.8718
0.42,13.1011
0.44,12.6761
0.46,11.6521
0.48,10.3213
0.5,8.98496
0.52,7.82104
0.54,6.89169
0.56,6.19725
0.58,5.71729
0.6,5.43111
0.62,5.32521
0.64,5.3935
0.66,5.63156
0.68,6.02233
0.7,6.50999
0.72,6.97092
0.74,7.22154
0.76,7.10986
0.78,6.63453
0.8,5.94323
0.82,5.21232
0.84,4.55629
0.86,4.0205
0.88,3.60976
0.9,3.31342
0.92,3.11875
0.94,3.01651
0.96,3.00262
0.98,3.07792
1,3.24636
1.02,3.50995
1.04,3.8576
1.06,4.24619
1.08,4.58306
1.1,4.74185
1.12,4.63595
1.14,4.29046
1.16,3.81867
1.18,3.33586
1.2,2.90971
1.22,2.56362
1.24,2.29718
1.26,2.10157
1.28,1.96733
1.3,1.88734
1.32,1.85773
1.34,1.87799
1.36,1.95073
1.38,2.08085
1.4,2.27318
1.42,2.52685
1.44,2.82393
1.46,3.11447
1.48,3.31352
1.5,3.33675
1.52,3.16342
1.54,2.8547
1.56,2.5016
1.58,2.17068
1.6,1.89176
1.62,1.67041
1.64,1.50165
1.66,1.37788
1.68,1.29234
1.7,1.24022
1.72,1.21888
1.74,1.22782
1.76,1.2686
1.78,1.34463
1.8,1.46047
1.82,1.61985
1.84,1.82079
1.86,2.04654
1.88,2.25512
1.9,2.38162
1.92,2.37082
1.94,2.22117
1.96,1.98597
1.98,1.73018
2,1.49644
2.02,1.30178
2.04,1.14787
2.06,1.03022
2.08,0.943129
2.1,0.881678
2.12,0.842346
2.14,0.823079
2.16,0.823236
2.18,0.843526
2.2,0.885933
2.22,0.953475
2.24,1.0494
2.26,1.17498
2.28,1.3248
2.3,1.47937
2.32,1.60062
2.34,1.6432
2.36,1.585
2.38,1.44641
2.4,1.27223
2.42,1.10088
2.44,0.952202
2.46,0.831614
2.48,0.737522
2.5,0.666125
2.52,0.613647
2.54,0.577126
2.56,0.554586
2.58,0.545027
2.6,0.548356
2.62,0.565318
2.64,0.597337
2.66,0.646058
2.68,0.71213
2.7,0.792583
2.72,0.876691
2.74,0.943214
2.76,0.966333
2.78,0.932647
2.8,0.852778
2.82,0.751845
2.84,0.651892
2.86,0.564501
2.88,0.492948
2.9,0.436401
2.92,0.392714
2.94,0.359723
2.96,0.335711
2.98,0.319482
3,0.310272
3.02,0.307528
3.04,0.310452
3.06,0.31722
3.08,0.324108
3.1,0.325627
3.12,0.3171
3.14,0.29818
3.16,0.272968
3.18,0.246551
3.2,0.222257
3.22,0.201364
3.24,0.183919
3.26,0.169473
3.28,0.15747
3.3,0.14741
3.32,0.13888
3.34,0.131562
3.36,0.125209
3.38,0.119636
3.4,0.114697
3.42,0.110282
3.44,0.106306
3.46,0.1027
3.48,0.0994125
3.5,0.0964006
3.52,0.0936317
3.54,0.0910804
3.56,0.0887273
3.58,0.0865587
3.6,0.0845651
3.62,0.0827401
3.64,0.0810763
3.66,0.079557
3.68,0.078143
3.7,0.0767613
3.72,0.0753186
3.74,0.0737549
3.76,0.0720893
3.78,0.0703975
3.8,0.0687531
3.82,0.0671955
3.84,0.0657353
3.86,0.0643673
3.88,0.0630814
3.9,0.0618668
3.92,0.0607141
3.94,0.0596155
3.96,0.0585647
3.98,0.0575567
4,0.0565873
