0,10.6799
0.02,10.8619
0.04,10.845
0.06,10.711
0.08,10.5575
0.1,10.471
0.12,10.5144
0.14,10.7251
0.16,11.1171
0.18,11.6807
0.2,12.3775
0.22,13.1342
0.24,13.8395
0.26,14.3573
0.28,14.5604
0.3,14.3779
0.32,13.8247
0.34,12.9927
0.36,12.0106
0.38,10.9998
0.4,10.0507
0.42,9.21789
0.44,8.52783
0.46,7.98801
0.48,7.59471
0.5,7.33708
0.52,7.198
0.54,7.15254
0.56,7.16556
0.58,7.19143
0.6,7.17938
0.62,7.08575
0.64,6.88832
0.66,6.59307
0.68,6.22839
0.7,5.8316
0.72,5.43736
0.74,5.07226
0.76,4.75421
0.78,4.49384
0.8,4.29613
0.82,4.16183
0.84,4.08816
0.86,4.06854
0.88,4.0914
0.9,4.13875
0.92,4.18585
0.94,4.20424
0.96,4.16912
0.98,4.06826
1,3.90701
1.02,3.70512
1.04,3.48822
1.06,3.27953
1.08,3.09574
1.1,2.94671
1.12,2.83693
1.14,2.76715
1.16,2.73528
1.18,2.73637
1.2,2.76187
1.22,2.79889
1.24,2.83057
1.26,2.83896
1.28,2.81038
1.3,2.74078
1.32,2.63727
1.34,2.51468
1.36,2.38966
1.38,2.2761
1.4,2.18329
1.42,2.11606
1.44,2.07562
1.46,2.06005
1.48,2.06434
1.5,2.08021
1.52,2.09637
1.54,2.10044
1.56,2.08245
1.58,2.03868
1.6,1.97313
1.62,1.89551
1.64,1.81722
1.66,1.74801
1.68,1.69435
1.7,1.65927
1.72,1.64262
1.74,1.64124
1.76,1.64904
1.78,1.6574
1.8,1.65675
1.82,1.63939
1.84,1.60246
1.86,1.54907
1.88,1.48671
1.9,1.42416
1.92,1.36897
1.94,1.32629
1.96,1.29875
1.98,1.28685
2,1.28899
2.02,1.30146
2.04,1.31825
2.06,1.33147
2.08,1.33294
2.1,1.3168
2.12,1.28183
2.14,1.2319
2.16,1.17408
2.18,1.11598
2.2,1.06375
2.22,1.02148
2.24,0.991357
2.26,0.974094
2.28,0.969247
2.3,0.9752
2.32,0.98892
2.34,1.00571
2.36,1.01938
2.38,1.0234
2.4,1.01284
2.42,0.986391
2.44,0.946798
2.46,0.89956
2.48,0.850758
2.5,0.805423
2.52,0.76693
2.54,0.737131
2.56,0.716743
2.58,0.70566
2.6,0.703056
2.62,0.707272
2.64,0.715599
2.66,0.724188
2.68,0.728439
2.7,0.724095
2.72,0.708733
2.74,0.682744
2.76,0.649048
2.78,0.611768
2.8,0.574807
2.82,0.541041
2.84,0.512165
2.86,0.488905
2.88,0.471267
2.9,0.458692
2.92,0.450092
2.94,0.443825
2.96,0.437774
2.98,0.429671
3,0.417718
3.02,0.401201
3.04,0.380703
3.06,0.357714
3.08,0.333965
3.1,0.310889
3.12,0.28941
3.14,0.269978
3.16,0.252705
3.18,0.237509
3.2,0.224213
3.22,0.212606
3.24,0.202474
3.26,0.193613
3.28,0.185821
3.3,0.178897
3.32,0.17263
3.34,0.16681
3.36,0.161253
3.38,0.155833
3.4,0.15051
3.42,0.145309
3.44,0.140296
3.46,0.135529
3.48,0.13105
3.5,0.12687
3.52,0.122985
3.54,0.119378
3.56,0.116024
3.58,0.112901
3.6,0.109986
3.62,0.107259
3.64,0.104701
3.66,0.102295
3.68,0.100027
3.7,0.0978816
3.72,0.0958439
3.74,0.0938976
3.76,0.0920263
3.78,0.0902154
3.8,0.0884543
3.82,0.0867391
3.84,0.0850707
3.86,0.0834529
3.88,0.0818892
3.9,0.0803812
3.92,0.0789288
3.94,0.0775302
3.96,0.076183
3.98,0.0748841
4,0.0736305
