0,10.6799
0.02,10.8618
0.04,10.8448
0.06,10.7106
0.08,10.5567
0.1,10.4697
0.12,10.5126
0.14,10.723
0.16,11.1149
0.18,11.6787
0.2,12.3765
0.22,13.135
0.24,13.843
0.26,14.3635
0.28,14.5685
0.3,14.3857
0.32,13.8298
0.34,12.994
0.36,12.0089
0.38,10.9975
0.4,10.0504
0.42,9.22135
0.44,8.53486
0.46,7.99611
0.48,7.59892
0.5,7.33061
0.52,7.17433
0.54,7.10907
0.56,7.10775
0.58,7.13447
0.6,7.14443
0.62,7.09045
0.64,6.93676
0.66,6.67301
0.68,6.31813
0.7,5.91078
0.72,5.49384
0.74,5.10252
0.76,4.76003
0.78,4.47876
0.8,4.2635
0.82,4.11431
0.84,4.02819
0.86,3.99931
0.88,4.01806
0.9,4.06929
0.92,4.13103
0.94,4.17565
0.96,4.17515
0.98,4.11015
1,3.97759
1.02,3.79156
1.04,3.57654
1.06,3.35815
1.08,3.15676
1.1,2.98551
1.12,2.85129
1.14,2.75643
1.16,2.70012
1.18,2.67886
1.2,2.68617
1.22,2.71182
1.24,2.74175
1.26,2.75962
1.28,2.75094
1.3,2.70833
1.32,2.63454
1.34,2.54094
1.36,2.44245
1.38,2.35246
1.4,2.27978
1.42,2.22775
1.44,2.19443
1.46,2.17323
1.48,2.15426
1.5,2.12693
1.52,2.08363
1.54,2.02283
1.56,1.94948
1.58,1.87254
1.6,1.80157
1.62,1.74421
1.64,1.70533
1.66,1.68706
1.68,1.689
1.7,1.70811
1.72,1.73833
1.74,1.77035
1.76,1.7925
1.78,1.79341
1.8,1.76588
1.82,1.70989
1.84,1.6324
1.86,1.54412
1.88,1.4557
1.9,1.37537
1.92,1.30833
1.94,1.25736
1.96,1.22358
1.98,1.20711
2,1.20729
2.02,1.22261
2.04,1.25021
2.06,1.2853
2.08,1.32069
2.1,1.34728
2.12,1.35597
2.14,1.34077
2.16,1.30126
2.18,1.24267
2.2,1.17354
2.22,1.10252
2.24,1.03639
2.26,0.979521
2.28,0.934214
2.3,0.901431
2.32,0.881324
2.34,0.873542
2.36,0.877259
2.38,0.890947
2.4,0.911961
2.42,0.936106
2.44,0.957556
2.46,0.96964
2.48,0.966669
2.5,0.946102
2.52,0.909626
2.54,0.862287
2.56,0.810365
2.58,0.759431
2.6,0.713424
2.62,0.674636
2.64,0.644132
2.66,0.622193
2.68,0.608618
2.7,0.602829
2.72,0.603789
2.74,0.60979
2.76,0.618208
2.78,0.625466
2.8,0.627506
2.82,0.620869
2.84,0.603978
2.86,0.577764
2.88,0.545139
2.9,0.509734
2.92,0.47474
2.94,0.442366
2.96,0.413817
2.98,0.389531
3,0.369422
3.02,0.353043
3.04,0.339662
3.06,0.328297
3.08,0.317789
3.1,0.307
3.12,0.295102
3.14,0.281825
3.16,0.267466
3.18,0.25267
3.2,0.238121
3.22,0.224342
3.24,0.211636
3.26,0.200113
3.28,0.18976
3.3,0.180494
3.32,0.172204
3.34,0.164775
3.36,0.158096
3.38,0.152071
3.4,0.146617
3.42,0.141663
3.44,0.137148
3.46,0.13302
3.48,0.129235
3.5,0.125746
3.52,0.122508
3.54,0.119471
3.56,0.11658
3.58,0.113788
3.6,0.111057
3.62,0.108375
3.64,0.105749
3.66,0.103197
3.68,0.100738
3.7,0.098385
3.72,0.0961442
3.74,0.0940141
3.76,0.0919899
3.78,0.0900647
3.8,0.0882309
3.82,0.0864811
3.84,0.0848084
3.86,0.0832067
3.88,0.0816703
3.9,0.0801943
3.92,0.0787746
3.94,0.0774071
3.96,0.0760886
3.98,0.0748159
4,0.0735861
