0,0.095493
0.02,0.0962553
0.04,0.0970142
0.06,0.097769
0.08,0.0985195
0.1,0.099265
0.12,0.100005
0.14,0.100739
0.16,0.101467
0.18,0.102188
0.2,0.102902
0.22,0.103608
0.24,0.104305
0.26,0.104993
0.28,0.105671
0.3,0.10634
0.32,0.106997
0.34,0.107644
0.36,0.108278
0.38,0.108901
0.4,0.10951
0.42,0.110106
0.44,0.110688
0.46,0.111256
0.48,0.111808
0.5,0.112345
0.52,0.112865
0.54,0.113369
0.56,0.113856
0.58,0.114324
0.6,0.114775
0.62,0.115207
0.64,0.11562
0.66,0.116013
0.68,0.116387
0.7,0.11674
0.72,0.117072
0.74,0.117382
0.76,0.117672
0.78,0.117939
0.8,0.118184
0.82,0.118407
0.84,0.118607
0.86,0.118784
0.88,0.118938
0.9,0.119069
0.92,0.119176
0.94,0.119259
0.96,0.119318
0.98,0.119354
1,0.119366
1.02,0.119354
1.04,0.119318
1.06,0.119259
1.08,0.119176
1.1,0.119069
1.12,0.118938
1.14,0.118784
1.16,0.118607
1.18,0.118407
1.2,0.118184
1.22,0.117939
1.24,0.117672
1.26,0.117382
1.28,0.117072
1.3,0.11674
1.32,0.116387
1.34,0.116013
1.36,0.11562
1.38,0.115207
1.4,0.114775
1.42,0.114324
1.44,0.113856
1.46,0.113369
1.48,0.112865
1.5,0.112345
1.52,0.111808
1.54,0.111256
1.56,0.110688
1.58,0.110106
1.6,0.10951
1.62,0.108901
1.64,0.108278
1.66,0.107644
1.68,0.106997
1.7,0.10634
1.72,0.105671
1.74,0.104993
1.76,0.104305
1.78,0.103607
1.8,0.102902
1.82,0.102188
1.84,0.101467
1.86,0.100739
1.88,0.100005
1.9,0.099265
1.92,0.0985195
1.94,0.097769
1.96,0.0970141
1.98,0.0962553
2,0.095493
2.02,0.0947276
2.04,0.0939595
2.06,0.0931893
2.08,0.0924173
2.1,0.0916439
2.12,0.0908695
2.14,0.0900945
2.16,0.0893192
2.18,0.088544
2.2,0.0877693
2.22,0.0869953
2.24,0.0862223
2.26,0.0854508
2.28,0.0846809
2.3,0.083913
2.32,0.0831472
2.34,0.082384
2.36,0.0816235
2.38,0.0808659
2.4,0.0801115
2.42,0.0793605
2.44,0.0786131
2.46,0.0778695
2.48,0.0771299
2.5,0.0763944
2.52,0.0756632
2.54,0.0749364
2.56,0.0742142
2.58,0.0734968
2.6,0.0727843
2.62,0.0720767
2.64,0.0713742
2.66,0.0706769
2.68,0.0699849
2.7,0.0692982
2.72,0.068617
2.74,0.0679414
2.76,0.0672713
2.78,0.0666069
2.8,0.0659482
2.82,0.0652952
2.84,0.0646481
2.86,0.0640068
2.88,0.0633713
2.9,0.0627418
2.92,0.0621181
2.94,0.0615004
2.96,0.0608887
2.98,0.0602829
3,0.0596831
3.02,0.0590892
3.04,0.0585014
3.06,0.0579194
3.08,0.0573435
3.1,0.0567735
3.12,0.0562094
3.14,0.0556512
3.16,0.0550989
3.18,0.0545524
3.2,0.0540119
3.22,0.0534771
3.24,0.0529481
3.26,0.0524249
3.28,0.0519074
3.3,0.0513956
3.32,0.0508894
3.34,0.0503889
3.36,0.0498939
3.38,0.0494045
3.4,0.0489206
3.42,0.0484421
3.44,0.0479691
3.46,0.0475014
3.48,0.047039
3.5,0.0465819
3.52,0.0461301
3.54,0.0456834
3.56,0.0452419
3.58,0.0448054
3.6,0.044374
3.62,0.0439476
3.64,0.0435262
3.66,0.0431096
3.68,0.0426979
3.7,0.0422909
3.72,0.0418888
3.74,0.0414913
3.76,0.0410984
3.78,0.0407101
3.8,0.0403264
3.82,0.0399472
3.84,0.0395724
3.86,0.039202
3.88,0.038836
3.9,0.0384742
3.92,0.0381167
3.94,0.0377634
3.96,0.0374142
3.98,0.0370691
4,0.0367281
