0,0.79973
0.02,0.89447
0.04,1.00669
0.06,1.14076
0.08,1.30237
0.1,1.49905
0.12,1.74078
0.14,2.04076
0.16,2.41639
0.18,2.89007
0.2,3.48916
0.22,4.24298
0.24,5.17268
0.26,6.26635
0.28,7.43422
0.3,8.46342
0.32,9.04692
0.34,8.95602
0.36,8.23031
0.38,7.14178
0.4,5.98352
0.42,4.93388
0.44,4.05692
0.46,3.35234
0.48,2.79522
0.5,2.35621
0.52,2.00922
0.54,1.7333
0.56,1.51232
0.58,1.3341
0.6,1.18951
0.62,1.07168
0.64,0.975465
0.66,0.896969
0.68,0.833279
0.7,0.782219
0.72,0.742198
0.74,0.712103
0.76,0.691233
0.78,0.679259
0.8,0.676216
0.82,0.682522
0.84,0.699032
0.86,0.727121
0.88,0.768818
0.9,0.826995
0.92,0.905606
0.94,1.00998
0.96,1.14707
0.98,1.32538
1,1.55404
1.02,1.8394
1.04,2.17706
1.06,2.53763
1.08,2.85293
1.1,3.02615
1.12,2.98652
1.14,2.74798
1.16,2.39674
1.18,2.02492
1.2,1.68835
1.22,1.40694
1.24,1.18045
1.26,1.00095
1.28,0.859128
1.3,0.746752
1.32,0.657203
1.34,0.585398
1.36,0.527509
1.38,0.480676
1.4,0.442767
1.42,0.412201
1.44,0.387815
1.46,0.368764
1.48,0.354455
1.5,0.344493
1.52,0.33864
1.54,0.336821
1.56,0.339159
1.58,0.346053
1.6,0.358207
1.62,0.376643
1.64,0.402741
1.66,0.438331
1.68,0.485796
1.7,0.548126
1.72,0.628824
1.74,0.731353
1.76,0.857341
1.78,1.00232
1.8,1.14902
1.82,1.26341
1.84,1.3053
1.86,1.25584
1.88,1.13418
1.9,0.980584
1.92,0.829037
1.94,0.696817
1.96,0.588402
1.98,0.502018
2,0.433882
2.02,0.380168
2.04,0.337713
2.06,0.304114
2.08,0.277594
2.1,0.256833
2.12,0.240868
2.14,0.229017
2.16,0.220833
2.18,0.216075
2.2,0.214691
2.22,0.216815
2.24,0.222779
2.26,0.233141
2.28,0.248738
2.3,0.270745
2.32,0.300675
2.34,0.34018
2.36,0.39042
2.38,0.450567
2.4,0.515185
2.42,0.571669
2.44,0.602184
2.46,0.593884
2.48,0.549611
2.5,0.485231
2.52,0.417373
2.54,0.356003
2.56,0.304739
2.58,0.263695
2.6,0.231614
2.62,0.206953
2.64,0.188316
2.66,0.174602
2.68,0.165043
2.7,0.159209
2.72,0.156975
2.74,0.158458
2.76,0.16394
2.78,0.173737
2.8,0.187892
2.82,0.205509
2.84,0.223768
2.86,0.23739
2.88,0.240356
2.9,0.230034
2.92,0.209466
2.94,0.184659
2.96,0.160557
2.98,0.139598
3,0.122332
3.02,0.108393
3.04,0.0971354
3.06,0.0879441
3.08,0.0803121
3.1,0.0738232
3.12,0.0681672
3.14,0.0631742
3.16,0.0587795
3.18,0.0549453
3.2,0.0516154
3.22,0.0487149
3.24,0.0461647
3.26,0.0438977
3.28,0.0418679
3.3,0.0400471
3.32,0.0384149
3.34,0.0369537
3.36,0.0356476
3.38,0.0344836
3.4,0.0334515
3.42,0.0325423
3.44,0.0317434
3.46,0.0310306
3.48,0.0303594
3.5,0.0296697
3.52,0.028916
3.54,0.0281009
3.56,0.0272694
3.58,0.0264694
3.6,0.0257252
3.62,0.0250349
3.64,0.0243812
3.66,0.0237481
3.68,0.0231315
3.7,0.0225369
3.72,0.0219701
3.74,0.0214327
3.76,0.0209243
3.78,0.0204443
3.8,0.0199913
3.82,0.0195634
3.84,0.0191582
3.86,0.0187733
3.88,0.0184064
3.9,0.0180551
3.92,0.0177175
3.94,0.017392
3.96,0.0170778
3.98,0.0167744
4,0.0164816
