0,0.79973
0.02,0.89447
0.04,1.00669
0.06,1.14076
0.08,1.30237
0.1,1.49906
0.12,1.74078
0.14,2.04076
0.16,2.41639
0.18,2.89008
0.2,3.48916
0.22,4.24298
0.24,5.17269
0.26,6.26635
0.28,7.43422
0.3,8.46342
0.32,9.04692
0.34,8.95602
0.36,8.23031
0.38,7.14178
0.4,5.98352
0.42,4.93388
0.44,4.05692
0.46,3.35234
0.48,2.79522
0.5,2.35621
0.52,2.00922
0.54,1.7333
0.56,1.51232
0.58,1.3341
0.6,1.18951
0.62,1.07168
0.64,0.975464
0.66,0.896969
0.68,0.833279
0.7,0.782219
0.72,0.742197
0.74,0.712103
0.76,0.691233
0.78,0.679259
0.8,0.676216
0.82,0.682523
0.84,0.699033
0.86,0.727122
0.88,0.76882
0.9,0.826997
0.92,0.905609
0.94,1.00998
0.96,1.14707
0.98,1.32539
1,1.55405
1.02,1.83941
1.04,2.17707
1.06,2.53763
1.08,2.85293
1.1,3.02612
1.12,2.98647
1.14,2.74792
1.16,2.39668
1.18,2.02487
1.2,1.6883
1.22,1.40691
1.24,1.18042
1.26,1.00092
1.28,0.859109
1.3,0.746737
1.32,0.657191
1.34,0.585388
1.36,0.527501
1.38,0.480669
1.4,0.442762
1.42,0.412197
1.44,0.387811
1.46,0.368761
1.48,0.354454
1.5,0.344491
1.52,0.33864
1.54,0.33682
1.56,0.339159
1.58,0.346053
1.6,0.358208
1.62,0.376644
1.64,0.402741
1.66,0.43833
1.68,0.485794
1.7,0.548123
1.72,0.62882
1.74,0.731348
1.76,0.857337
1.78,1.00232
1.8,1.14904
1.82,1.26346
1.84,1.30538
1.86,1.25596
1.88,1.13432
1.9,0.980711
1.92,0.829148
1.94,0.696909
1.96,0.588477
1.98,0.50208
2,0.433933
2.02,0.380209
2.04,0.337746
2.06,0.304141
2.08,0.277615
2.1,0.25685
2.12,0.240881
2.14,0.229027
2.16,0.22084
2.18,0.216079
2.2,0.214693
2.22,0.216815
2.24,0.222776
2.26,0.233136
2.28,0.248731
2.3,0.270736
2.32,0.300664
2.34,0.340166
2.36,0.3904
2.38,0.450539
2.4,0.515141
2.42,0.571602
2.44,0.602087
2.46,0.593765
2.48,0.549487
2.5,0.485116
2.52,0.417273
2.54,0.355917
2.56,0.304669
2.58,0.26364
2.6,0.231575
2.62,0.206925
2.64,0.188294
2.66,0.17458
2.68,0.165019
2.7,0.159186
2.72,0.156958
2.74,0.158451
2.76,0.163945
2.78,0.173755
2.8,0.18792
2.82,0.205541
2.84,0.223791
2.86,0.237394
2.88,0.240351
2.9,0.230054
2.92,0.209542
2.94,0.184777
2.96,0.160651
2.98,0.139602
3,0.122243
3.02,0.10829
3.04,0.0971241
3.06,0.0880519
3.08,0.0804458
3.1,0.0738657
3.12,0.0680992
3.14,0.06307
3.16,0.0587195
3.18,0.0549577
3.2,0.0516758
3.22,0.048777
3.24,0.0461965
3.26,0.0438962
3.28,0.0418479
3.3,0.0400243
3.32,0.0383992
3.34,0.0369493
3.36,0.0356558
3.38,0.0345035
3.4,0.0334796
3.42,0.0325703
3.44,0.0317585
3.46,0.0310217
3.48,0.0303301
3.5,0.0296438
3.52,0.0289181
3.54,0.0281318
3.56,0.0273072
3.58,0.0264909
3.6,0.025721
3.62,0.0250118
3.64,0.0243569
3.66,0.0237377
3.68,0.0231365
3.7,0.0225475
3.72,0.0219767
3.74,0.0214327
3.76,0.02092
3.78,0.0204388
3.8,0.0199866
3.82,0.0195604
3.84,0.019157
3.86,0.0187736
3.88,0.0184076
3.9,0.0180564
3.92,0.0177182
3.94,0.017392
3.96,0.0170772
3.98,0.0167736
4,0.0164807
