1.85684,1.85684,1.29154e-10,0.0422112
1.55111,1.55111,3.16573e-09,0.105604
1.01604,1.01604,9.14405e-08,0.058122
0.318298,0.318298,4.40238e-06,0.0800018
-0.212103,-0.212103,0.000132502,0.0839098
-0.724978,-0.724977,0.00266051,0.198431
-0.964148,-0.964149,0.0165141,0.107394
-1.36674,-1.36674,0.0247815,0.23775
-1.5216,-1.5216,0.0319254,0.129706
-2.04927,-2.04927,0.0320295,0.0176966
-2.19431,-2.19431,0.110224,0.00200233
-2.86125,-2.86125,0.00828241,0.000163078
-3.00578,-3.00578,0.473125,6.60825e-07
-3.73632,-3.73632,0.300321,2.33671e-09
