1.88449,1.88449,3.41511e-11,0.0308064
1.61409,1.61409,2.48909e-09,0.0616267
1.06484,1.06484,6.70749e-08,0.0672671
0.478361,0.478361,1.14957e-06,0.360014
0.0729315,0.0729315,1.57953e-05,0.434089
-0.324598,-0.324598,0.000220826,0.181927
-0.840113,-0.840113,0.00919883,0.0723719
-1.06975,-1.06975,0.0135419,0.111541
-1.45948,-1.45948,0.0505036,0.0279444
-1.78993,-1.78993,0.00439703,0.367425
-2.07175,-2.07176,0.0353712,0.0473726
-2.19653,-2.19653,0.105023,0.00435489
-2.86133,-2.86133,0.00828394,7.34649e-05
-3.00578,-3.00578,0.473121,2.69497e-07
-3.73632,-3.73632,0.300321,1.62191e-09
