1.9121,1.9121,1.8371e-13,0.0214185
1.67096,1.67096,1.94864e-09,0.0425364
1.21669,1.21669,1.43993e-08,0.164892
0.918269,0.918269,1.11974e-07,0.130527
0.292813,0.292813,4.96539e-06,0.0428475
-0.213474,-0.213474,0.000127751,0.040801
-0.665835,-0.665834,0.00125291,0.128511
-0.921812,-0.921812,0.0148601,0.0487219
-1.21397,-1.21396,0.0108551,0.0995725
-1.47888,-1.47888,0.0481055,0.0113319
-2.00275,-2.00275,0.0198582,0.0463342
-2.17164,-2.17164,0.0913606,0.0581597
-2.22244,-2.22244,0.0318498,0.0766535
-2.86137,-2.86137,0.00828426,2.24806e-05
-3.00578,-3.00578,0.47312,6.81978e-08
-3.73632,-3.73632,0.300321,1.60833e-09
