1.93308,1.93308,7.25771e-12,0.0113883
1.71693,1.71693,1.36927e-09,0.0255437
1.40171,1.40171,3.28672e-09,0.0807119
1.01142,1.01142,8.63502e-08,0.0285009
0.411239,0.411243,1.65433e-06,0.111964
0.11235,0.112355,9.01413e-06,0.169335
-0.268033,-0.268032,0.000165685,0.0358627
-0.762194,-0.762193,0.00354055,0.0327963
-0.967523,-0.967521,0.015008,0.0208577
-1.29514,-1.29514,0.0123893,0.0330604
-1.48854,-1.48854,0.0443199,0.00464241
-2.02091,-2.02091,0.0244319,0.00395409
-2.1866,-2.1866,0.115452,0.00179597
-2.27738,-2.27738,0.00295737,0.0178251
-2.86138,-2.86138,0.00828422,2.03238e-06
-3.00578,-3.00578,0.47312,4.96132e-09
-3.73632,-3.73632,0.300321,1.57085e-09
