1.95004,1.95004,1.34303e-11,0.019647
1.76309,1.76311,6.8017e-10,0.0574516
1.53653,1.53659,2.25545e-09,0.12354
1.11495,1.11503,3.15803e-08,0.15793
0.88693,0.887045,9.00239e-08,0.202399
0.32213,0.322158,3.79987e-06,0.0423068
-0.0872401,-0.0871562,3.19519e-05,0.116409
-0.324861,-0.324815,0.000170496,0.0602174
-0.786577,-0.786564,0.00460554,0.0141853
-0.982484,-0.982475,0.0144699,0.00852289
-1.31405,-1.31404,0.0131973,0.00865237
-1.49112,-1.49112,0.0429852,0.00116383
-2.02244,-2.02244,0.0247991,0.000480565
-2.18722,-2.18722,0.115634,0.000176677
-2.2838,-2.2838,0.00237761,0.00187664
-2.86138,-2.86138,0.00828421,1.40839e-07
-3.00578,-3.00578,0.47312,2.85446e-09
-3.73632,-3.73632,0.300321,1.30121e-09
