1.97084,1.97096,1.04619e-11,0.025177
1.82086,1.82114,1.43684e-10,0.0569121
1.62489,1.62518,2.16854e-09,0.0579386
1.25514,1.25566,6.67653e-09,0.0977853
0.977716,0.977915,9.35444e-08,0.0351162
0.374523,0.374959,2.26527e-06,0.0674377
0.0891803,0.0905038,8.31518e-06,0.189867
-0.256608,-0.2561,0.000150088,0.0664146
-0.643375,-0.639832,0.000490245,0.410738
-0.835033,-0.833675,0.00625498,0.144336
-1.00228,-1.00178,0.0127737,0.0493344
-1.32428,-1.32412,0.0135051,0.0140785
-1.49228,-1.49226,0.042287,0.00135378
-2.02273,-2.02272,0.0248596,0.000205168
-2.18732,-2.18732,0.115642,6.07494e-05
-2.28476,-2.28475,0.0023018,0.00058663
-2.86138,-2.86138,0.00828421,2.6127e-08
-3.00578,-3.00578,0.47312,1.51323e-09
-3.73632,-3.73632,0.300321,1.05806e-09
