1.98948,1.99001,3.09602e-12,0.0116172
1.85601,1.85683,2.02364e-11,0.0172715
1.65807,1.65882,2.0764e-09,0.015307
1.32368,1.32565,3.60844e-09,0.0376669
1.00492,1.00589,8.51413e-08,0.0175785
0.557071,0.568354,1.9673e-07,0.183602
0.284156,0.287827,4.34764e-06,0.0536016
-0.120421,-0.114706,3.79562e-05,0.0767317
-0.331672,-0.328211,0.000161466,0.0424883
-0.78275,-0.781752,0.00431901,0.0110946
-0.978283,-0.977441,0.0144994,0.00891478
-1.30116,-1.29765,0.0116072,0.0361191
-1.48576,-1.48106,0.0401145,0.0621025
-1.57699,-1.53805,0.00473748,0.275192
-2.02299,-2.02295,0.0248949,0.000211796
-2.18738,-2.18737,0.115634,3.91735e-05
-2.28527,-2.28521,0.00226445,0.000306945
-2.86138,-2.86138,0.00828421,5.25355e-09
-3.00578,-3.00578,0.47312,1.4142e-09
-3.73632,-3.73632,0.300321,8.66287e-10
