1.99555,1.99655,8.68463e-13,0.00334146
1.86496,1.86644,5.76812e-12,0.00483764
1.66665,1.6683,2.03543e-09,0.0053038
1.34906,1.35555,2.73068e-09,0.0208282
1.02055,1.027,7.24505e-08,0.021792
0.720619,0.77263,5.28845e-08,0.144805
0.323638,0.335803,3.2252e-06,0.0322904
-0.0311004,0.0174773,1.10319e-05,0.125053
-0.287228,-0.262743,0.000144845,0.0603021
-0.715557,-0.545497,0.00013688,0.284112
-0.851086,-0.800074,0.00501275,0.0257154
-0.999774,-0.986649,0.0140308,0.00846396
-1.31992,-1.31378,0.0129994,0.00620018
-1.49161,-1.49065,0.0431002,0.00114448
-2.02144,-1.81738,7.26061e-05,0.171647
-2.09319,-2.02324,0.0249031,0.000358121
-2.18762,-2.1874,0.115617,3.00509e-05
-2.28628,-2.28545,0.00224379,0.000175084
-2.86138,-2.86138,0.00828421,1.23427e-09
-3.00578,-3.00578,0.47312,1.0997e-09
-3.73632,-3.73632,0.300321,7.19183e-10
