1.99774,1.99816,3.92426e-13,0.00150813
1.86823,1.86891,3.06298e-12,0.0024523
1.67044,1.6714,2.0244e-09,0.00354004
1.3655,1.37151,2.26978e-09,0.0233317
1.04121,1.05606,4.96101e-08,0.0668045
0.848311,0.896028,5.46843e-08,0.157708
0.358878,0.391227,1.59175e-06,0.139331
0.110024,0.1987,4.27696e-06,0.24738
-0.211364,-0.152657,5.10868e-05,0.154798
-0.401532,-0.340715,0.000148306,0.102173
-0.788925,-0.779112,0.00412223,0.0297452
-0.981686,-0.971334,0.0140585,0.0486156
-1.30712,-1.15878,0.00200478,0.622905
-1.48852,-1.32902,0.0127934,0.0666665
-1.62537,-1.49206,0.0422797,0.00337002
-2.02297,-1.98971,0.00127913,0.265107
-2.18737,-2.025,0.0237307,0.0162169
-2.28519,-2.18744,0.115574,0.000100459
-2.86138,-2.28563,0.00222729,0.000358121
-3.00578,-2.86138,0.00828421,6.52516e-10
-3.20097,-3.00578,0.47312,9.89193e-10
-3.73632,-3.73632,0.300321,6.2936e-10
