1.9989,1.99937,9.14109e-14,0.000460805
1.87023,1.87122,1.00797e-12,0.00102565
1.67371,1.67629,1.99415e-09,0.00313666
1.39411,1.444,6.84497e-10,0.0673611
1.15586,1.27118,4.24297e-09,0.0717504
0.982831,1.00686,8.06193e-08,0.0110524
0.567338,0.680493,6.72109e-08,0.0572736
0.305088,0.326602,3.40753e-06,0.00918384
-0.051198,0.00560367,1.14179e-05,0.0285495
-0.28862,-0.260218,0.000138406,0.0143365
-0.651111,-0.50217,0.000102673,0.0510009
-0.811053,-0.794092,0.0047945,0.00333799
-0.988829,-0.983759,0.0141957,0.00139534
-1.31443,-1.30926,0.0126088,0.00235064
-1.4907,-1.48899,0.0433313,0.00128356
-1.80653,-1.62078,0.000293843,0.0639173
-2.02319,-2.02283,0.0248572,0.000128883
-2.1874,-2.18726,0.115481,0.000157082
-2.28541,-2.26222,0.000691998,0.0748349
-2.86138,-2.28852,0.00176459,0.0098641
-3.00578,-2.86138,0.00828421,1.56717e-10
-3.62419,-3.00578,0.47312,9.24199e-10
-3.73632,-3.73632,0.300321,5.93175e-10
