1.99954,1.99975,2.3306e-14,0.000224976
1.87161,1.87223,3.53002e-13,0.000705146
1.67768,1.6812,1.92055e-09,0.00532261
1.47493,1.5413,2.50491e-10,0.0747445
1.2969,1.32802,3.3346e-09,0.0247299
1.01134,1.02163,7.30271e-08,0.0131206
0.706764,0.79182,4.15841e-08,0.10879
0.331458,0.397751,1.07948e-06,0.175115
0.0235519,0.264565,3.19982e-06,0.158326
-0.249777,-0.0492211,1.68228e-05,0.0620627
-0.465593,-0.279147,0.000148173,0.0165712
-0.791366,-0.560468,0.000122233,0.0427726
-0.982355,-0.797394,0.00487172,0.00229182
-1.30528,-0.984832,0.0141113,0.000581885
-1.48257,-1.31054,0.0127169,0.00049525
-1.52411,-1.48954,0.0433176,0.000168742
-2.02228,-1.65218,0.000173124,0.0106568
-2.10026,-2.02288,0.0248687,1.45824e-05
-2.1875,-2.18731,0.11557,9.26962e-06
-2.28575,-2.28149,0.00213764,0.00175468
-2.86138,-2.30311,0.000217059,0.00764788
-3.00578,-2.86138,0.00828421,1.97211e-11
-3.7223,-3.00578,0.47312,8.54222e-10
-3.73632,-3.73632,0.300321,5.43992e-10
