1.99984,1.99991,4.57156e-15,8.9833e-05
1.87251,1.87283,9.29155e-14,0.000403313
1.68384,1.68912,1.68271e-09,0.00900216
1.57231,1.6083,4.09452e-10,0.0416743
1.33793,1.3501,2.80392e-09,0.014807
1.02932,1.05898,3.73567e-08,0.0607031
0.851063,0.950534,5.3877e-08,0.0868883
0.498923,0.617267,8.23914e-08,0.0818244
0.305215,0.322334,3.45827e-06,0.0100728
-0.0261751,0.00498515,1.10325e-05,0.030916
-0.272055,-0.253729,0.000127945,0.0272223
-0.538979,-0.446981,8.02596e-05,0.135055
-0.796127,-0.742911,0.00104752,0.221665
-0.984452,-0.814339,0.00410867,0.0796228
-1.31011,-0.98617,0.0139135,0.00247702
-1.48936,-1.31108,0.0127454,0.000477736
-1.64034,-1.48968,0.0432921,9.90144e-05
-2.02285,-1.66026,0.000152728,0.00492484
-2.18729,-2.02289,0.0248702,3.95645e-06
-2.27397,-2.18731,0.115576,1.92148e-06
-2.29152,-2.28223,0.00221182,0.000253385
-2.86138,-2.30702,0.000134771,0.00160919
-3.00578,-2.86138,0.00828421,1.64739e-11
-3.73568,-3.00578,0.47312,8.02267e-10
-3.73632,-3.73632,0.300321,5.1131e-10
