1.99995,1.99998,2.86535e-16,2.89371e-05
1.87299,1.8732,7.40574e-15,0.000193359
1.69373,1.70411,1.10212e-09,0.0120421
1.62513,1.64484,9.59464e-10,0.0148228
1.35711,1.37178,2.11976e-09,0.0160035
1.09734,1.18768,4.25697e-09,0.074382
0.982076,1.00507,7.83677e-08,0.010663
0.654195,0.718099,4.86458e-08,0.047624
0.327778,0.359107,2.03198e-06,0.0511412
0.0294462,0.235983,2.23277e-06,0.12344
-0.217028,-0.0390529,1.49304e-05,0.0286938
-0.342588,-0.272891,0.000144209,0.0068134
-0.622701,-0.530536,0.000103746,0.0206555
-0.800034,-0.794519,0.00477369,0.00192499
-0.985279,-0.982932,0.0140905,0.00226899
-1.31079,-1.12603,0.000225125,0.141669
-1.48961,-1.31196,0.0127275,0.000878849
-1.65585,-1.48979,0.0432564,6.501e-05
-2.02288,-1.66443,0.000142322,0.00195109
-2.18731,-2.02289,0.0248705,7.81094e-07
-2.28175,-2.18731,0.115577,2.99086e-07
-2.30426,-2.28236,0.00222209,3.29507e-05
-2.86138,-2.30782,0.000122885,0.000218395
-3.00578,-2.86138,0.00828421,1.34079e-11
-3.73628,-3.00578,0.47312,7.69131e-10
-3.73632,-3.73632,0.300321,4.89496e-10
