1.99999,2,3.32329e-19,5.22125e-06
1.87326,1.87332,9.31444e-18,4.47994e-05
1.70829,1.71316,8.26841e-10,0.00413268
1.64941,1.65363,1.22359e-09,0.00316238
1.37781,1.38707,1.62458e-09,0.00870972
1.21336,1.24469,2.94491e-09,0.02448
1.00863,1.01328,7.62497e-08,0.00385612
0.736863,0.773822,3.60322e-08,0.0351116
0.387274,0.476657,2.18969e-07,0.0777904
0.27611,0.309998,3.4771e-06,0.0137947
-0.0287936,-0.00700617,1.18547e-05,0.0197149
-0.270058,-0.255198,0.000124498,0.0255536
-0.520647,-0.409713,5.72577e-05,0.167625
-0.793392,-0.612956,0.000120447,0.123574
-0.980679,-0.797871,0.00483687,0.00361116
-1.05361,-0.984569,0.0141026,0.000737001
-1.31161,-1.29758,0.00584081,0.0613867
-1.48976,-1.3233,0.00705568,0.0540541
-1.66346,-1.4899,0.0431925,0.000114302
-2.02289,-1.66656,0.000136517,0.00146625
-2.18731,-2.02289,0.0248706,2.52145e-07
-2.28236,-2.18731,0.115577,7.2682e-08
-2.30787,-2.28238,0.00222359,7.03908e-06
-2.86138,-2.30794,0.000121121,4.55998e-05
-3.00578,-2.86138,0.00828421,1.31735e-11
-3.73632,-3.00578,0.47312,7.43576e-10
-3.73632,-3.73632,0.300321,4.72433e-10
