2,2,6.13064e-18,9.20258e-07
1.87332,1.87334,2.01101e-16,9.26202e-06
1.71355,1.7154,7.70174e-10,0.00106483
1.65392,1.65531,1.27709e-09,0.000783575
1.38775,1.39314,1.43871e-09,0.00370021
1.24638,1.26128,2.78013e-09,0.00971416
1.01348,1.01666,7.41276e-08,0.00260432
0.774837,0.812869,2.87749e-08,0.0350128
0.475954,0.56285,8.79584e-08,0.0683424
0.3095,0.323897,3.32223e-06,0.0115633
-0.00894236,0.0661965,4.11423e-06,0.130726
-0.258861,-0.0833398,1.4804e-05,0.114627
-0.445999,-0.276686,0.000142621,0.0131861
-0.669015,-0.531872,0.000100953,0.0280536
-0.80062,-0.793676,0.00471116,0.00422613
-0.985104,-0.974262,0.00974572,0.0838717
-1.31026,-1.00367,0.00457408,0.155751
-1.48872,-1.31091,0.0127035,0.00129093
-1.53347,-1.48907,0.0425156,0.00536003
-1.68137,-1.52017,0.000842207,0.216765
-2.02289,-1.67005,0.000124681,0.00743818
-2.18731,-2.02289,0.0248706,2.31759e-07
-2.28252,-2.18731,0.115577,4.41209e-08
-2.30902,-2.28238,0.00222397,3.63656e-06
-2.86138,-2.30798,0.000120655,2.2585e-05
-3.00578,-2.86138,0.00828421,1.27223e-11
-3.73632,-3.00578,0.47312,7.45107e-10
-3.73632,-3.73632,0.300321,4.73008e-10
