2,2,8.53846e-18,4.22075e-07
1.87334,1.87334,2.91617e-16,4.79459e-06
1.71544,1.71585,7.58794e-10,0.000651517
1.65534,1.65565,1.28767e-09,0.000501025
1.39321,1.39509,1.37827e-09,0.0034493
1.26137,1.26668,2.72526e-09,0.00999145
1.01663,1.01858,7.23959e-08,0.00471141
0.811797,0.842747,2.41392e-08,0.0798514
0.558762,0.619955,5.86873e-08,0.139352
0.322848,0.339679,2.68501e-06,0.0644643
0.0494845,0.211693,1.48412e-06,0.318949
-0.105863,-0.029428,1.35818e-05,0.0595839
-0.280058,-0.267059,0.000138894,0.0222813
-0.540166,-0.485756,7.48247e-05,0.195982
-0.794903,-0.685131,0.000167511,0.541054
-0.983036,-0.799464,0.00477343,0.0245769
-1.11676,-0.984653,0.0140839,0.00274237
-1.31177,-1.27811,0.00144643,0.355953
-1.48977,-1.31555,0.0114201,0.0481702
-1.66322,-1.48985,0.0432202,0.000372674
-2.02289,-1.66524,0.000139604,0.0100311
-2.18731,-1.99598,3.39832e-06,1.37181
-2.28222,-2.02289,0.0248674,0.000186481
-2.30683,-2.18731,0.115577,9.32891e-07
-2.68068,-2.28239,0.00222438,3.71327e-05
-2.86138,-2.30801,0.000120132,0.000200065
-3.00578,-2.86138,0.00828421,1.25837e-11
-3.73632,-3.00578,0.47312,7.44443e-10
-3.73632,-3.73632,0.300321,4.72859e-10
