2,2,6.05517e-18,1.37114e-07
1.87334,1.87335,2.70428e-16,1.97057e-06
1.71601,1.71633,7.44042e-10,0.000384149
1.65578,1.65605,1.30185e-09,0.000339688
1.39605,1.39983,1.20474e-09,0.0070229
1.26953,1.28451,2.44873e-09,0.0320728
1.02024,1.10004,5.11364e-09,0.222653
0.870644,1.00707,7.33886e-08,0.0264099
0.66158,0.770627,3.34536e-08,0.0448512
0.369085,0.506361,1.38927e-07,0.0566396
0.276491,0.31725,3.41214e-06,0.00694906
-0.0175032,0.0246175,7.57613e-06,0.0329125
-0.260966,-0.134412,1.64522e-05,0.0754265
-0.431311,-0.281496,0.000139217,0.00956982
-0.610439,-0.537124,0.00010179,0.0112295
-0.797337,-0.794063,0.00472921,0.00131247
-0.98435,-0.977186,0.0113565,0.0185038
-1.25073,-1.00945,0.00294177,0.0621898
-1.31369,-1.31083,0.0126918,0.000488125
-1.48984,-1.48729,0.0341632,0.0167461
-1.66539,-1.49828,0.0092036,0.0564409
-2.02289,-1.66908,0.000128086,0.00184756
-2.18731,-2.02289,0.0248706,9.58233e-08
-2.28235,-2.18731,0.115577,2.79395e-08
-2.30776,-2.28238,0.00222385,2.48148e-06
-2.86138,-2.30797,0.000120796,1.63678e-05
-2.95164,-2.86138,0.00828421,4.05542e-11
-3.00578,-3.00144,4.63228e-07,0.858321
-3.73632,-3.00578,0.473119,8.06149e-07
-3.73632,-3.73632,0.300321,3.2367e-10
