2,2,4.14994e-18,7.94599e-08
1.87335,1.87335,2.25901e-16,1.512e-06
1.71649,1.7167,7.3077e-10,0.000480593
1.6562,1.65642,1.31496e-09,0.000541762
1.40443,1.43037,2.91588e-10,0.105582
1.30746,1.36566,1.62306e-09,0.0846736
1.18736,1.2404,2.53025e-09,0.0437565
1.01264,1.01507,7.49224e-08,0.00291589
0.786455,0.80384,2.88928e-08,0.0281011
0.528876,0.563221,8.21855e-08,0.0606397
0.320204,0.32729,3.16852e-06,0.0172262
0.0444264,0.147939,1.34933e-06,0.229374
-0.0987348,-0.0323786,1.30132e-05,0.0641882
-0.277314,-0.262516,0.000129175,0.0367757
-0.53035,-0.395052,3.52451e-05,0.287081
-0.792887,-0.565087,9.86722e-05,0.0716454
-0.937104,-0.795404,0.00478432,0.00162445
-0.988224,-0.982865,0.0139827,0.00178132
-1.31033,-1.07755,0.000263709,0.0685189
-1.43399,-1.31118,0.012713,0.000288882
-1.49016,-1.48945,0.0431173,0.000270295
-1.66775,-1.54542,0.00021882,0.0362636
-2.02289,-1.67053,0.000122375,0.00132326
-2.18731,-2.02289,0.0248706,2.37848e-08
-2.28238,-2.18731,0.115577,5.46934e-09
-2.30794,-2.28238,0.00222392,3.95365e-07
-2.86138,-2.30797,0.00012072,2.51122e-06
-3.00136,-2.86138,0.00828421,1.71454e-11
-3.00578,-3.00578,0.47312,1.43103e-09
-3.73632,-3.17889,1.68747e-10,0.354769
-3.73632,-3.73632,0.300321,3.11353e-10
