2,2,4.49358e-19,4.266e-08
1.87335,1.87335,5.70493e-17,1.29104e-06
1.71704,1.71756,6.8585e-10,0.0012749
1.65687,1.65801,1.36362e-09,0.00383285
1.51884,1.59706,3.41961e-12,0.115908
1.38743,1.39167,1.50646e-09,0.00427922
1.25546,1.26178,2.62376e-09,0.00787476
1.01669,1.01858,7.20587e-08,0.00361154
0.825528,0.868467,1.69766e-08,0.0855398
0.617895,0.702832,3.38369e-08,0.102807
0.371413,0.466979,1.90314e-07,0.0775297
0.290972,0.31413,3.38709e-06,0.00864636
-0.00128181,0.0211054,7.77727e-06,0.0254021
-0.202844,-0.132747,1.53087e-05,0.0618343
-0.294035,-0.280121,0.000139184,0.00790081
-0.544085,-0.532162,9.85988e-05,0.0152974
-0.794591,-0.791772,0.00448666,0.0117164
-0.980993,-0.874005,0.000569084,0.270996
-1.03399,-0.985142,0.013929,0.00498197
-1.31096,-1.18884,0.000110499,0.259986
-1.48889,-1.31161,0.0126869,0.00159715
-1.51257,-1.48961,0.0432211,0.000294023
-1.66943,-1.5729,9.73092e-05,0.0728332
-2.02289,-1.67153,0.000117721,0.00340747
-2.18731,-2.02289,0.0248706,2.9427e-08
-2.28238,-2.18731,0.115577,6.60275e-09
-2.30797,-2.28238,0.00222392,4.47206e-07
-2.86138,-2.30797,0.000120713,2.83284e-06
-3.00547,-2.86138,0.00828421,9.19798e-12
-3.00578,-3.00578,0.47312,8.27523e-10
-3.73632,-3.1832,1.15084e-10,0.317888
-3.73632,-3.73632,0.300321,1.64981e-10
