2,2,3.96234e-19,1.82881e-08
1.87335,1.87335,4.34857e-17,7.68144e-07
1.71829,1.71912,6.0201e-10,0.00276355
1.66206,1.67275,7.09311e-10,0.0367472
1.63733,1.64964,7.40999e-10,0.0148846
1.39312,1.39393,1.42451e-09,0.00169167
1.26478,1.267,2.60758e-09,0.0048307
1.0206,1.02498,6.02392e-08,0.0149899
0.91033,0.958693,1.97532e-08,0.0939479
0.738434,0.764179,3.13505e-08,0.039295
0.49314,0.520839,1.11897e-07,0.0513803
0.316982,0.321572,3.30208e-06,0.012424
0.0326943,0.120248,1.22365e-06,0.358092
-0.108316,-0.0205976,1.09403e-05,0.150905
-0.277133,-0.206834,3.11085e-05,0.306926
-0.524342,-0.289909,0.00012109,0.0773523
-0.755393,-0.537532,9.9801e-05,0.0295074
-0.801504,-0.793187,0.00464187,0.00781357
-0.984054,-0.911072,0.00063687,0.368772
-1.13228,-0.985842,0.0137118,0.0121825
-1.31137,-1.20304,0.00011389,0.379116
-1.48955,-1.31167,0.0126757,0.00249051
-1.5611,-1.48961,0.0432212,0.000347556
-1.67108,-1.57328,9.61681e-05,0.0817533
-2.02289,-1.67154,0.000117691,0.00361343
-2.18731,-2.02289,0.0248706,2.68287e-08
-2.28238,-2.18731,0.115577,4.94816e-09
-2.30797,-2.28238,0.00222392,3.55737e-07
-2.86138,-2.30797,0.000120712,2.22283e-06
-3.00578,-2.86138,0.00828421,2.88125e-12
-3.00593,-3.00578,0.47312,2.26922e-10
-3.73632,-3.21037,3.20645e-11,0.174004
-3.73632,-3.73632,0.300321,7.85398e-11
