2,2,9.68572e-22,1.32034e-08
1.87335,1.87335,2.53235e-18,7.0943e-07
1.72079,1.72206,4.08876e-10,0.00866886
1.68862,1.69502,5.49701e-10,0.0338187
1.65295,1.65357,1.09919e-09,0.00279172
1.39457,1.39491,1.40638e-09,0.00177363
1.26887,1.27016,2.51515e-09,0.0067127
1.03312,1.04861,1.98998e-08,0.0888738
0.985259,1.00075,5.77753e-08,0.0450447
0.772674,0.782275,3.06395e-08,0.0321267
0.527346,0.550727,7.62147e-08,0.0676594
0.321961,0.410678,1.22057e-07,0.27861
0.100373,0.319692,3.22494e-06,0.0274671
-0.0390664,0.119719,1.27361e-06,0.336599
-0.257436,-0.0252107,1.16179e-05,0.114622
-0.345216,-0.233807,6.21201e-05,0.185294
-0.549848,-0.304455,9.1407e-05,0.132167
-0.794729,-0.543336,0.000101292,0.0222159
-0.981057,-0.794292,0.00473503,0.00174199
-1.03281,-0.975821,0.0101078,0.0398839
-1.31088,-1.00312,0.00417549,0.0891251
-1.48339,-1.31003,0.012453,0.00660182
-1.49279,-1.37282,0.000390461,0.338047
-1.66825,-1.48981,0.043196,0.000663866
-1.94207,-1.62997,6.47981e-05,0.171597
-2.02289,-1.67663,8.91346e-05,0.0345935
-2.18731,-2.02289,0.0248706,3.01053e-08
-2.28238,-2.18731,0.115577,3.76868e-09
-2.30798,-2.28238,0.00222393,2.46072e-07
-2.86138,-2.30797,0.0001207,1.47875e-06
-3.00578,-2.86138,0.00828421,1.20792e-13
-3.00606,-3.00578,0.47312,3.27063e-11
-3.73632,-3.26086,1.2398e-12,0.0539076
-3.73632,-3.73632,0.300321,2.16751e-11
