2,2,3.32222e-21,2.15813e-09
1.87335,1.87335,1.68646e-19,2.0025e-07
1.73688,1.74785,5.35148e-12,0.00934407
1.71098,1.71311,8.13801e-10,0.00118343
1.65481,1.6551,1.23524e-09,0.0002088
1.39687,1.39894,1.21024e-09,0.00230294
1.28165,1.30478,1.42232e-09,0.0273108
1.17222,1.22872,1.71598e-09,0.0279064
1.01473,1.01656,7.36315e-08,0.00108092
0.816897,0.844621,1.81394e-08,0.0232204
0.633248,0.697091,2.93507e-08,0.0478022
0.433206,0.505356,8.24205e-08,0.134976
0.311649,0.407546,1.9045e-07,0.214583
0.0204354,0.313155,3.29578e-06,0.00720917
-0.129402,0.0271575,6.91558e-06,0.00555536
-0.279165,-0.113325,1.34202e-05,0.00986072
-0.528185,-0.27696,0.000139996,0.00119751
-0.768018,-0.517771,8.50009e-05,0.00712362
-0.803409,-0.669238,6.29267e-05,0.0393322
-0.983938,-0.79627,0.00477022,0.000635792
-1.11798,-0.983073,0.0139839,0.000285818
-1.31127,-1.07754,0.00024263,0.0105055
-1.48948,-1.3111,0.0127055,4.69487e-05
-1.54793,-1.48919,0.042664,0.000154122
-1.67047,-1.52123,0.000677853,0.00798583
-2.02289,-1.66932,0.000126761,0.000353186
-2.18731,-1.9594,7.62235e-08,0.0603086
-2.28238,-2.02289,0.0248705,1.25666e-07
-2.30797,-2.18731,0.115577,1.79202e-09
-2.85823,-2.28238,0.00222395,6.94686e-08
-2.86138,-2.30798,0.000120679,3.72638e-07
-3.00578,-2.86138,0.00828421,8.49099e-13
-3.00668,-3.00578,0.47312,1.54188e-12
-3.73632,-3.28262,6.68207e-16,0.00226787
-3.73632,-3.73632,0.300321,1.16174e-12
