2,2,1.85758e-21,7.66372e-10
1.87335,1.87335,7.31753e-21,9.64489e-08
1.75083,1.7565,6.40549e-13,0.00523835
1.71346,1.714,8.04494e-10,0.000443385
1.65517,1.6553,1.24884e-09,0.000116768
1.39972,1.40392,9.27747e-10,0.00706421
1.31323,1.34734,9.33618e-10,0.036537
1.23551,1.25112,2.33978e-09,0.0107481
1.01677,1.01825,7.19371e-08,0.00207389
0.84642,0.888137,1.20615e-08,0.0631133
0.693346,0.746222,2.88512e-08,0.0570649
0.475845,0.531449,8.50988e-08,0.0859306
0.315943,0.468812,7.54175e-10,0.404182
0.0332954,0.350087,1.24544e-06,0.13418
-0.101802,0.297827,2.29708e-06,0.0760453
-0.27533,0.0198333,7.67665e-06,0.00873217
-0.502059,-0.125707,1.38903e-05,0.0121348
-0.612068,-0.27825,0.000139422,0.00102337
-0.795502,-0.523045,9.01328e-05,0.0026845
-0.982442,-0.700798,9.06932e-05,0.0166116
-1.05632,-0.796871,0.00474651,0.000382207
-1.31095,-0.983261,0.0140054,8.20821e-05
-1.48088,-1.0843,0.000212766,0.00285703
-1.49165,-1.31112,0.0127064,9.29364e-06
-1.66573,-1.48926,0.0428063,1.93327e-05
-1.72983,-1.52506,0.000533702,0.00120082
-2.02289,-1.66947,0.000126217,4.5118e-05
-2.18731,-1.98439,1.63208e-07,0.0065964
-2.28238,-2.02289,0.0248704,3.60729e-08
-2.30797,-2.18731,0.115577,1.96124e-10
-2.86138,-2.28238,0.00222395,7.0144e-09
-3.00562,-2.30798,0.000120677,3.62653e-08
-3.00578,-2.86138,0.00828421,1.81188e-13
-3.20621,-3.00578,0.47312,2.73559e-13
-3.73632,-3.28324,3.25545e-19,9.95353e-05
-3.73632,-3.73632,0.300321,8.17124e-14
