2,2,4.96412e-21,2.66548e-10
1.87335,1.87335,1.82857e-20,4.69658e-08
1.75889,1.76194,1.03532e-13,0.00323476
1.7142,1.71444,7.93759e-10,0.000246503
1.65535,1.65543,1.25958e-09,9.37641e-05
1.40961,1.43917,5.31697e-11,0.047718
1.36636,1.38736,1.49401e-09,0.0112665
1.25629,1.26426,2.44527e-09,0.00818912
1.02017,1.07711,4.03908e-09,0.104383
0.936437,1.01221,7.13978e-08,0.00896802
0.778916,0.818678,2.2722e-08,0.0214329
0.586106,0.657587,3.10087e-08,0.0358274
0.41817,0.47466,5.84766e-08,0.252286
0.311475,0.453127,1.27525e-07,0.164116
0.0237406,0.3149,3.36163e-06,0.00172422
-0.119578,0.03214,6.25773e-06,0.00936717
-0.27766,-0.0982292,1.20587e-05,0.0299286
-0.521002,-0.268678,0.000119353,0.0416114
-0.687273,-0.321513,2.53434e-05,0.201494
-0.796574,-0.529293,9.29347e-05,0.0081082
-0.983177,-0.727759,0.000151092,0.0235634
-1.08115,-0.797581,0.00468784,0.000754469
-1.31111,-0.983352,0.014011,5.70428e-05
-1.48922,-1.08709,0.000201163,0.00155781
-1.52292,-1.31113,0.0127065,3.15529e-06
-1.66938,-1.48927,0.0428298,4.6767e-06
-1.96302,-1.52584,0.000509716,0.000284295
-2.02289,-1.6695,0.00012612,8.75028e-06
-2.18731,-1.98761,1.89244e-07,0.00089835
-2.28238,-2.02289,0.0248704,5.68408e-09
-2.30798,-2.18731,0.115577,2.22098e-11
-2.86138,-2.28238,0.00222395,7.05311e-10
-3.00577,-2.30798,0.000120676,3.7655e-09
-3.00578,-2.86138,0.00828421,4.9738e-13
-3.27924,-3.00578,0.47312,1.1724e-13
-3.73632,-3.28327,3.47226e-20,8.20852e-06
-3.73632,-3.73632,0.300321,5.15143e-13
