2,2,6.33841e-21,4.05835e-11
1.87335,1.87335,5.79613e-20,1.26347e-08
1.76323,1.76501,1.7198e-14,0.0012145
1.71454,1.71469,7.86238e-10,9.98749e-05
1.65548,1.65555,1.26744e-09,5.49973e-05
1.46211,1.50494,1.25804e-13,0.0298936
1.39104,1.39429,1.41303e-09,0.00158668
1.26807,1.27662,2.15775e-09,0.00687454
1.12149,1.18324,9.89833e-10,0.0313191
1.01453,1.01611,7.35383e-08,0.000673499
0.827403,0.844265,1.7865e-08,0.0112845
0.671611,0.702052,2.8027e-08,0.0198754
0.46956,0.496242,1.21762e-07,0.025898
0.315794,0.46825,8.70207e-10,0.386124
0.0413023,0.324815,2.85956e-06,0.0207091
-0.0654558,0.267413,6.40517e-07,0.105105
-0.189471,0.0214511,7.43768e-06,0.0047114
-0.281467,-0.120944,1.35179e-05,0.00617412
-0.526171,-0.277543,0.000139554,0.000646428
-0.71626,-0.517261,8.22142e-05,0.00644474
-0.797242,-0.637237,3.92513e-05,0.0573702
-0.983318,-0.79266,0.00421704,0.0105022
-1.0861,-0.822714,0.000609563,0.0682864
-1.31113,-0.983466,0.0140079,9.48681e-05
-1.48927,-1.08938,0.000190789,0.00137098
-1.52561,-1.31113,0.0127065,1.24717e-06
-1.66949,-1.48927,0.0428364,1.13707e-06
-1.98732,-1.52606,0.000503006,6.472e-05
-2.02289,-1.6695,0.000126097,1.56596e-06
-2.18731,-1.98809,1.93694e-07,8.7039e-05
-2.28238,-2.02289,0.0248704,6.97794e-10
-2.30798,-2.18731,0.115577,1.72129e-12
-2.86138,-2.28238,0.00222395,3.94174e-12
-3.00578,-2.30798,0.000120676,6.37009e-10
-3.00578,-2.86138,0.00828421,3.41061e-13
-3.28266,-3.00578,0.47312,1.20792e-13
-3.73632,-3.28327,2.4513e-20,2.08118e-06
-3.73632,-3.73632,0.300321,4.1922e-13
