2,2,5.79482e-21,3.10143e-11
1.87335,1.87335,2.77154e-20,1.95304e-09
1.76498,1.76588,2.39012e-15,0.000227226
1.71468,1.71476,7.84217e-10,2.04014e-05
1.65554,1.65559,1.26971e-09,1.51699e-05
1.50326,1.53071,4.82667e-13,0.00785911
1.39417,1.39562,1.35828e-09,0.000421739
1.276,1.28506,1.84329e-09,0.00378644
1.17979,1.21208,1.17685e-09,0.00953428
1.01602,1.01693,7.30625e-08,0.000417558
0.842264,0.867577,1.26356e-08,0.020098
0.697791,0.747698,2.41417e-08,0.0433083
0.490152,0.600399,2.48904e-08,0.137815
0.320178,0.482798,8.78428e-08,0.15976
0.217209,0.399298,1.9398e-07,0.105393
0.0181546,0.312718,3.27356e-06,0.00272807
-0.125599,0.0302357,6.38926e-06,0.0046382
-0.278061,-0.0952466,1.07407e-05,0.0243326
-0.521595,-0.213278,1.25798e-05,0.0913533
-0.686385,-0.281114,0.000131714,0.00560678
-0.796473,-0.523789,8.97981e-05,0.00191939
-0.983039,-0.693027,7.40126e-05,0.0122181
-1.07091,-0.796443,0.00474944,0.000367982
-1.20601,-0.958679,0.000473292,0.0511242
-1.31118,-0.984199,0.0135848,0.00170158
-1.48931,-1.09233,0.000174667,0.00189849
-1.52796,-1.31113,0.0127064,4.7195e-07
-1.66956,-1.48928,0.0428382,1.86605e-07
-1.99514,-1.52612,0.000501121,1.35053e-05
-2.02289,-1.66951,0.000126092,2.32125e-07
-2.18731,-1.98816,1.9428e-07,1.24129e-05
-2.28238,-2.02289,0.0248704,1.25368e-10
-2.30798,-2.18731,0.115577,1.97176e-12
-2.86138,-2.28238,0.00222395,3.67582e-11
-3.00578,-2.30798,0.000120676,3.56234e-10
-3.00578,-2.86138,0.00828421,1.13687e-13
-3.28294,-3.00578,0.47312,5.11591e-13
-3.73632,-3.28327,1.77339e-20,1.32822e-06
-3.73632,-3.73632,0.300321,1.59872e-13
