2,2,5.44715e-21,7.32037e-12
1.87335,1.87335,1.6954e-20,4.37462e-10
1.76579,1.766,8.18772e-16,3.6214e-05
1.71475,1.71477,7.8407e-10,4.46349e-06
1.65559,1.6556,1.26987e-09,2.65065e-06
1.52692,1.53505,4.01996e-13,0.00171278
1.39541,1.39588,1.34452e-09,0.00011341
1.28317,1.2877,1.7409e-09,0.00140596
1.20684,1.21841,1.24984e-09,0.00333903
1.01671,1.0173,7.2677e-08,0.000331124
0.858231,0.889943,8.36138e-09,0.0280674
0.727669,0.784264,2.11343e-08,0.0430385
0.539944,0.655053,2.22523e-08,0.0710838
0.403349,0.495438,9.55389e-08,0.0871393
0.311586,0.399976,1.77642e-07,0.11979
0.0264826,0.313407,3.28296e-06,0.00355664
-0.111752,0.044343,3.87885e-06,0.0277337
-0.275862,-0.0209334,5.28633e-06,0.0616196
-0.427004,-0.134018,1.26707e-05,0.0168734
-0.533994,-0.278117,0.000138949,0.000770632
-0.732538,-0.518199,8.22779e-05,0.00731549
-0.797685,-0.624294,2.93171e-05,0.0926268
-0.983349,-0.762346,0.000369235,0.081326
-1.08687,-0.798665,0.00445334,0.00593456
-1.31113,-0.983305,0.0139978,0.000212911
-1.48927,-1.07998,0.000199128,0.0264738
-1.52562,-1.13414,1.57887e-05,0.113315
-1.66949,-1.31114,0.0127062,1.38506e-06
-1.98473,-1.48928,0.0428391,6.25921e-08
-2.02289,-1.52615,0.000500112,4.34719e-06
-2.18731,-1.66951,0.000126089,3.72705e-07
-2.28238,-1.98818,1.94467e-07,9.49994e-05
-2.30798,-2.02289,0.0248704,1.45e-10
-2.61122,-2.18731,0.115577,1.62537e-12
-2.86138,-2.28238,0.00222395,4.39559e-11
-3.00578,-2.30798,0.000120676,1.38552e-10
-3.00578,-2.86138,0.00828421,1.42109e-14
-3.28316,-3.00578,0.47312,4.26326e-13
-3.73632,-3.28327,1.59869e-20,6.60086e-08
-3.73632,-3.73632,0.300321,1.19016e-12
