0,1.18863
0.02,1.20203
0.04,1.21302
0.06,1.22175
0.08,1.22845
0.1,1.23342
0.12,1.237
0.14,1.23955
0.16,1.24147
0.18,1.24315
0.2,1.24496
0.22,1.24727
0.24,1.25041
0.26,1.25467
0.28,1.26029
0.3,1.2675
0.32,1.27644
0.34,1.28722
0.36,1.29992
0.38,1.31454
0.4,1.33103
0.42,1.34929
0.44,1.36918
0.46,1.39048
0.48,1.4129
0.5,1.43613
0.52,1.45975
0.54,1.48334
0.56,1.50637
0.58,1.52834
0.6,1.54866
0.62,1.56678
0.64,1.58215
0.66,1.59424
0.68,1.60261
0.7,1.60689
0.72,1.6068
0.74,1.60218
0.76,1.59302
0.78,1.5794
0.8,1.56154
0.82,1.53977
0.84,1.51447
0.86,1.48613
0.88,1.45525
0.9,1.42237
0.92,1.38803
0.94,1.35272
0.96,1.31695
0.98,1.28113
1,1.24568
1.02,1.21093
1.04,1.17717
1.06,1.14464
1.08,1.11353
1.1,1.084
1.12,1.05614
1.14,1.03005
1.16,1.00574
1.18,0.983251
1.2,0.962552
1.22,0.94361
1.24,0.926367
1.26,0.910745
1.28,0.896646
1.3,0.883955
1.32,0.872539
1.34,0.862252
1.36,0.85293
1.38,0.844399
1.4,0.836477
1.42,0.828973
1.44,0.821699
1.46,0.814467
1.48,0.807102
1.5,0.79944
1.52,0.791343
1.54,0.782694
1.56,0.773408
1.58,0.763429
1.6,0.752736
1.62,0.741336
1.64,0.729266
1.66,0.716587
1.68,0.703381
1.7,0.689746
1.72,0.675788
1.74,0.661622
1.76,0.647364
1.78,0.633127
1.8,0.619018
1.82,0.605139
1.84,0.59158
1.86,0.57842
1.88,0.565726
1.9,0.553552
1.92,0.541937
1.94,0.530909
1.96,0.520481
1.98,0.510654
2,0.501415
2.02,0.492741
2.04,0.484598
2.06,0.476941
2.08,0.469718
2.1,0.462869
2.12,0.456329
2.14,0.450031
2.16,0.443905
2.18,0.437885
2.2,0.431908
2.22,0.425918
2.24,0.419865
2.26,0.413713
2.28,0.407431
2.3,0.401005
2.32,0.394426
2.34,0.387698
2.36,0.380833
2.38,0.37385
2.4,0.366774
2.42,0.359631
2.44,0.352452
2.46,0.345268
2.48,0.338107
2.5,0.330996
2.52,0.323961
2.54,0.31702
2.56,0.310191
2.58,0.303485
2.6,0.296907
2.62,0.290461
2.64,0.284142
2.66,0.277947
2.68,0.271867
2.7,0.265891
2.72,0.260009
2.74,0.25421
2.76,0.248484
2.78,0.242822
2.8,0.237219
2.82,0.231669
2.84,0.226171
2.86,0.220725
2.88,0.215334
2.9,0.21
2.92,0.20473
2.94,0.199528
2.96,0.194403
2.98,0.18936
3,0.184408
3.02,0.179553
3.04,0.174802
3.06,0.170161
3.08,0.165636
3.1,0.161231
3.12,0.15695
3.14,0.152795
3.16,0.148768
3.18,0.144871
3.2,0.141103
3.22,0.137464
3.24,0.133951
3.26,0.130563
3.28,0.127296
3.3,0.124148
3.32,0.121115
3.34,0.118193
3.36,0.115379
3.38,0.112668
3.4,0.110056
3.42,0.107539
3.44,0.105114
3.46,0.102775
3.48,0.10052
3.5,0.0983439
3.52,0.096244
3.54,0.0942168
3.56,0.0922589
3.58,0.0903672
3.6,0.0885389
3.62,0.0867712
3.64,0.0850614
3.66,0.0834071
3.68,0.0818057
3.7,0.0802552
3.72,0.0787533
3.74,0.077298
3.76,0.0758873
3.78,0.0745194
3.8,0.0731924
3.82,0.0719049
3.84,0.070655
3.86,0.0694413
3.88,0.0682624
3.9,0.0671168
3.92,0.0660033
3.94,0.0649205
3.96,0.0638673
3.98,0.0628425
4,0.0618451
