0,21.4482
0.02,21.6421
0.04,20.977
0.06,20.0602
0.08,19.4456
0.1,19.4696
0.12,20.2846
0.14,21.912
0.16,24.2157
0.18,26.7925
0.2,28.8925
0.22,29.6261
0.24,28.5367
0.26,25.9813
0.28,22.8003
0.3,19.7261
0.32,17.1358
0.34,15.1237
0.36,13.6473
0.38,12.6371
0.4,12.0467
0.42,11.849
0.44,11.9962
0.46,12.3694
0.48,12.7398
0.5,12.806
0.52,12.3603
0.54,11.4495
0.56,10.3225
0.58,9.23677
0.6,8.34752
0.62,7.71437
0.64,7.34513
0.66,7.22445
0.68,7.31747
0.7,7.55236
0.72,7.7975
0.74,7.87588
0.76,7.65517
0.78,7.14857
0.8,6.49666
0.82,5.85526
0.84,5.32254
0.86,4.93877
0.88,4.71245
0.9,4.64023
0.92,4.71338
0.94,4.91177
0.96,5.18684
0.98,5.44373
1,5.55368
1.02,5.42352
1.04,5.06964
1.06,4.60058
1.08,4.13258
1.1,3.73713
1.12,3.44242
1.14,3.25344
1.16,3.16776
1.18,3.18294
1.2,3.29751
1.22,3.50612
1.24,3.78762
1.26,4.08738
1.28,4.30935
1.3,4.34886
1.32,4.16525
1.34,3.81665
1.36,3.40866
1.38,3.02593
1.4,2.71039
1.42,2.47359
1.44,2.31352
1.46,2.22509
1.48,2.2048
1.5,2.25186
1.52,2.36699
1.54,2.54798
1.56,2.78048
1.58,3.02447
1.6,3.20771
1.62,3.24992
1.64,3.11827
1.66,2.85577
1.68,2.54323
1.7,2.24624
1.72,1.99742
1.74,1.8055
1.76,1.66827
1.78,1.58075
1.8,1.53894
1.82,1.54111
1.84,1.58801
1.86,1.68202
1.88,1.82488
1.9,2.01225
1.92,2.22418
1.94,2.41518
1.96,2.51948
1.98,2.48673
2,2.32305
2.02,2.08516
2.04,1.83588
2.06,1.61425
2.08,1.4351
2.1,1.29958
2.12,1.20383
2.14,1.14349
2.16,1.11554
2.18,1.11884
2.2,1.15406
2.22,1.22305
2.24,1.32711
2.26,1.46302
2.28,1.61609
2.3,1.75306
2.32,1.82621
2.34,1.79959
2.36,1.67839
2.38,1.50406
2.4,1.32186
2.42,1.15965
2.44,1.02786
2.46,0.927098
2.48,0.854401
2.5,0.80644
2.52,0.780804
2.54,0.776379
2.56,0.79331
2.58,0.832607
2.6,0.895067
2.62,0.978831
2.64,1.07497
2.66,1.16272
2.68,1.2113
2.7,1.19608
2.72,1.11833
2.74,1.00392
2.76,0.882639
2.78,0.773467
2.8,0.683769
2.82,0.614218
2.84,0.56295
2.86,0.527758
2.88,0.506932
2.9,0.499415
2.92,0.504496
2.94,0.520971
2.96,0.545538
2.98,0.570774
3,0.584868
3.02,0.576576
3.04,0.543457
3.06,0.493753
3.08,0.439231
3.1,0.388238
3.12,0.344327
3.14,0.307951
3.16,0.278236
3.18,0.253971
3.2,0.234028
3.22,0.21748
3.24,0.203603
3.26,0.191849
3.28,0.181806
3.3,0.173165
3.32,0.165701
3.34,0.159249
3.36,0.153694
3.38,0.148955
3.4,0.144966
3.42,0.141643
3.44,0.138817
3.46,0.136175
3.48,0.133278
3.5,0.129772
3.52,0.125645
3.54,0.12121
3.56,0.116837
3.58,0.112753
3.6,0.109039
3.62,0.105684
3.64,0.102646
3.66,0.0998766
3.68,0.097331
3.7,0.0949736
3.72,0.0927755
3.74,0.0907141
3.76,0.0887713
3.78,0.0869326
3.8,0.0851866
3.82,0.0835237
3.84,0.0819361
3.86,0.0804176
3.88,0.0789627
3.9,0.0775671
3.92,0.0762273
3.94,0.0749405
3.96,0.0737045
3.98,0.0725177
4,0.0713788
