0,21.5525
0.02,21.7492
0.04,21.0356
0.06,20.0205
0.08,19.272
0.1,19.1393
0.12,19.7887
0.14,21.2714
0.16,23.5206
0.18,26.2566
0.2,28.8534
0.22,30.3812
0.24,30.0651
0.26,27.8863
0.28,24.5809
0.3,21.0354
0.32,17.8261
0.34,15.1794
0.36,13.1148
0.38,11.5708
0.4,10.472
0.42,9.75688
0.44,9.38533
0.46,9.33844
0.48,9.61308
0.5,10.2086
0.52,11.0973
0.54,12.1718
0.56,13.1842
0.58,13.7581
0.6,13.573
0.62,12.6145
0.64,11.1813
0.66,9.63977
0.68,8.22998
0.7,7.04646
0.72,6.09626
0.74,5.3512
0.76,4.77587
0.78,4.33881
0.8,4.0157
0.82,3.78945
0.84,3.6495
0.86,3.59116
0.88,3.61526
0.9,3.728
0.92,3.94092
0.94,4.26998
0.96,4.73198
0.98,5.33449
1,6.05362
1.02,6.7989
1.04,7.39001
1.06,7.60766
1.08,7.33862
1.1,6.67414
1.12,5.82839
1.14,4.98885
1.16,4.25363
1.18,3.65002
1.2,3.17008
1.22,2.79433
1.24,2.50276
1.26,2.27858
1.28,2.10894
1.3,1.98461
1.32,1.89943
1.34,1.84982
1.36,1.8345
1.38,1.8544
1.4,1.91272
1.42,2.01517
1.44,2.17012
1.46,2.38843
1.48,2.6819
1.5,3.05828
1.52,3.5096
1.54,3.99178
1.56,4.40589
1.58,4.6157
1.6,4.52808
1.62,4.1715
1.64,3.67009
1.66,3.14968
1.68,2.68372
1.7,2.29708
1.72,1.98824
1.74,1.74598
1.76,1.55772
1.78,1.41252
1.8,1.30187
1.82,1.21951
1.84,1.16112
1.86,1.12398
1.88,1.10675
1.9,1.10935
1.92,1.13297
1.94,1.18019
1.96,1.2551
1.98,1.36342
2,1.51232
2.02,1.7091
2.04,1.95745
2.06,2.24903
2.08,2.54997
2.1,2.79152
2.12,2.88888
2.14,2.79678
2.16,2.54895
2.18,2.22803
2.2,1.90735
2.22,1.62577
2.24,1.39438
2.26,1.21035
2.28,1.06622
2.3,0.954233
2.32,0.867863
2.34,0.802085
2.36,0.753262
2.38,0.718919
2.4,0.697558
2.42,0.68853
2.44,0.69199
2.46,0.708902
2.48,0.741109
2.5,0.791383
2.52,0.863364
2.54,0.961035
2.56,1.08706
2.58,1.23883
2.6,1.40158
2.62,1.54189
2.64,1.61331
2.66,1.58354
2.68,1.46149
2.7,1.2892
2.72,1.10979
2.74,0.948655
2.76,0.814496
2.78,0.706903
2.8,0.622103
2.82,0.555828
2.84,0.504391
2.86,0.464951
2.88,0.435479
2.9,0.414655
2.92,0.401755
2.94,0.39656
2.96,0.399227
2.98,0.410017
3,0.428688
3.02,0.453275
3.04,0.478414
3.06,0.494783
3.08,0.492642
3.1,0.468821
3.12,0.429424
3.14,0.384468
3.16,0.341581
3.18,0.304268
3.2,0.273191
3.22,0.247726
3.24,0.226882
3.26,0.209704
3.28,0.195397
3.3,0.183337
3.32,0.173045
3.34,0.164156
3.36,0.156395
3.38,0.149548
3.4,0.143453
3.42,0.13798
3.44,0.13303
3.46,0.128523
3.48,0.124393
3.5,0.12059
3.52,0.117071
3.54,0.1138
3.56,0.110749
3.58,0.107893
3.6,0.105212
3.62,0.102689
3.64,0.100309
3.66,0.0980612
3.68,0.0959348
3.7,0.0939226
3.72,0.0920185
3.74,0.0902187
3.76,0.0885209
3.78,0.0869242
3.8,0.0854272
3.82,0.084024
3.84,0.0826969
3.86,0.0814081
3.88,0.0801021
3.9,0.078732
3.92,0.0772954
3.94,0.0758332
3.96,0.074395
3.98,0.0730121
4,0.0716954
