0,0.223829
0.02,0.241993
0.04,0.262457
0.06,0.285623
0.08,0.311978
0.1,0.342125
0.12,0.37681
0.14,0.416967
0.16,0.463773
0.18,0.518726
0.2,0.583749
0.22,0.661334
0.24,0.754736
0.26,0.868238
0.28,1.00751
0.3,1.18009
0.32,1.39589
0.34,1.66779
0.36,2.01175
0.38,2.44554
0.4,2.98386
0.42,3.62557
0.44,4.32905
0.46,4.98235
0.48,5.40612
0.5,5.44046
0.52,5.07099
0.54,4.44195
0.56,3.73778
0.58,3.08296
0.6,2.52848
0.62,2.07989
0.64,1.72391
0.66,1.44276
0.68,1.22006
0.7,1.04246
0.72,0.899597
0.74,0.783603
0.76,0.688555
0.78,0.609983
0.8,0.544495
0.82,0.489502
0.84,0.443011
0.86,0.403474
0.88,0.36968
0.9,0.340672
0.92,0.315692
0.94,0.294135
0.96,0.275513
0.98,0.259435
1,0.245587
1.02,0.233715
1.04,0.223618
1.06,0.215138
1.08,0.208155
1.1,0.202583
1.12,0.198367
1.14,0.195482
1.16,0.193933
1.18,0.19376
1.2,0.195034
1.22,0.197871
1.24,0.202437
1.26,0.208955
1.28,0.217728
1.3,0.229156
1.32,0.243764
1.34,0.262243
1.36,0.285487
1.38,0.314641
1.4,0.351129
1.42,0.396632
1.44,0.453039
1.46,0.522493
1.48,0.607838
1.5,0.713343
1.52,0.84439
1.54,1.00456
1.56,1.1895
1.58,1.37831
1.6,1.52826
1.62,1.58754
1.64,1.52998
1.66,1.37802
1.68,1.1827
1.7,0.988284
1.72,0.817751
1.74,0.67735
1.76,0.565055
1.78,0.476136
1.8,0.405711
1.82,0.349625
1.84,0.304599
1.86,0.268125
1.88,0.23831
1.9,0.213731
1.92,0.193308
1.94,0.176225
1.96,0.161856
1.98,0.14972
2,0.139443
2.02,0.130737
2.04,0.123378
2.06,0.117193
2.08,0.112049
2.1,0.107851
2.12,0.104529
2.14,0.102043
2.16,0.100379
2.18,0.0995459
2.2,0.0995837
2.22,0.100563
2.24,0.102594
2.26,0.105835
2.28,0.110504
2.3,0.116903
2.32,0.125441
2.34,0.136669
2.36,0.151326
2.38,0.170379
2.4,0.195053
2.42,0.226764
2.44,0.266824
2.46,0.315601
2.48,0.370767
2.5,0.424814
2.52,0.464188
2.54,0.474479
2.56,0.450923
2.58,0.402665
2.6,0.344882
2.62,0.289242
2.64,0.241204
2.66,0.201904
2.68,0.170494
2.7,0.145559
2.72,0.125718
2.74,0.109824
2.76,0.0969765
2.78,0.0864935
2.8,0.0778568
2.82,0.07067
2.84,0.0646206
2.86,0.0594533
2.88,0.0549641
2.9,0.0510084
2.92,0.0474997
2.94,0.0443856
2.96,0.0416229
2.98,0.0391686
3,0.036981
3.02,0.0350225
3.04,0.0332606
3.06,0.0316683
3.08,0.0302226
3.1,0.0289048
3.12,0.0276992
3.14,0.0265927
3.16,0.0255744
3.18,0.0246351
3.2,0.0237672
3.22,0.0229646
3.24,0.0222223
3.26,0.0215364
3.28,0.0209046
3.3,0.0203253
3.32,0.0197986
3.34,0.0193252
3.36,0.018906
3.38,0.0185399
3.4,0.0182182
3.42,0.0179182
3.44,0.0176
3.46,0.0172206
3.48,0.0167638
3.5,0.0162532
3.52,0.0157307
3.54,0.015229
3.56,0.0147629
3.58,0.0143352
3.6,0.0139426
3.62,0.0135805
3.64,0.0132441
3.66,0.0129295
3.68,0.0126335
3.7,0.0123536
3.72,0.0120878
3.74,0.0118346
3.76,0.0115925
3.78,0.0113607
3.8,0.011138
3.82,0.010924
3.84,0.0107178
3.86,0.010519
3.88,0.010327
3.9,0.0101415
3.92,0.00996203
3.94,0.0097883
3.96,0.00961997
3.98,0.00945677
4,0.00929845
