0,12.3994
0.02,12.2041
0.04,11.4006
0.06,10.3581
0.08,9.39412
0.1,8.68202
0.12,8.28687
0.14,8.22574
0.16,8.50698
0.18,9.14709
0.2,10.1707
0.22,11.5916
0.24,13.3652
0.26,15.3044
0.28,17.0013
0.3,17.8948
0.32,17.5948
0.34,16.2029
0.36,14.2133
0.38,12.1348
0.4,10.2721
0.42,8.73818
0.44,7.53859
0.46,6.63705
0.48,5.99013
0.5,5.56179
0.52,5.32779
0.54,5.27527
0.56,5.39901
0.58,5.69262
0.6,6.13061
0.62,6.64033
0.64,7.081
0.66,7.27667
0.68,7.12181
0.7,6.65812
0.72,6.02025
0.74,5.33537
0.76,4.68726
0.78,4.12446
0.8,3.66884
0.82,3.32324
0.84,3.0811
0.86,2.93423
0.88,2.87716
0.9,2.9083
0.92,3.02876
0.94,3.23768
0.96,3.52182
0.98,3.83872
1,4.10336
1.02,4.20741
1.04,4.08632
1.06,3.77391
1.08,3.37149
1.1,2.97433
1.12,2.63583
1.14,2.37393
1.16,2.18861
1.18,2.07389
1.2,2.02297
1.22,2.02845
1.24,2.07925
1.26,2.15673
1.28,2.23623
1.3,2.29993
1.32,2.35111
1.34,2.4079
1.36,2.47818
1.38,2.53994
1.4,2.54607
1.42,2.458
1.44,2.28124
1.46,2.06043
1.48,1.84392
1.5,1.66131
1.52,1.52374
1.54,1.43253
1.56,1.38597
1.58,1.38262
1.6,1.42224
1.62,1.50465
1.64,1.62607
1.66,1.77227
1.68,1.91071
1.7,1.99238
1.72,1.97615
1.74,1.86124
1.76,1.68749
1.78,1.50322
1.8,1.34034
1.82,1.21213
1.84,1.121
1.86,1.06532
1.88,1.0431
1.9,1.05339
1.92,1.09609
1.94,1.17037
1.96,1.27095
1.98,1.38214
2,1.47354
2.02,1.5076
2.04,1.46356
2.06,1.35507
2.08,1.21787
2.1,1.08442
2.12,0.972555
2.14,0.888204
2.16,0.831513
2.18,0.800996
2.2,0.795479
2.22,0.814583
2.24,0.858117
2.26,0.924135
2.28,1.00516
2.3,1.08366
2.32,1.13233
2.34,1.12688
2.36,1.06478
2.38,0.96729
2.4,0.861948
2.42,0.767614
2.44,0.692423
2.46,0.637999
2.48,0.603459
2.5,0.587597
2.52,0.589717
2.54,0.609572
2.56,0.646486
2.58,0.697296
2.6,0.753162
2.62,0.797488
2.64,0.810507
2.66,0.782174
2.68,0.720714
2.7,0.645189
2.72,0.572275
2.74,0.510834
2.76,0.463634
2.78,0.430523
2.8,0.410528
2.82,0.402752
2.84,0.406473
2.86,0.420573
2.88,0.442227
2.9,0.46514
2.92,0.479149
2.94,0.474235
2.96,0.447718
2.98,0.406368
3,0.360457
3.02,0.317505
3.04,0.280851
3.06,0.251065
3.08,0.227512
3.1,0.209254
3.12,0.195408
3.14,0.1852
3.16,0.177844
3.18,0.172315
3.2,0.167213
3.22,0.161065
3.24,0.153123
3.26,0.143817
3.28,0.134217
3.3,0.125216
3.32,0.117232
3.34,0.110326
3.36,0.10439
3.38,0.0992717
3.4,0.0948236
3.42,0.0909233
3.44,0.0874742
3.46,0.0844022
3.48,0.0816515
3.5,0.0791811
3.52,0.0769612
3.54,0.0749698
3.56,0.0731873
3.58,0.071586
3.6,0.0701157
3.62,0.0686923
3.64,0.0672154
3.66,0.0656252
3.68,0.0639458
3.7,0.0622557
3.72,0.0606269
3.74,0.0590958
3.76,0.0576703
3.78,0.0563433
3.8,0.0551034
3.82,0.0539387
3.84,0.0528392
3.86,0.0517966
3.88,0.050804
3.9,0.0498561
3.92,0.0489483
3.94,0.0480771
3.96,0.0472395
3.98,0.046433
4,0.0456553
