0,12.3996
0.02,12.2046
0.04,11.4012
0.06,10.3585
0.08,9.39423
0.1,8.68175
0.12,8.28616
0.14,8.22453
0.16,8.50521
0.18,9.14471
0.2,10.1677
0.22,11.5885
0.24,13.363
0.26,15.305
0.28,17.0065
0.3,17.9037
0.32,17.6013
0.34,16.2007
0.36,14.2044
0.38,12.1294
0.4,10.2789
0.42,8.75662
0.44,7.56108
0.46,6.65559
0.48,5.99954
0.5,5.55945
0.52,5.31233
0.54,5.24591
0.56,5.35604
0.58,5.63945
0.6,6.07789
0.62,6.60998
0.64,7.10164
0.66,7.35889
0.68,7.22958
0.7,6.72483
0.72,6.00665
0.74,5.25881
0.76,4.59718
0.78,4.06595
0.8,3.66724
0.82,3.38486
0.84,3.19546
0.86,3.0741
0.88,3.00207
0.9,2.97594
0.92,3.00761
0.94,3.11366
0.96,3.30292
0.98,3.56442
1,3.85252
1.02,4.07829
1.04,4.13642
1.06,3.97499
1.08,3.63944
1.1,3.23119
1.12,2.83753
1.14,2.50385
1.16,2.24325
1.18,2.05348
1.2,1.92797
1.22,1.86104
1.24,1.84977
1.26,1.89409
1.28,1.99554
1.3,2.15385
1.32,2.35953
1.34,2.58226
1.36,2.76277
1.38,2.82836
1.4,2.73977
1.42,2.52482
1.44,2.25335
1.46,1.98797
1.48,1.76247
1.5,1.5875
1.52,1.46237
1.54,1.38309
1.56,1.34621
1.58,1.35011
1.6,1.39498
1.62,1.48147
1.64,1.60727
1.66,1.76049
1.68,1.91129
1.7,2.01109
1.72,2.01383
1.74,1.91085
1.76,1.73839
1.78,1.54716
1.8,1.37339
1.82,1.23329
1.84,1.13041
1.86,1.06316
1.88,1.02916
1.9,1.02695
1.92,1.05632
1.94,1.11741
1.96,1.20813
1.98,1.31931
2,1.42846
2.02,1.49951
2.04,1.49884
2.06,1.42087
2.08,1.29284
2.1,1.15199
2.12,1.02465
2.14,0.922483
2.16,0.847988
2.18,0.80003
2.2,0.776932
2.22,0.777738
2.24,0.802362
2.26,0.850805
2.28,0.921047
2.3,1.00511
2.32,1.08455
2.34,1.13144
2.36,1.12218
2.38,1.05607
2.4,0.955723
2.42,0.848705
2.44,0.75326
2.46,0.676937
2.48,0.620975
2.5,0.584242
2.52,0.565356
2.54,0.563498
2.56,0.57848
2.58,0.610146
2.6,0.656835
2.62,0.712596
2.64,0.764172
2.66,0.792143
2.68,0.780988
2.7,0.731469
2.72,0.659755
2.74,0.584505
2.76,0.517658
2.78,0.463954
2.8,0.424013
2.82,0.396939
2.84,0.381656
2.86,0.377341
2.88,0.383242
2.9,0.397906
2.92,0.41775
2.94,0.435646
2.96,0.44179
2.98,0.428948
3,0.398156
3.02,0.357512
3.04,0.315729
3.06,0.278053
3.08,0.246306
3.1,0.220399
3.12,0.19953
3.14,0.18279
3.16,0.169389
3.18,0.158715
3.2,0.150306
3.22,0.143795
3.24,0.138817
3.26,0.134869
3.28,0.13122
3.3,0.127043
3.32,0.121853
3.34,0.115827
3.36,0.109568
3.38,0.103619
3.4,0.0982563
3.42,0.0935353
3.44,0.0894032
3.46,0.0857735
3.48,0.0825607
3.5,0.0796925
3.52,0.0771107
3.54,0.0747707
3.56,0.0726384
3.58,0.0706881
3.6,0.0689013
3.62,0.067264
3.64,0.0657646
3.66,0.0643889
3.68,0.0631119
3.7,0.0618902
3.72,0.0606655
3.74,0.0593928
3.76,0.0580717
3.78,0.0567421
3.8,0.0554487
3.82,0.0542178
3.84,0.0530573
3.86,0.0519643
3.88,0.0509321
3.9,0.0499535
3.92,0.0490221
3.94,0.0481323
3.96,0.0472799
3.98,0.046461
4,0.0456727
