0,0.960084
0.02,0.996961
0.04,1.03472
0.06,1.07322
0.08,1.11229
0.1,1.15173
0.12,1.1913
0.14,1.23072
0.16,1.26968
0.18,1.30782
0.2,1.34477
0.22,1.38012
0.24,1.41346
0.26,1.44436
0.28,1.4724
0.3,1.49719
0.32,1.51836
0.34,1.5356
0.36,1.54866
0.38,1.55737
0.4,1.56164
0.42,1.56146
0.44,1.55691
0.46,1.54818
0.48,1.5355
0.5,1.51918
0.52,1.4996
0.54,1.47715
0.56,1.45228
0.58,1.42542
0.6,1.39702
0.62,1.36749
0.64,1.33724
0.66,1.30664
0.68,1.27605
0.7,1.24575
0.72,1.21601
0.74,1.18707
0.76,1.15912
0.78,1.13231
0.8,1.10677
0.82,1.0826
0.84,1.05987
0.86,1.03862
0.88,1.01888
0.9,1.00065
0.92,0.98392
0.94,0.968653
0.96,0.954802
0.98,0.942303
1,0.931079
1.02,0.921037
1.04,0.912071
1.06,0.90406
1.08,0.896874
1.1,0.890369
1.12,0.884393
1.14,0.878786
1.16,0.873383
1.18,0.868018
1.2,0.862528
1.22,0.856756
1.24,0.850557
1.26,0.8438
1.28,0.836376
1.3,0.828198
1.32,0.819208
1.34,0.809373
1.36,0.79869
1.38,0.787183
1.4,0.774902
1.42,0.761919
1.44,0.748324
1.46,0.734222
1.48,0.719727
1.5,0.704958
1.52,0.690033
1.54,0.675072
1.56,0.660184
1.58,0.645473
1.6,0.631032
1.62,0.616945
1.64,0.603282
1.66,0.590102
1.68,0.577455
1.7,0.565376
1.72,0.553893
1.74,0.543021
1.76,0.532767
1.78,0.52313
1.8,0.5141
1.82,0.505657
1.84,0.497778
1.86,0.49043
1.88,0.483574
1.9,0.477165
1.92,0.471154
1.94,0.465485
1.96,0.460101
1.98,0.454939
2,0.449937
2.02,0.445031
2.04,0.440161
2.06,0.435266
2.08,0.430293
2.1,0.425196
2.12,0.419935
2.14,0.414479
2.16,0.408809
2.18,0.402915
2.2,0.396798
2.22,0.390468
2.24,0.383943
2.26,0.377251
2.28,0.370423
2.3,0.363495
2.32,0.356505
2.34,0.349492
2.36,0.342494
2.38,0.335546
2.4,0.328679
2.42,0.321923
2.44,0.315301
2.46,0.30883
2.48,0.302523
2.5,0.296389
2.52,0.29043
2.54,0.284645
2.56,0.279027
2.58,0.273567
2.6,0.268252
2.62,0.263066
2.64,0.257993
2.66,0.253015
2.68,0.248114
2.7,0.243273
2.72,0.238477
2.74,0.233713
2.76,0.228968
2.78,0.224236
2.8,0.21951
2.82,0.214791
2.84,0.210077
2.86,0.205374
2.88,0.200686
2.9,0.196023
2.92,0.191392
2.94,0.186803
2.96,0.182267
2.98,0.177794
3,0.173392
3.02,0.169071
3.04,0.164837
3.06,0.160698
3.08,0.15666
3.1,0.152725
3.12,0.148899
3.14,0.145182
3.16,0.141576
3.18,0.138082
3.2,0.134699
3.22,0.131425
3.24,0.12826
3.26,0.125201
3.28,0.122245
3.3,0.119391
3.32,0.116635
3.34,0.113973
3.36,0.111403
3.38,0.108922
3.4,0.106525
3.42,0.10421
3.44,0.101974
3.46,0.0998125
3.48,0.0977233
3.5,0.0957032
3.52,0.0937492
3.54,0.0918586
3.56,0.0900287
3.58,0.088257
3.6,0.086541
3.62,0.0848783
3.64,0.083267
3.66,0.0817047
3.68,0.0801896
3.7,0.0787197
3.72,0.0772933
3.74,0.0759087
3.76,0.0745643
3.78,0.0732584
3.8,0.0719896
3.82,0.0707565
3.84,0.0695578
3.86,0.0683922
3.88,0.0672584
3.9,0.0661552
3.92,0.0650815
3.94,0.0640363
3.96,0.0630185
3.98,0.0620272
4,0.0610613
