0,3.57065
0.02,3.85404
0.04,4.15365
0.06,4.46571
0.08,4.7844
0.1,5.1016
0.12,5.40684
0.14,5.68764
0.16,5.93036
0.18,6.12162
0.2,6.25006
0.22,6.30812
0.24,6.29339
0.26,6.20909
0.28,6.06351
0.3,5.86865
0.32,5.63841
0.34,5.38682
0.36,5.12671
0.38,4.86887
0.4,4.62173
0.42,4.39148
0.44,4.18225
0.46,3.99658
0.48,3.83569
0.5,3.69986
0.52,3.58858
0.54,3.50073
0.56,3.43462
0.58,3.38797
0.6,3.35786
0.62,3.34071
0.64,3.33219
0.66,3.32736
0.68,3.32088
0.7,3.30741
0.72,3.28215
0.74,3.24145
0.76,3.18329
0.78,3.10756
0.8,3.01598
0.82,2.9117
0.84,2.79875
0.86,2.68147
0.88,2.56393
0.9,2.4497
0.92,2.34159
0.94,2.2417
0.96,2.15146
0.98,2.07172
1,2.00291
1.02,1.94509
1.04,1.89802
1.06,1.86124
1.08,1.83402
1.1,1.81537
1.12,1.80402
1.14,1.79835
1.16,1.79639
1.18,1.79587
1.2,1.79433
1.22,1.78926
1.24,1.77842
1.26,1.76009
1.28,1.73334
1.3,1.69812
1.32,1.65528
1.34,1.60638
1.36,1.5534
1.38,1.49847
1.4,1.44364
1.42,1.39068
1.44,1.34102
1.46,1.29571
1.48,1.25549
1.5,1.22078
1.52,1.19177
1.54,1.16843
1.56,1.15053
1.58,1.13766
1.6,1.12921
1.62,1.12438
1.64,1.12213
1.66,1.12124
1.68,1.12033
1.7,1.11799
1.72,1.11286
1.74,1.10386
1.76,1.09031
1.78,1.07204
1.8,1.0494
1.82,1.02319
1.84,0.994494
1.86,0.964556
1.88,0.934583
1.9,0.905654
1.92,0.878642
1.94,0.854197
1.96,0.832746
1.98,0.814507
2,0.799509
2.02,0.787608
2.04,0.778492
2.06,0.771692
2.08,0.766588
2.1,0.762435
2.12,0.758402
2.14,0.753647
2.16,0.747405
2.18,0.739091
2.2,0.728384
2.22,0.715271
2.24,0.700038
2.26,0.683208
2.28,0.665447
2.3,0.647461
2.32,0.629907
2.34,0.613329
2.36,0.598125
2.38,0.584527
2.4,0.572605
2.42,0.562272
2.44,0.553305
2.46,0.54536
2.48,0.538012
2.5,0.530796
2.52,0.523267
2.54,0.515058
2.56,0.505937
2.58,0.495831
2.6,0.484832
2.62,0.47316
2.64,0.461109
2.66,0.448993
2.68,0.437083
2.7,0.425577
2.72,0.414577
2.74,0.404087
2.76,0.394031
2.78,0.384281
2.8,0.374684
2.82,0.365099
2.84,0.355424
2.86,0.345602
2.88,0.335623
2.9,0.325513
2.92,0.315313
2.94,0.30507
2.96,0.294824
2.98,0.284613
3,0.274476
3.02,0.264452
3.04,0.254586
3.06,0.244923
3.08,0.235509
3.1,0.226381
3.12,0.217571
3.14,0.209104
3.16,0.200997
3.18,0.193265
3.2,0.185916
3.22,0.178954
3.24,0.172379
3.26,0.166184
3.28,0.160358
3.3,0.154887
3.32,0.149751
3.34,0.144929
3.36,0.140398
3.38,0.136135
3.4,0.132116
3.42,0.12832
3.44,0.124726
3.46,0.121318
3.48,0.118079
3.5,0.114998
3.52,0.112064
3.54,0.109267
3.56,0.1066
3.58,0.104054
3.6,0.101623
3.62,0.0992984
3.64,0.0970739
3.66,0.0949425
3.68,0.0928979
3.7,0.0909342
3.72,0.0890463
3.74,0.0872297
3.76,0.0854805
3.78,0.0837953
3.8,0.0821709
3.82,0.0806045
3.84,0.0790934
3.86,0.0776349
3.88,0.0762265
3.9,0.0748658
3.92,0.0735504
3.94,0.072278
3.96,0.0710465
3.98,0.0698538
4,0.0686979
