0,3.57064
0.02,3.85402
0.04,4.15364
0.06,4.4657
0.08,4.78439
0.1,5.10159
0.12,5.40683
0.14,5.68762
0.16,5.93035
0.18,6.12161
0.2,6.25006
0.22,6.30812
0.24,6.29339
0.26,6.20909
0.28,6.06352
0.3,5.86866
0.32,5.63842
0.34,5.38683
0.36,5.12672
0.38,4.86888
0.4,4.62174
0.42,4.39149
0.44,4.18226
0.46,3.99659
0.48,3.83571
0.5,3.69987
0.52,3.58859
0.54,3.50074
0.56,3.43463
0.58,3.38798
0.6,3.35788
0.62,3.34073
0.64,3.33221
0.66,3.32738
0.68,3.3209
0.7,3.30744
0.72,3.28218
0.74,3.24148
0.76,3.18332
0.78,3.1076
0.8,3.01602
0.82,2.91173
0.84,2.79879
0.86,2.6815
0.88,2.56397
0.9,2.44973
0.92,2.34162
0.94,2.24172
0.96,2.15148
0.98,2.07174
1,2.00292
1.02,1.9451
1.04,1.89803
1.06,1.86125
1.08,1.83402
1.1,1.81538
1.12,1.80402
1.14,1.79834
1.16,1.79638
1.18,1.79585
1.2,1.79429
1.22,1.78921
1.24,1.77836
1.26,1.76002
1.28,1.73327
1.3,1.69806
1.32,1.65525
1.34,1.60637
1.36,1.5534
1.38,1.49849
1.4,1.44365
1.42,1.39068
1.44,1.341
1.46,1.29567
1.48,1.25542
1.5,1.22069
1.52,1.19167
1.54,1.16832
1.56,1.15042
1.58,1.13756
1.6,1.12914
1.62,1.12434
1.64,1.12212
1.66,1.12127
1.68,1.12039
1.7,1.11806
1.72,1.11293
1.74,1.10391
1.76,1.09033
1.78,1.07202
1.8,1.04934
1.82,1.02308
1.84,0.994356
1.86,0.964397
1.88,0.934419
1.9,0.905499
1.92,0.878514
1.94,0.854111
1.96,0.832718
1.98,0.81455
2,0.799633
2.02,0.787817
2.04,0.77878
2.06,0.772043
2.08,0.766973
2.1,0.762813
2.12,0.758726
2.14,0.753869
2.16,0.747489
2.18,0.73902
2.2,0.728165
2.22,0.714938
2.24,0.699649
2.26,0.682834
2.28,0.665162
2.3,0.64733
2.32,0.62998
2.34,0.613631
2.36,0.598652
2.38,0.585244
2.4,0.573446
2.42,0.563142
2.44,0.554084
2.46,0.545919
2.48,0.538231
2.5,0.53059
2.52,0.52261
2.54,0.514003
2.56,0.504619
2.58,0.494453
2.6,0.483628
2.62,0.472351
2.64,0.460859
2.66,0.449364
2.68,0.438025
2.7,0.426923
2.72,0.416076
2.74,0.40545
2.76,0.394994
2.78,0.384659
2.8,0.374417
2.82,0.364263
2.84,0.354203
2.86,0.344243
2.88,0.334373
2.9,0.324565
2.92,0.314775
2.94,0.304957
2.96,0.295077
2.98,0.285126
3,0.275126
3.02,0.265123
3.04,0.255184
3.06,0.245382
3.08,0.235792
3.1,0.226479
3.12,0.2175
3.14,0.208897
3.16,0.200702
3.18,0.192933
3.2,0.185596
3.22,0.178686
3.24,0.172189
3.26,0.166084
3.28,0.160347
3.3,0.154951
3.32,0.149868
3.34,0.145073
3.36,0.140545
3.38,0.136264
3.4,0.132214
3.42,0.12838
3.44,0.12475
3.46,0.121311
3.48,0.118052
3.5,0.114961
3.52,0.112027
3.54,0.109237
3.56,0.10658
3.58,0.104047
3.6,0.101626
3.62,0.0993095
3.64,0.097089
3.66,0.0949581
3.68,0.0929114
3.7,0.0909441
3.72,0.0890523
3.74,0.0872323
3.76,0.0854808
3.78,0.0837945
3.8,0.0821703
3.82,0.0806049
3.84,0.0790953
3.86,0.0776385
3.88,0.0762317
3.9,0.0748722
3.92,0.0735574
3.94,0.0722852
3.96,0.0710532
3.98,0.0698597
4,0.0687027
