0,0.0236377
0.02,0.0246023
0.04,0.0256268
0.06,0.0267164
0.08,0.0278768
0.1,0.0291141
0.12,0.0304354
0.14,0.0318483
0.16,0.0333614
0.18,0.0349844
0.2,0.0367282
0.22,0.038605
0.24,0.0406285
0.26,0.0428144
0.28,0.0451803
0.3,0.0477466
0.32,0.0505361
0.34,0.0535755
0.36,0.0568953
0.38,0.0605306
0.4,0.0645223
0.42,0.0689182
0.44,0.0737739
0.46,0.0791553
0.48,0.08514
0.5,0.0918202
0.52,0.0993063
0.54,0.107731
0.56,0.117256
0.58,0.128075
0.6,0.140431
0.62,0.154619
0.64,0.171012
0.66,0.190074
0.68,0.212395
0.7,0.238732
0.72,0.270059
0.74,0.307645
0.76,0.353154
0.78,0.408788
0.8,0.477465
0.82,0.563048
0.84,0.670596
0.86,0.806528
0.88,0.978411
0.9,1.19366
0.92,1.45568
0.94,1.75538
0.96,2.05804
0.98,2.2955
1,2.38732
1.02,2.2955
1.04,2.05804
1.06,1.75538
1.08,1.45568
1.1,1.19366
1.12,0.978411
1.14,0.806528
1.16,0.670596
1.18,0.563048
1.2,0.477465
1.22,0.408788
1.24,0.353154
1.26,0.307645
1.28,0.270059
1.3,0.238732
1.32,0.212395
1.34,0.190074
1.36,0.171012
1.38,0.154619
1.4,0.140431
1.42,0.128075
1.44,0.117256
1.46,0.107731
1.48,0.0993063
1.5,0.0918201
1.52,0.0851399
1.54,0.0791553
1.56,0.0737739
1.58,0.0689181
1.6,0.0645223
1.62,0.0605305
1.64,0.0568952
1.66,0.0535755
1.68,0.0505361
1.7,0.0477465
1.72,0.0451802
1.74,0.0428143
1.76,0.0406284
1.78,0.0386048
1.8,0.0367281
1.82,0.0349842
1.84,0.0333611
1.86,0.031848
1.88,0.030435
1.9,0.0291137
1.92,0.0278763
1.94,0.0267158
1.96,0.0256261
1.98,0.0246014
2,0.0236369
2.02,0.0227278
2.04,0.0218699
2.06,0.0210597
2.08,0.0202935
2.1,0.0195682
2.12,0.0188811
2.14,0.0182294
2.16,0.0176108
2.18,0.0170231
2.2,0.0164643
2.22,0.0159325
2.24,0.015426
2.26,0.0149432
2.28,0.0144827
2.3,0.0140431
2.32,0.0136232
2.34,0.0132218
2.36,0.0128378
2.38,0.0124703
2.4,0.0121184
2.42,0.0117811
2.44,0.0114577
2.46,0.0111474
2.48,0.0108495
2.5,0.0105634
2.52,0.0102884
2.54,0.010024
2.56,0.0097697
2.58,0.00952491
2.6,0.0092892
2.62,0.00906212
2.64,0.00884325
2.66,0.00863221
2.68,0.00842862
2.7,0.00823215
2.72,0.00804246
2.74,0.00785924
2.76,0.00768221
2.78,0.00751109
2.8,0.00734561
2.82,0.00718554
2.84,0.00703064
2.86,0.00688069
2.88,0.00673548
2.9,0.00659482
2.92,0.00645851
2.94,0.00632638
2.96,0.00619826
2.98,0.006074
3,0.00595343
3.02,0.00583641
3.04,0.0057228
3.06,0.00561248
3.08,0.00550531
3.1,0.00540118
3.12,0.00529998
3.14,0.00520159
3.16,0.00510592
3.18,0.00501286
3.2,0.00492232
3.22,0.0048342
3.24,0.00474844
3.26,0.00466493
3.28,0.0045836
3.3,0.00450438
3.32,0.0044272
3.34,0.00435198
3.36,0.00427866
3.38,0.00420718
3.4,0.00413748
3.42,0.00406949
3.44,0.00400316
3.46,0.00393844
3.48,0.00387527
3.5,0.00381362
3.52,0.00375342
3.54,0.00369463
3.56,0.00363722
3.58,0.00358113
3.6,0.00352633
3.62,0.00347277
3.64,0.00342043
3.66,0.00336926
3.68,0.00331923
3.7,0.00327031
3.72,0.00322246
3.74,0.00317565
3.76,0.00312985
3.78,0.00308504
3.8,0.00304118
3.82,0.00299825
3.84,0.00295622
3.86,0.00291507
3.88,0.00287477
3.9,0.0028353
3.92,0.00279664
3.94,0.00275876
3.96,0.00272165
3.98,0.00268528
4,0.00264964
