0,12.3594
0.02,12.5694
0.04,12.5184
0.06,12.3275
0.08,12.1356
0.1,12.0591
0.12,12.1767
0.14,12.5291
0.16,13.1227
0.18,13.9253
0.2,14.8569
0.22,15.7794
0.24,16.5058
0.26,16.845
0.28,16.6757
0.3,16.0043
0.32,14.9584
0.34,13.7223
0.36,12.4662
0.38,11.3101
0.4,10.3214
0.42,9.52765
0.44,8.93292
0.46,8.52762
0.48,8.29327
0.5,8.20181
0.52,8.21167
0.54,8.26413
0.56,8.28675
0.58,8.20933
0.6,7.98915
0.62,7.62884
0.64,7.17126
0.66,6.67564
0.68,6.19379
0.7,5.75934
0.72,5.38932
0.74,5.09085
0.76,4.86682
0.78,4.718
0.8,4.64238
0.82,4.63292
0.84,4.67461
0.86,4.74188
0.88,4.79869
0.9,4.80515
0.92,4.7309
0.94,4.56866
0.96,4.33714
0.98,4.07071
1,3.80477
1.02,3.5662
1.04,3.37118
1.06,3.22735
1.08,3.13662
1.1,3.09697
1.12,3.10266
1.14,3.14305
1.16,3.201
1.18,3.25266
1.2,3.27149
1.22,3.23689
1.24,3.14332
1.26,3.00275
1.28,2.8381
1.3,2.67347
1.32,2.52751
1.34,2.41171
1.36,2.33164
1.38,2.28874
1.4,2.28133
1.42,2.30445
1.44,2.34886
1.46,2.40002
1.48,2.4388
1.5,2.4458
1.52,2.40856
1.54,2.32743
1.56,2.21502
1.58,2.0898
1.6,1.96907
1.62,1.8652
1.64,1.78537
1.66,1.7328
1.68,1.70812
1.7,1.70998
1.72,1.73485
1.74,1.77605
1.76,1.82289
1.78,1.86083
1.8,1.87449
1.82,1.85318
1.84,1.79585
1.86,1.71139
1.88,1.6141
1.9,1.5179
1.92,1.43306
1.94,1.36569
1.96,1.31869
1.98,1.29299
2,1.28816
2.02,1.30253
2.04,1.33267
2.06,1.37247
2.08,1.41249
2.1,1.44068
2.12,1.44549
2.14,1.42045
2.16,1.36733
2.18,1.29499
2.2,1.21513
2.22,1.13806
2.24,1.07084
2.26,1.01737
2.28,0.979363
2.3,0.957202
2.32,0.950504
2.34,0.958156
2.36,0.977962
2.38,1.00597
2.4,1.03587
2.42,1.05916
2.44,1.06697
2.46,1.05332
2.48,1.01796
2.5,0.966353
2.52,0.90689
2.54,0.847583
2.56,0.794218
2.58,0.750142
2.6,0.716872
2.62,0.694788
2.64,0.683586
2.66,0.682378
2.68,0.6895
2.7,0.702095
2.72,0.71578
2.74,0.72487
2.76,0.723693
2.78,0.708738
2.8,0.680279
2.82,0.642101
2.84,0.599563
2.86,0.557546
2.88,0.519419
2.9,0.486984
2.92,0.460868
2.94,0.44092
2.96,0.426424
2.98,0.416138
3,0.408259
3.02,0.400508
3.04,0.390568
3.06,0.376819
3.08,0.358972
3.1,0.33805
3.12,0.315751
3.14,0.29369
3.16,0.272984
3.18,0.254202
3.2,0.237505
3.22,0.222816
3.24,0.209943
3.26,0.198662
3.28,0.188756
3.3,0.180027
3.32,0.17231
3.34,0.165466
3.36,0.159377
3.38,0.153945
3.4,0.149078
3.42,0.144682
3.44,0.140656
3.46,0.136881
3.48,0.13324
3.5,0.12964
3.52,0.126043
3.54,0.122466
3.56,0.118961
3.58,0.115585
3.6,0.112376
3.62,0.109352
3.64,0.106513
3.66,0.103851
3.68,0.101351
3.7,0.098999
3.72,0.0967793
3.74,0.0946793
3.76,0.0926874
3.78,0.0907936
3.8,0.0889895
3.82,0.0872676
3.84,0.0856215
3.86,0.0840456
3.88,0.0825344
3.9,0.0810826
3.92,0.0796844
3.94,0.0783331
3.96,0.077022
3.98,0.0757452
4,0.0744989
