0,12.3597
0.02,12.5696
0.04,12.5178
0.06,12.3258
0.08,12.1324
0.1,12.0541
0.12,12.1699
0.14,12.5209
0.16,13.1139
0.18,13.918
0.2,14.854
0.22,15.7848
0.24,16.5228
0.26,16.8742
0.28,16.7128
0.3,16.0414
0.32,14.9871
0.34,13.737
0.36,12.4651
0.38,11.2941
0.4,10.2918
0.42,9.48587
0.44,8.87994
0.46,8.46485
0.48,8.22376
0.5,8.13184
0.52,8.15223
0.54,8.23105
0.56,8.2972
0.58,8.27406
0.6,8.10398
0.62,7.77268
0.64,7.31382
0.66,6.78959
0.68,6.26348
0.7,5.78304
0.72,5.37611
0.74,5.05485
0.76,4.82127
0.78,4.67101
0.8,4.59458
0.82,4.57673
0.84,4.59515
0.86,4.62128
0.88,4.62589
0.9,4.58913
0.92,4.50876
0.94,4.39941
0.96,4.28222
0.98,4.1725
1,4.0724
1.02,3.97101
1.04,3.85136
1.06,3.70102
1.08,3.52025
1.1,3.32215
1.12,3.12598
1.14,2.94957
1.16,2.80551
1.18,2.70094
1.2,2.63901
1.22,2.62028
1.24,2.64313
1.26,2.70304
1.28,2.79087
1.3,2.8907
1.32,2.97914
1.34,3.02873
1.36,3.01656
1.38,2.93446
1.4,2.79285
1.42,2.615
1.44,2.42658
1.46,2.24793
1.48,2.0917
1.5,1.96412
1.52,1.86739
1.54,1.80167
1.56,1.76631
1.58,1.76049
1.6,1.78304
1.62,1.83189
1.64,1.90269
1.66,1.98716
1.68,2.07158
1.7,2.13731
1.72,2.1649
1.74,2.14152
1.76,2.06717
1.78,1.95449
1.8,1.82237
1.82,1.68859
1.84,1.56581
1.86,1.46119
1.88,1.37789
1.9,1.31671
1.92,1.27746
1.94,1.25957
1.96,1.2624
1.98,1.28501
2,1.32557
2.02,1.38033
2.04,1.44238
2.06,1.50081
2.08,1.54172
2.1,1.55202
2.12,1.52485
2.14,1.46304
2.16,1.37745
2.18,1.28183
2.2,1.18799
2.22,1.1038
2.24,1.03346
2.26,0.978626
2.28,0.939614
2.3,0.91615
2.32,0.907766
2.34,0.913843
2.36,0.933347
2.38,0.964253
2.4,1.00271
2.42,1.04229
2.44,1.07404
2.46,1.08827
2.48,1.0781
2.5,1.04265
2.52,0.987473
2.54,0.921632
2.56,0.854017
2.58,0.791139
2.6,0.736778
2.62,0.692631
2.64,0.659156
2.66,0.636201
2.68,0.623353
2.7,0.620024
2.72,0.625309
2.74,0.63763
2.76,0.65425
2.78,0.670902
2.8,0.68202
2.82,0.682065
2.84,0.667662
2.86,0.639193
2.88,0.600485
2.9,0.556854
2.92,0.513092
2.94,0.472461
2.96,0.436679
2.98,0.406344
3,0.381386
3.02,0.361367
3.04,0.345619
3.06,0.333252
3.08,0.32312
3.1,0.313841
3.12,0.304011
3.14,0.292595
3.16,0.279287
3.18,0.264542
3.2,0.249236
3.22,0.234242
3.24,0.220173
3.26,0.207342
3.28,0.19583
3.3,0.185583
3.32,0.176481
3.34,0.168385
3.36,0.161159
3.38,0.154681
3.4,0.148847
3.42,0.143567
3.44,0.138771
3.46,0.134397
3.48,0.130397
3.5,0.126727
3.52,0.123352
3.54,0.120234
3.56,0.117333
3.58,0.114602
3.6,0.111991
3.62,0.109448
3.64,0.10694
3.66,0.104458
3.68,0.102017
3.7,0.0996414
3.72,0.0973537
3.74,0.0951673
3.76,0.0930863
3.78,0.0911085
3.8,0.089228
3.82,0.0874375
3.84,0.0857295
3.86,0.084097
3.88,0.0825335
3.9,0.0810333
3.92,0.0795916
3.94,0.0782039
3.96,0.0768665
3.98,0.0755759
4,0.0743293
