0,0.0875558
0.02,0.0928999
0.04,0.0987501
0.06,0.105172
0.08,0.112242
0.1,0.12005
0.12,0.128701
0.14,0.138319
0.16,0.149054
0.18,0.161081
0.2,0.174616
0.22,0.189915
0.24,0.207293
0.26,0.227138
0.28,0.249928
0.3,0.276258
0.32,0.306879
0.34,0.342743
0.36,0.385065
0.38,0.435418
0.4,0.495847
0.42,0.569041
0.44,0.658549
0.46,0.769084
0.48,0.90688
0.5,1.08009
0.52,1.29904
0.54,1.57581
0.56,1.92206
0.58,2.34256
0.6,2.82121
0.62,3.30004
0.64,3.66822
0.66,3.79903
0.68,3.63813
0.7,3.25176
0.72,2.76874
0.74,2.29477
0.76,1.88232
0.78,1.54428
0.8,1.27463
0.82,1.06147
0.84,0.892824
0.86,0.758616
0.88,0.650917
0.9,0.563674
0.92,0.492322
0.94,0.433415
0.96,0.384347
0.98,0.343129
1,0.308237
1.02,0.278486
1.04,0.252951
1.06,0.230902
1.08,0.211759
1.1,0.195057
1.12,0.180418
1.14,0.167538
1.16,0.156166
1.18,0.146094
1.2,0.137153
1.22,0.1292
1.24,0.122115
1.26,0.1158
1.28,0.11017
1.3,0.105156
1.32,0.100698
1.34,0.0967476
1.36,0.093263
1.38,0.0902107
1.4,0.0875636
1.42,0.0853005
1.44,0.0834055
1.46,0.0818682
1.48,0.0806834
1.5,0.0798509
1.52,0.0793761
1.54,0.0792703
1.56,0.0795515
1.58,0.0802449
1.6,0.0813843
1.62,0.0830143
1.64,0.0851915
1.66,0.0879881
1.68,0.0914958
1.7,0.0958303
1.72,0.101139
1.74,0.107609
1.76,0.11548
1.78,0.125064
1.8,0.136763
1.82,0.151105
1.84,0.168786
1.86,0.190731
1.88,0.218164
1.9,0.252706
1.92,0.296463
1.94,0.352058
1.96,0.422452
1.98,0.510188
2,0.615403
2.02,0.731855
2.04,0.841881
2.06,0.9161
2.08,0.926749
2.1,0.869094
2.12,0.765717
2.14,0.647664
2.16,0.536733
2.18,0.442243
2.2,0.365526
2.22,0.304494
2.24,0.256192
2.26,0.21785
2.28,0.187195
2.3,0.16246
2.32,0.142304
2.34,0.125712
2.36,0.111921
2.38,0.100351
2.4,0.0905599
2.42,0.0822054
2.44,0.0750223
2.46,0.0688026
2.48,0.0633812
2.5,0.0586268
2.52,0.0544335
2.54,0.0507152
2.56,0.0474019
2.58,0.0444357
2.6,0.0417688
2.62,0.0393612
2.64,0.0371795
2.66,0.0351955
2.68,0.0333851
2.7,0.031728
2.72,0.0302067
2.74,0.0288062
2.76,0.0275134
2.78,0.0263171
2.8,0.0252075
2.82,0.0241759
2.84,0.0232148
2.86,0.0223177
2.88,0.0214786
2.9,0.0206924
2.92,0.0199545
2.94,0.0192606
2.96,0.0186073
2.98,0.0179912
3,0.0174092
3.02,0.0168589
3.04,0.0163378
3.06,0.0158436
3.08,0.0153745
3.1,0.0149287
3.12,0.0145046
3.14,0.0141006
3.16,0.0137154
3.18,0.0133478
3.2,0.0129966
3.22,0.0126608
3.24,0.0123396
3.26,0.0120318
3.28,0.0117369
3.3,0.0114539
3.32,0.0111823
3.34,0.0109213
3.36,0.0106705
3.38,0.0104291
3.4,0.0101968
3.42,0.00997305
3.44,0.00975737
3.46,0.00954937
3.48,0.00934867
3.5,0.00915489
3.52,0.00896771
3.54,0.0087868
3.56,0.00861186
3.58,0.00844262
3.6,0.00827881
3.62,0.00812018
3.64,0.00796651
3.66,0.00781758
3.68,0.00767317
3.7,0.00753309
3.72,0.00739716
3.74,0.00726521
3.76,0.00713706
3.78,0.00701257
3.8,0.00689159
3.82,0.00677398
3.84,0.0066596
3.86,0.00654833
3.88,0.00644006
3.9,0.00633466
3.92,0.00623203
3.94,0.00613206
3.96,0.00603467
3.98,0.00593975
4,0.00584722
