0,11.1233
0.02,10.9092
0.04,10.131
0.06,9.12322
0.08,8.17253
0.1,7.43237
0.12,6.95582
0.14,6.75031
0.16,6.81369
0.18,7.15141
0.2,7.78193
0.22,8.73364
0.24,10.0293
0.26,11.6473
0.28,13.4509
0.3,15.1085
0.32,16.1186
0.34,16.0682
0.36,14.961
0.38,13.2079
0.4,11.2935
0.42,9.53324
0.44,8.05632
0.46,6.88033
0.48,5.97547
0.5,5.3002
0.52,4.81709
0.54,4.49827
0.56,4.32633
0.58,4.29335
0.6,4.39862
0.62,4.64356
0.64,5.02087
0.66,5.49436
0.68,5.97435
0.7,6.31649
0.72,6.38215
0.74,6.13089
0.76,5.6417
0.78,5.04245
0.8,4.43708
0.82,3.8852
0.84,3.41489
0.86,3.03583
0.88,2.74656
0.9,2.54019
0.92,2.4093
0.94,2.34884
0.96,2.35725
0.98,2.43612
1,2.58811
1.02,2.81151
1.04,3.08925
1.06,3.37365
1.08,3.58094
1.1,3.62293
1.12,3.47077
1.14,3.18055
1.16,2.84491
1.18,2.53418
1.2,2.27876
1.22,2.07935
1.24,1.92262
1.26,1.79543
1.28,1.69384
1.3,1.62245
1.32,1.58828
1.34,1.59713
1.36,1.65322
1.38,1.75888
1.4,1.91141
1.42,2.09554
1.44,2.27367
1.46,2.38629
1.48,2.37951
1.5,2.2465
1.52,2.0332
1.54,1.8002
1.56,1.58929
1.58,1.41846
1.6,1.29101
1.62,1.20443
1.64,1.15532
1.66,1.14146
1.68,1.16224
1.7,1.21814
1.72,1.30864
1.74,1.42797
1.76,1.55824
1.78,1.66467
1.8,1.70456
1.82,1.65482
1.84,1.53173
1.86,1.3764
1.88,1.22583
1.9,1.10026
1.92,1.00644
1.94,0.94459
1.96,0.913123
1.98,0.910712
2,0.936636
2.02,0.989622
2.04,1.06486
2.06,1.14926
2.08,1.21819
2.1,1.24198
2.12,1.20506
2.14,1.11923
2.16,1.01312
2.18,0.912254
2.2,0.830661
2.22,0.773254
2.24,0.74061
2.26,0.732045
2.28,0.746664
2.3,0.782698
2.32,0.835135
2.34,0.892167
2.36,0.933774
2.38,0.938839
2.4,0.89993
2.42,0.829613
2.44,0.749486
2.46,0.676586
2.48,0.619429
2.5,0.580646
2.52,0.560323
2.54,0.557888
2.56,0.572527
2.58,0.602303
2.6,0.642008
2.62,0.680623
2.64,0.701928
2.66,0.692431
2.68,0.651825
2.7,0.593012
2.72,0.531623
2.74,0.478009
2.76,0.43655
2.78,0.408144
2.8,0.392365
2.82,0.388464
2.84,0.395372
2.86,0.410827
2.88,0.429848
2.9,0.443833
2.92,0.443027
2.94,0.422841
2.96,0.387551
2.98,0.346283
3,0.306721
3.02,0.272755
3.04,0.245404
3.06,0.224313
3.08,0.208664
3.1,0.197508
3.12,0.189698
3.14,0.183669
3.16,0.177457
3.18,0.169408
3.2,0.159179
3.22,0.147771
3.24,0.136532
3.26,0.126334
3.28,0.11748
3.3,0.109929
3.32,0.103507
3.34,0.0980181
3.36,0.093289
3.38,0.0891802
3.4,0.0855841
3.42,0.08242
3.44,0.0796285
3.46,0.077167
3.48,0.0750028
3.5,0.0731047
3.52,0.0714263
3.54,0.0698859
3.56,0.0683595
3.58,0.0667215
3.6,0.0649256
3.62,0.0630342
3.64,0.0611555
3.66,0.0593704
3.68,0.0577129
3.7,0.0561853
3.72,0.0547756
3.74,0.0534683
3.76,0.0522488
3.78,0.0511049
3.8,0.0500266
3.82,0.049006
3.84,0.0480369
3.86,0.0471143
3.88,0.0462344
3.9,0.045394
3.92,0.0445906
3.94,0.0438214
3.96,0.0430826
3.98,0.0423686
4,0.0416719
