0,11.1233
0.02,10.9093
0.04,10.1312
0.06,9.12347
0.08,8.1727
0.1,7.43242
0.12,6.95575
0.14,6.7501
0.16,6.81333
0.18,7.15087
0.2,7.78119
0.22,8.73271
0.24,10.0282
0.26,11.6464
0.28,13.4505
0.3,15.1092
0.32,16.1205
0.34,16.0699
0.36,14.9612
0.38,13.207
0.4,11.2937
0.42,9.53593
0.44,8.06077
0.46,6.88496
0.48,5.97906
0.5,5.30214
0.52,4.81712
0.54,4.49626
0.56,4.32214
0.58,4.28685
0.6,4.38988
0.62,4.63331
0.64,5.01136
0.66,5.49012
0.68,5.98069
0.7,6.333
0.72,6.39654
0.74,6.12892
0.76,5.62587
0.78,5.02917
0.8,4.43761
0.82,3.89833
0.84,3.4334
0.86,3.05353
0.88,2.76019
0.9,2.54857
0.92,2.41218
0.94,2.34613
0.96,2.34877
0.98,2.42158
1,2.56747
1.02,2.78581
1.04,3.06216
1.06,3.35283
1.08,3.57659
1.1,3.64073
1.12,3.5046
1.14,3.21524
1.16,2.86609
1.18,2.53472
1.2,2.2601
1.22,2.05143
1.24,1.9017
1.26,1.79627
1.28,1.71943
1.3,1.66191
1.32,1.62543
1.34,1.61921
1.36,1.65332
1.38,1.7347
1.4,1.86468
1.42,2.03372
1.44,2.21246
1.46,2.34732
1.48,2.37855
1.5,2.2814
1.52,2.0874
1.54,1.85643
1.56,1.63724
1.58,1.45421
1.6,1.31397
1.62,1.21507
1.64,1.15405
1.66,1.12817
1.68,1.13634
1.7,1.1789
1.72,1.25637
1.74,1.36634
1.76,1.49759
1.78,1.62318
1.8,1.70117
1.82,1.69475
1.84,1.6009
1.86,1.45294
1.88,1.29327
1.9,1.15069
1.92,1.03754
1.94,0.956238
1.96,0.905424
1.98,0.883271
2,0.888746
2.02,0.921525
2.04,0.980647
2.06,1.06138
2.08,1.15035
2.1,1.22223
2.12,1.2467
2.14,1.20813
2.16,1.11897
2.18,1.00865
2.2,0.903139
2.22,0.816509
2.24,0.753482
2.26,0.714352
2.28,0.698213
2.3,0.704283
2.32,0.731795
2.34,0.778525
2.36,0.837775
2.38,0.894887
2.4,0.928012
2.42,0.918832
2.44,0.866869
2.46,0.789687
2.48,0.708679
2.5,0.638081
2.52,0.583975
2.54,0.54769
2.56,0.528803
2.58,0.52663
2.6,0.540462
2.62,0.568717
2.64,0.60694
2.66,0.645277
2.68,0.6685
2.7,0.662846
2.72,0.626418
2.74,0.570647
2.76,0.510757
2.78,0.457343
2.8,0.415084
2.82,0.385022
2.84,0.36674
2.86,0.359455
2.88,0.362142
2.9,0.372874
2.92,0.387527
2.94,0.398842
2.96,0.398194
2.98,0.380881
3,0.349868
3.02,0.312864
3.04,0.276739
3.06,0.2451
3.08,0.218934
3.1,0.197927
3.12,0.181351
3.14,0.168459
3.16,0.158603
3.18,0.151185
3.2,0.145514
3.22,0.140675
3.24,0.135597
3.26,0.129523
3.28,0.122469
3.3,0.115066
3.32,0.107987
3.34,0.101609
3.36,0.0960273
3.38,0.0911876
3.4,0.086985
3.42,0.0833123
3.44,0.0800776
3.46,0.077208
3.48,0.0746477
3.5,0.0723554
3.52,0.0703011
3.54,0.068462
3.56,0.0668173
3.58,0.0653378
3.6,0.0639723
3.62,0.0626397
3.64,0.061251
3.66,0.0597635
3.68,0.0582098
3.7,0.0566621
3.72,0.0551797
3.74,0.05379
3.76,0.0524964
3.78,0.0512914
3.8,0.0501643
3.82,0.0491047
3.84,0.0481035
3.86,0.0471535
3.88,0.0462488
3.9,0.0453846
3.92,0.0445571
3.94,0.0437632
3.96,0.0430002
3.98,0.0422661
4,0.0415591
