0,9.23816
0.02,10.4619
0.04,11.7991
0.06,13.1973
0.08,14.5623
0.1,15.759
0.12,16.6309
0.14,17.0447
0.16,16.9408
0.18,16.3606
0.2,15.4294
0.22,14.3071
0.24,13.1414
0.26,12.0414
0.28,11.0741
0.3,10.2726
0.32,9.64746
0.34,9.19509
0.36,8.90255
0.38,8.74867
0.4,8.70238
0.42,8.72038
0.44,8.7473
0.46,8.72213
0.48,8.59242
0.5,8.33102
0.52,7.94522
0.54,7.47131
0.56,6.95869
0.58,6.45381
0.6,5.99122
0.62,5.59204
0.64,5.2666
0.66,5.01792
0.68,4.84445
0.7,4.74142
0.72,4.70072
0.74,4.70978
0.76,4.75002
0.78,4.79613
0.8,4.81839
0.82,4.78892
0.84,4.69049
0.86,4.52291
0.88,4.30231
0.9,4.05399
0.92,3.80364
0.94,3.57159
0.96,3.37116
0.98,3.20955
1,3.08972
1.02,3.01173
1.04,2.97356
1.06,2.97095
1.08,2.99668
1.1,3.03959
1.12,3.08417
1.14,3.11205
1.16,3.10597
1.18,3.0554
1.2,2.96055
1.22,2.83201
1.24,2.68616
1.26,2.53961
1.28,2.40557
1.3,2.29273
1.32,2.20583
1.34,2.14664
1.36,2.11479
1.38,2.10802
1.4,2.12187
1.42,2.14916
1.44,2.17972
1.46,2.20121
1.48,2.20168
1.5,2.17332
1.52,2.11545
1.54,2.03462
1.56,1.94179
1.58,1.84844
1.6,1.76394
1.62,1.69457
1.64,1.64371
1.66,1.61246
1.68,1.59999
1.7,1.60363
1.72,1.6186
1.74,1.63786
1.76,1.65266
1.78,1.65425
1.8,1.63649
1.82,1.59826
1.84,1.54371
1.86,1.48048
1.88,1.41691
1.9,1.35996
1.92,1.31428
1.94,1.28228
1.96,1.26437
1.98,1.25919
2,1.26356
2.02,1.27252
2.04,1.27972
2.06,1.27863
2.08,1.26451
2.1,1.23619
2.12,1.19641
2.14,1.1506
2.16,1.10486
2.18,1.06431
2.2,1.03239
2.22,1.01075
2.24,0.999407
2.26,0.996831
2.28,0.999963
2.3,1.00438
2.32,1.00493
2.34,0.997033
2.36,0.978252
2.38,0.949209
2.4,0.913215
2.42,0.874883
2.44,0.838639
2.46,0.807816
2.48,0.784399
2.5,0.769107
2.52,0.76152
2.54,0.760113
2.56,0.762247
2.58,0.764323
2.6,0.76236
2.62,0.753062
2.64,0.734975
2.66,0.709012
2.68,0.677968
2.7,0.645379
2.72,0.614449
2.74,0.587472
2.76,0.565722
2.78,0.549562
2.8,0.538564
2.82,0.531561
2.84,0.526687
2.86,0.521539
2.88,0.513626
2.9,0.501069
2.92,0.483243
2.94,0.460941
2.96,0.43593
2.98,0.410231
3,0.385527
3.02,0.362903
3.04,0.342841
3.06,0.325328
3.08,0.309985
3.1,0.296195
3.12,0.283262
3.14,0.270592
3.16,0.257856
3.18,0.245039
3.2,0.232361
3.22,0.220129
3.24,0.208605
3.26,0.197951
3.28,0.188228
3.3,0.179422
3.32,0.171473
3.34,0.164303
3.36,0.15783
3.38,0.151974
3.4,0.146663
3.42,0.141832
3.44,0.137424
3.46,0.133386
3.48,0.129666
3.5,0.126209
3.52,0.12296
3.54,0.119863
3.56,0.116871
3.58,0.113956
3.6,0.11111
3.62,0.108341
3.64,0.105667
3.66,0.103102
3.68,0.100655
3.7,0.098328
3.72,0.0961183
3.74,0.0940197
3.76,0.0920248
3.78,0.0901257
3.8,0.0883149
3.82,0.0865852
3.84,0.0849304
3.86,0.0833448
3.88,0.0818232
3.9,0.0803609
3.92,0.0789536
3.94,0.077597
3.96,0.0762869
3.98,0.0750189
4,0.0737892
