0,9.23776
0.02,10.4614
0.04,11.7987
0.06,13.1968
0.08,14.5619
0.1,15.7587
0.12,16.6308
0.14,17.0447
0.16,16.9409
0.18,16.3609
0.2,15.4297
0.22,14.3073
0.24,13.1415
0.26,12.0414
0.28,11.0739
0.3,10.2722
0.32,9.64692
0.34,9.1944
0.36,8.90178
0.38,8.74796
0.4,8.70195
0.42,8.72051
0.44,8.74831
0.46,8.72426
0.48,8.59569
0.5,8.33518
0.52,7.94976
0.54,7.47562
0.56,6.96222
0.58,6.45612
0.6,5.99203
0.62,5.59116
0.64,5.26393
0.66,5.0134
0.68,4.83811
0.7,4.73342
0.72,4.69145
0.74,4.69998
0.76,4.74085
0.78,4.78919
0.8,4.81542
0.82,4.79131
0.84,4.69872
0.86,4.53634
0.88,4.31946
0.9,4.07304
0.92,3.82285
0.94,3.58938
0.96,3.3859
0.98,3.21933
1,3.09217
1.02,3.00434
1.04,2.95427
1.06,2.93919
1.08,2.95442
1.1,2.99215
1.12,3.04029
1.14,3.08244
1.16,3.10019
1.18,3.07808
1.2,3.00907
1.22,2.89738
1.24,2.75636
1.26,2.60314
1.28,2.45348
1.3,2.31907
1.32,2.20715
1.34,2.12146
1.36,2.06335
1.38,2.03259
1.4,2.02763
1.42,2.04536
1.44,2.08048
1.46,2.12472
1.48,2.16668
1.5,2.19307
1.52,2.19188
1.54,2.15646
1.56,2.08812
1.58,1.99539
1.6,1.89046
1.62,1.78524
1.64,1.68898
1.66,1.60764
1.68,1.54448
1.7,1.50086
1.72,1.47693
1.74,1.47186
1.76,1.48382
1.78,1.50952
1.8,1.54364
1.82,1.57851
1.84,1.60465
1.86,1.61266
1.88,1.59617
1.9,1.55431
1.92,1.49197
1.94,1.41766
1.96,1.34049
1.98,1.26798
2,1.20525
2.02,1.15526
2.04,1.11938
2.06,1.09793
2.08,1.09048
2.1,1.09588
2.12,1.11194
2.14,1.1351
2.16,1.1601
2.18,1.18019
2.2,1.18837
2.22,1.17939
2.24,1.15178
2.26,1.10834
2.28,1.05493
2.3,0.998232
2.32,0.944017
2.34,0.896344
2.36,0.857619
2.38,0.828991
2.4,0.810755
2.42,0.802579
2.44,0.803532
2.46,0.811913
2.48,0.824988
2.5,0.838841
2.52,0.848639
2.54,0.84959
2.56,0.838423
2.58,0.814625
2.6,0.780589
2.62,0.74054
2.64,0.699018
2.66,0.659765
2.68,0.62531
2.7,0.597062
2.72,0.575592
2.74,0.560875
2.76,0.552406
2.78,0.549184
2.8,0.5496
2.82,0.551348
2.84,0.551558
2.86,0.54729
2.88,0.536379
2.9,0.518194
2.92,0.493823
2.94,0.465519
2.96,0.435823
2.98,0.406863
3,0.380066
3.02,0.356178
3.04,0.335431
3.06,0.317697
3.08,0.302605
3.1,0.289604
3.12,0.27802
3.14,0.267146
3.16,0.256376
3.18,0.245353
3.2,0.234034
3.22,0.222625
3.24,0.211442
3.26,0.200776
3.28,0.190824
3.3,0.181677
3.32,0.173347
3.34,0.165793
3.36,0.15895
3.38,0.152746
3.4,0.147107
3.42,0.141966
3.44,0.137264
3.46,0.132951
3.48,0.128982
3.5,0.12532
3.52,0.12193
3.54,0.118782
3.56,0.115844
3.58,0.113085
3.6,0.11047
3.62,0.107963
3.64,0.105535
3.66,0.103166
3.68,0.10085
3.7,0.0985931
3.72,0.0964051
3.74,0.0942968
3.76,0.0922744
3.78,0.0903399
3.8,0.0884914
3.82,0.0867252
3.84,0.085036
3.86,0.0834186
3.88,0.0818676
3.9,0.0803781
3.92,0.0789457
3.94,0.0775662
3.96,0.0762361
3.98,0.0749521
4,0.0737112
