0,4.60582
0.02,4.44806
0.04,4.02221
0.06,3.47719
0.08,2.93916
0.1,2.47256
0.12,2.09445
0.14,1.79888
0.16,1.5725
0.18,1.40178
0.2,1.27542
0.22,1.18477
0.24,1.12352
0.26,1.08733
0.28,1.07347
0.3,1.08055
0.32,1.10836
0.34,1.15788
0.36,1.23131
0.38,1.33228
0.4,1.46616
0.42,1.64054
0.44,1.86581
0.46,2.15588
0.48,2.52866
0.5,3.00567
0.52,3.60859
0.54,4.34916
0.56,5.20597
0.58,6.08718
0.6,6.80398
0.62,7.121
0.64,6.90999
0.66,6.26175
0.68,5.4051
0.7,4.54411
0.72,3.78542
0.74,3.15647
0.76,2.6464
0.78,2.23468
0.8,1.90291
0.82,1.63619
0.84,1.42202
0.86,1.24985
0.88,1.11112
0.9,0.99907
0.92,0.908508
0.94,0.835513
0.96,0.777166
0.98,0.731334
1,0.696518
1.02,0.671748
1.04,0.65652
1.06,0.65078
1.08,0.65493
1.1,0.669892
1.12,0.697194
1.14,0.739113
1.16,0.798841
1.18,0.88063
1.2,0.989758
1.22,1.13196
1.24,1.3115
1.26,1.52676
1.28,1.76228
1.3,1.98003
1.32,2.12202
1.34,2.13978
1.36,2.03408
1.38,1.8554
1.4,1.66307
1.42,1.49207
1.44,1.34824
1.46,1.21971
1.48,1.09321
1.5,0.965941
1.52,0.844619
1.54,0.736921
1.56,0.646451
1.58,0.57302
1.6,0.514596
1.62,0.468738
1.64,0.433251
1.66,0.40639
1.68,0.38688
1.7,0.373897
1.72,0.367046
1.74,0.366327
1.76,0.372106
1.78,0.385134
1.8,0.4066
1.82,0.438186
1.84,0.482047
1.86,0.540552
1.88,0.615407
1.9,0.705608
1.92,0.803916
1.94,0.893637
1.96,0.951199
1.98,0.958589
2,0.916976
2.02,0.846078
2.04,0.769909
2.06,0.704091
2.08,0.652448
2.1,0.609623
2.12,0.566643
2.14,0.51797
2.16,0.465162
2.18,0.413824
2.2,0.368705
2.22,0.33189
2.24,0.303507
2.26,0.282869
2.28,0.269197
2.3,0.26194
2.32,0.260901
2.34,0.266259
2.36,0.278532
2.38,0.298425
2.4,0.326414
2.42,0.361784
2.44,0.401011
2.46,0.436339
2.48,0.457337
2.5,0.457316
2.52,0.439107
2.54,0.412304
2.56,0.385332
2.58,0.361103
2.6,0.338285
2.62,0.315274
2.64,0.292766
2.66,0.272793
2.68,0.256388
2.7,0.242765
2.72,0.230447
2.74,0.219009
2.76,0.209563
2.78,0.203678
2.8,0.202192
2.82,0.204585
2.84,0.208611
2.86,0.21046
2.88,0.206429
2.9,0.195593
2.92,0.180476
2.94,0.164803
2.96,0.151208
2.98,0.140625
3,0.132621
3.02,0.125841
3.04,0.11868
3.06,0.110238
3.08,0.100824
3.1,0.0914077
3.12,0.082801
3.14,0.0753605
3.16,0.0691031
3.18,0.0638924
3.2,0.0595553
3.22,0.0559305
3.24,0.0528785
3.26,0.050274
3.28,0.0479956
3.3,0.0459304
3.32,0.0440016
3.34,0.0421904
3.36,0.0405183
3.38,0.0390098
3.4,0.0376741
3.42,0.0365037
3.44,0.0354763
3.46,0.0345501
3.48,0.0336627
3.5,0.0327497
3.52,0.0317819
3.54,0.0307833
3.56,0.0298029
3.58,0.0288797
3.6,0.0280305
3.62,0.0272567
3.64,0.026551
3.66,0.0259015
3.68,0.0252925
3.7,0.0247069
3.72,0.024133
3.74,0.02357
3.76,0.0230242
3.78,0.0225024
3.8,0.0220073
3.82,0.0215388
3.84,0.0210949
3.86,0.0206734
3.88,0.0202723
3.9,0.0198897
3.92,0.019524
3.94,0.0191736
3.96,0.0188364
3.98,0.0185098
4,0.0181911
