0,4.60582
0.02,4.44806
0.04,4.02221
0.06,3.47719
0.08,2.93917
0.1,2.47256
0.12,2.09446
0.14,1.79888
0.16,1.5725
0.18,1.40178
0.2,1.27543
0.22,1.18477
0.24,1.12352
0.26,1.08733
0.28,1.07348
0.3,1.08055
0.32,1.10836
0.34,1.15788
0.36,1.23131
0.38,1.33228
0.4,1.46616
0.42,1.64054
0.44,1.86581
0.46,2.15588
0.48,2.52867
0.5,3.00567
0.52,3.6086
0.54,4.34917
0.56,5.20598
0.58,6.08719
0.6,6.80399
0.62,7.121
0.64,6.90997
0.66,6.26173
0.68,5.40508
0.7,4.54409
0.72,3.7854
0.74,3.15645
0.76,2.64638
0.78,2.23466
0.8,1.9029
0.82,1.63619
0.84,1.42201
0.86,1.24985
0.88,1.11112
0.9,0.999066
0.92,0.908504
0.94,0.835509
0.96,0.777162
0.98,0.73133
1,0.696513
1.02,0.671742
1.04,0.656513
1.06,0.65077
1.08,0.654919
1.1,0.669877
1.12,0.697177
1.14,0.739098
1.16,0.798838
1.18,0.880668
1.2,0.989901
1.22,1.13231
1.24,1.31215
1.26,1.52741
1.28,1.76172
1.3,1.97671
1.32,2.11714
1.34,2.13857
1.36,2.03975
1.38,1.86431
1.4,1.66873
1.42,1.491
1.44,1.3418
1.46,1.21232
1.48,1.08875
1.5,0.965353
1.52,0.846568
1.54,0.739765
1.56,0.649168
1.58,0.575183
1.6,0.516101
1.62,0.469614
1.64,0.433576
1.66,0.40627
1.68,0.386446
1.7,0.373286
1.72,0.366364
1.74,0.365615
1.76,0.371342
1.78,0.384243
1.8,0.405468
1.82,0.436666
1.84,0.480002
1.86,0.537969
1.88,0.612658
1.9,0.703841
1.92,0.805306
1.94,0.900569
1.96,0.963655
1.98,0.972209
2,0.925648
2.02,0.846157
2.04,0.760992
2.06,0.687907
2.08,0.632666
2.1,0.592054
2.12,0.557506
2.14,0.520027
2.16,0.475916
2.18,0.428244
2.2,0.382713
2.22,0.343423
2.24,0.311937
2.26,0.288215
2.28,0.271634
2.3,0.261583
2.32,0.257709
2.34,0.260022
2.36,0.268903
2.38,0.285068
2.4,0.309386
2.42,0.342378
2.44,0.383128
2.46,0.427503
2.48,0.466681
2.5,0.488597
2.52,0.48417
2.54,0.454184
2.56,0.408892
2.58,0.360533
2.6,0.317326
2.62,0.28276
2.64,0.257447
2.66,0.240838
2.68,0.232092
2.7,0.230215
2.72,0.233677
2.74,0.239705
2.76,0.244018
2.78,0.24226
2.8,0.232897
2.82,0.218289
2.84,0.202368
2.86,0.188018
2.88,0.176586
2.9,0.16856
2.92,0.163884
2.94,0.161646
2.96,0.159777
2.98,0.155548
3,0.147184
3.02,0.135185
3.04,0.121661
3.06,0.108644
3.08,0.0972297
3.1,0.0877053
3.12,0.079937
3.14,0.0736342
3.16,0.0684633
3.18,0.0640878
3.2,0.0602163
3.22,0.0566725
3.24,0.0534154
3.26,0.0504712
3.28,0.0478595
3.3,0.0455711
3.32,0.0435782
3.34,0.0418482
3.36,0.0403501
3.38,0.0390529
3.4,0.0379173
3.42,0.0368851
3.44,0.0358793
3.46,0.0348332
3.48,0.0337324
3.5,0.0326185
3.52,0.0315481
3.54,0.0305579
3.56,0.0296584
3.58,0.0288407
3.6,0.0280834
3.62,0.0273603
3.64,0.0266531
3.66,0.02596
3.68,0.0252915
3.7,0.0246582
3.72,0.0240647
3.74,0.0235101
3.76,0.0229901
3.78,0.0224984
3.8,0.0220278
3.82,0.0215725
3.84,0.0211308
3.86,0.0207041
3.88,0.0202942
3.9,0.0199019
3.92,0.0195267
3.94,0.0191677
3.96,0.0188237
3.98,0.0184935
4,0.0181758
