0,13.6248
0.02,16.5255
0.04,20.0348
0.06,24.0099
0.08,27.9606
0.1,30.9741
0.12,32.0437
0.14,30.7896
0.16,27.8033
0.18,24.1403
0.2,20.6443
0.22,17.7327
0.24,15.5187
0.26,13.9765
0.28,13.042
0.3,12.6514
0.32,12.7398
0.34,13.2067
0.36,13.8572
0.38,14.3663
0.4,14.3642
0.42,13.6683
0.44,12.4255
0.46,10.9707
0.48,9.59266
0.5,8.44152
0.52,7.56122
0.54,6.94566
0.56,6.5751
0.58,6.43156
0.6,6.49973
0.62,6.75594
0.64,7.14483
0.66,7.55147
0.68,7.803
0.7,7.74138
0.72,7.33102
0.74,6.68234
0.76,5.96346
0.78,5.30537
0.8,4.77361
0.82,4.38698
0.84,4.14311
0.86,4.034
0.88,4.05134
0.9,4.18412
0.92,4.40931
0.94,4.67597
0.96,4.89365
0.98,4.95505
1,4.80405
1.02,4.48174
1.04,4.08649
1.06,3.70427
1.08,3.38337
1.1,3.14519
1.12,2.9981
1.14,2.94425
1.16,2.98175
1.18,3.102
1.2,3.28069
1.22,3.46566
1.24,3.5779
1.26,3.54752
1.28,3.36665
1.3,3.09534
1.32,2.81198
1.34,2.57096
1.36,2.3964
1.38,2.29332
1.4,2.25771
1.42,2.28178
1.44,2.35644
1.46,2.47027
1.48,2.60122
1.5,2.70642
1.52,2.73071
1.54,2.64315
1.56,2.46522
1.58,2.25262
1.6,2.0564
1.62,1.90538
1.64,1.81043
1.66,1.77347
1.68,1.79255
1.7,1.86162
1.72,1.96553
1.74,2.073
1.76,2.13785
1.78,2.12064
1.8,2.01889
1.82,1.8688
1.84,1.71605
1.86,1.59211
1.88,1.51144
1.9,1.47792
1.92,1.48962
1.94,1.53888
1.96,1.60846
1.98,1.66855
2,1.6849
2.02,1.64062
2.04,1.55028
2.06,1.44703
2.08,1.36014
2.1,1.3055
2.12,1.28713
2.14,1.29974
2.16,1.3286
2.18,1.35069
2.2,1.34432
2.22,1.30465
2.24,1.24733
2.26,1.19492
2.28,1.16257
2.3,1.15295
2.32,1.15649
2.34,1.15515
2.36,1.13258
2.38,1.08679
2.4,1.03132
2.42,0.983833
2.44,0.956234
2.46,0.952111
2.48,0.966897
2.5,0.987678
2.52,0.995716
2.54,0.976276
2.56,0.929924
2.58,0.871507
2.6,0.818344
2.62,0.781769
2.64,0.766157
2.66,0.770306
2.68,0.787437
2.7,0.804529
2.72,0.805348
2.74,0.779861
2.76,0.73207
2.78,0.675935
2.8,0.625038
2.82,0.587241
2.84,0.565119
2.86,0.557541
2.88,0.559975
2.9,0.564081
2.92,0.559392
2.94,0.539018
2.96,0.504778
2.98,0.465003
3,0.427965
3.02,0.398118
3.04,0.37599
3.06,0.359125
3.08,0.343227
3.1,0.324297
3.12,0.301172
3.14,0.275824
3.16,0.251154
3.18,0.229083
3.2,0.210269
3.22,0.194596
3.24,0.181656
3.26,0.171004
3.28,0.162243
3.3,0.155025
3.32,0.149002
3.34,0.143761
3.36,0.138818
3.38,0.133775
3.4,0.128528
3.42,0.12327
3.44,0.11827
3.46,0.113695
3.48,0.109596
3.5,0.105954
3.52,0.102724
3.54,0.099857
3.56,0.0972975
3.58,0.0949752
3.6,0.0927923
3.62,0.0906359
3.64,0.0884309
3.66,0.0861848
3.68,0.0839653
3.7,0.0818391
3.72,0.0798405
3.74,0.0779757
3.76,0.0762365
3.78,0.0746101
3.8,0.0730838
3.82,0.0716465
3.84,0.0702876
3.86,0.0689957
3.88,0.0677563
3.9,0.0665529
3.92,0.0653736
3.94,0.0642169
3.96,0.0630892
3.98,0.0619978
4,0.060946
