0,5.56473
0.02,5.38365
0.04,4.88378
0.06,4.24296
0.08,3.61191
0.1,3.06777
0.12,2.63127
0.14,2.29572
0.16,2.04579
0.18,1.86605
0.2,1.74393
0.22,1.67029
0.24,1.63918
0.26,1.64747
0.28,1.69462
0.3,1.78259
0.32,1.91606
0.34,2.10274
0.36,2.35406
0.38,2.68586
0.4,3.11895
0.42,3.67847
0.44,4.38975
0.46,5.26594
0.48,6.28008
0.5,7.32066
0.52,8.16111
0.54,8.52263
0.56,8.25812
0.58,7.48059
0.6,6.46185
0.62,5.44015
0.64,4.53796
0.66,3.78706
0.68,3.17747
0.7,2.68814
0.72,2.2979
0.74,1.98778
0.76,1.74155
0.78,1.54604
0.8,1.39098
0.82,1.26858
0.84,1.17312
0.86,1.10049
0.88,1.04793
0.9,1.01375
0.92,0.997324
0.94,0.998953
0.96,1.02
0.98,1.06298
1,1.13177
1.02,1.23172
1.04,1.36955
1.06,1.55229
1.08,1.78419
1.1,2.05965
1.12,2.35156
1.14,2.60242
1.16,2.73776
1.18,2.71292
1.2,2.55154
1.22,2.32327
1.24,2.08876
1.26,1.87197
1.28,1.66952
1.3,1.47418
1.32,1.28869
1.34,1.1219
1.36,0.980156
1.38,0.864523
1.4,0.77265
1.42,0.701024
1.44,0.646288
1.46,0.605741
1.48,0.57743
1.5,0.560105
1.52,0.55316
1.54,0.556632
1.56,0.571282
1.58,0.59867
1.6,0.641152
1.62,0.70173
1.64,0.783538
1.66,0.888361
1.68,1.01331
1.7,1.14546
1.72,1.25816
1.74,1.31851
1.76,1.30929
1.78,1.2439
1.8,1.15314
1.82,1.06082
1.84,0.974457
1.86,0.891625
1.88,0.809225
1.9,0.727238
1.92,0.648512
1.94,0.577245
1.96,0.516781
1.98,0.468418
2,0.431815
2.02,0.405966
2.04,0.389897
2.06,0.383021
2.08,0.385272
2.1,0.397135
2.12,0.419601
2.14,0.453931
2.16,0.500989
2.18,0.559703
2.2,0.624411
2.22,0.682455
2.24,0.716533
2.26,0.715173
2.28,0.682723
2.3,0.635554
2.32,0.589207
2.34,0.550506
2.36,0.517587
2.38,0.484468
2.4,0.447267
2.42,0.407515
2.44,0.369918
2.46,0.338526
2.48,0.315331
2.5,0.30087
2.52,0.295125
2.54,0.29803
2.56,0.309471
2.58,0.328752
2.6,0.353429
2.62,0.377887
2.64,0.39349
2.66,0.392699
2.68,0.375
2.7,0.347432
2.72,0.318951
2.74,0.295653
2.76,0.27992
2.78,0.27128
2.8,0.267021
2.82,0.262788
2.84,0.254425
2.86,0.240712
2.88,0.224036
2.9,0.208073
2.92,0.195407
2.94,0.186804
2.96,0.181366
2.98,0.176823
3,0.170374
3.02,0.160353
3.04,0.147364
3.06,0.133445
3.08,0.120451
3.1,0.109322
3.12,0.100242
3.14,0.0929761
3.16,0.08707
3.18,0.0819668
3.2,0.0771701
3.22,0.0724523
3.24,0.0678853
3.26,0.0636525
3.28,0.0598754
3.3,0.0565773
3.32,0.0537225
3.34,0.0512552
3.36,0.0491209
3.38,0.047274
3.4,0.0456758
3.42,0.0442882
3.44,0.0430609
3.46,0.0419208
3.48,0.0407803
3.5,0.0395791
3.52,0.0383229
3.54,0.037068
3.56,0.0358722
3.58,0.0347674
3.6,0.0337618
3.62,0.0328505
3.64,0.032022
3.66,0.0312606
3.68,0.030545
3.7,0.0298512
3.72,0.0291623
3.74,0.0284777
3.76,0.0278087
3.78,0.0271671
3.8,0.0265588
3.82,0.0259842
3.84,0.0254413
3.86,0.0249269
3.88,0.0244383
3.9,0.0239728
3.92,0.0235283
3.94,0.023103
3.96,0.0226949
3.98,0.0223015
4,0.0219199
