0,5.56473
0.02,5.38365
0.04,4.88379
0.06,4.24296
0.08,3.61191
0.1,3.06777
0.12,2.63127
0.14,2.29572
0.16,2.04579
0.18,1.86605
0.2,1.74393
0.22,1.67029
0.24,1.63918
0.26,1.64747
0.28,1.69462
0.3,1.78259
0.32,1.91606
0.34,2.10274
0.36,2.35406
0.38,2.68586
0.4,3.11896
0.42,3.67847
0.44,4.38976
0.46,5.26594
0.48,6.28009
0.5,7.32067
0.52,8.16111
0.54,8.52263
0.56,8.25812
0.58,7.48058
0.6,6.46184
0.62,5.44014
0.64,4.53795
0.66,3.78706
0.68,3.17747
0.7,2.68814
0.72,2.2979
0.74,1.98778
0.76,1.74155
0.78,1.54604
0.8,1.39098
0.82,1.26858
0.84,1.17312
0.86,1.10049
0.88,1.04792
0.9,1.01375
0.92,0.997312
0.94,0.998938
0.96,1.01998
0.98,1.06296
1,1.13175
1.02,1.23171
1.04,1.36959
1.06,1.55246
1.08,1.78463
1.1,2.06042
1.12,2.35236
1.14,2.6021
1.16,2.73505
1.18,2.70853
1.2,2.54871
1.22,2.32502
1.24,2.09495
1.26,1.87913
1.28,1.67359
1.3,1.47366
1.32,1.28491
1.34,1.11698
1.36,0.975569
1.38,0.86093
1.4,0.770229
1.42,0.699768
1.44,0.646164
1.46,0.606756
1.48,0.579662
1.5,0.563708
1.52,0.558339
1.54,0.563584
1.56,0.58002
1.58,0.608626
1.6,0.650409
1.62,0.706005
1.64,0.775931
1.66,0.86173
1.68,0.966111
1.7,1.08897
1.72,1.21955
1.74,1.33013
1.76,1.38202
1.78,1.34989
1.8,1.24376
1.82,1.10002
1.84,0.954307
1.86,0.826904
1.88,0.724315
1.9,0.645778
1.92,0.588111
1.94,0.54779
1.96,0.520969
1.98,0.502701
2,0.487032
2.02,0.469208
2.04,0.448552
2.06,0.428367
2.08,0.412998
2.1,0.405653
2.12,0.408264
2.14,0.422203
2.16,0.448827
2.18,0.489485
2.2,0.544726
2.22,0.612275
2.24,0.683686
2.26,0.741895
2.28,0.765584
2.3,0.742866
2.32,0.681532
2.34,0.602038
2.36,0.522945
2.38,0.454296
2.4,0.399166
2.42,0.357131
2.44,0.326649
2.46,0.306198
2.48,0.294682
2.5,0.291521
2.52,0.296543
2.54,0.309695
2.56,0.330373
2.58,0.356226
2.6,0.381799
2.62,0.398838
2.64,0.400451
2.66,0.386631
2.68,0.364143
2.7,0.340585
2.72,0.31967
2.74,0.300978
2.76,0.282703
2.78,0.264598
2.8,0.248488
2.82,0.236623
2.84,0.230211
2.86,0.228897
2.88,0.230508
2.9,0.231073
2.92,0.226203
2.94,0.213925
2.96,0.196127
2.98,0.17667
3,0.158713
3.02,0.143784
3.04,0.13217
3.06,0.123449
3.08,0.116759
3.1,0.110928
3.12,0.104836
3.14,0.097983
3.16,0.0906799
3.18,0.0835849
3.2,0.0771906
3.22,0.0716849
3.24,0.0670477
3.26,0.0631623
3.28,0.0598735
3.3,0.05701
3.32,0.0544129
3.34,0.0519821
3.36,0.0496989
3.38,0.047591
3.4,0.0456832
3.42,0.0439801
3.44,0.0424714
3.46,0.0411413
3.48,0.039972
3.5,0.0389416
3.52,0.0380155
3.54,0.0371388
3.56,0.0362441
3.58,0.0352861
3.6,0.0342721
3.62,0.0332493
3.64,0.0322649
3.66,0.0313446
3.68,0.0304946
3.7,0.0297113
3.72,0.0289875
3.74,0.0283157
3.76,0.0276891
3.78,0.0271005
3.8,0.0265422
3.82,0.0260054
3.84,0.0254835
3.86,0.0249743
3.88,0.0244802
3.9,0.0240041
3.92,0.0235477
3.94,0.0231108
3.96,0.0226925
3.98,0.0222914
4,0.0219061
