0,1.88323
0.02,2.1661
0.04,2.51371
0.06,2.94507
0.08,3.48516
0.1,4.16611
0.12,5.02692
0.14,6.109
0.16,7.44081
0.18,9.00126
0.2,10.655
0.22,12.0906
0.24,12.8721
0.26,12.6921
0.28,11.6302
0.3,10.0814
0.32,8.45394
0.34,6.98985
0.36,5.77275
0.38,4.79921
0.4,4.03332
0.42,3.43397
0.44,2.965
0.46,2.59763
0.48,2.30997
0.5,2.08579
0.52,1.9133
0.54,1.78415
0.56,1.6927
0.58,1.6356
0.6,1.61149
0.62,1.62095
0.64,1.66661
0.66,1.75333
0.68,1.88856
0.7,2.08244
0.72,2.34724
0.74,2.69456
0.76,3.12777
0.78,3.62577
0.8,4.11982
0.82,4.48407
0.84,4.58176
0.86,4.36327
0.88,3.91027
0.9,3.36476
0.92,2.83814
0.94,2.3835
0.96,2.01252
0.98,1.71768
1,1.48582
1.02,1.30404
1.04,1.16165
1.06,1.05039
1.08,0.964106
1.1,0.898355
1.12,0.850054
1.14,0.817214
1.16,0.798776
1.18,0.794525
1.2,0.805084
1.22,0.831976
1.24,0.877726
1.26,0.945976
1.28,1.04151
1.3,1.16992
1.32,1.33636
1.34,1.54187
1.36,1.77565
1.38,2.00416
1.4,2.16788
1.42,2.20468
1.44,2.0952
1.46,1.88018
1.48,1.62576
1.5,1.38239
1.52,1.17351
1.54,1.00381
1.56,0.869519
1.58,0.764547
1.6,0.683126
1.62,0.620561
1.64,0.573286
1.66,0.538726
1.68,0.51515
1.7,0.501543
1.72,0.497533
1.74,0.503361
1.76,0.519898
1.78,0.548684
1.8,0.591959
1.82,0.652561
1.84,0.733473
1.86,0.836453
1.88,0.958806
1.9,1.08777
1.92,1.19577
1.94,1.24632
1.96,1.21663
1.98,1.11717
2,0.982232
2.02,0.844711
2.04,0.7231
2.06,0.623326
2.08,0.544714
2.1,0.484269
2.12,0.43874
2.14,0.405367
2.16,0.382087
2.18,0.367567
2.2,0.361199
2.22,0.363015
2.24,0.3736
2.26,0.394024
2.28,0.425713
2.3,0.470032
2.32,0.527156
2.34,0.593742
2.36,0.659672
2.38,0.707007
2.4,0.716979
2.42,0.683701
2.44,0.61943
2.46,0.544044
2.48,0.47271
2.5,0.412552
2.52,0.36517
2.54,0.329711
2.56,0.304701
2.58,0.288838
2.6,0.281238
2.62,0.281397
2.64,0.288976
2.66,0.303398
2.68,0.323374
2.7,0.346523
2.72,0.368928
2.74,0.384517
2.76,0.386167
2.78,0.370356
2.8,0.340857
2.82,0.305962
2.84,0.272964
2.86,0.24578
2.88,0.225654
2.9,0.212468
2.92,0.205503
2.94,0.203496
2.96,0.204235
2.98,0.204262
3,0.199764
3.02,0.188851
3.04,0.172903
3.06,0.15511
3.08,0.138167
3.1,0.123402
3.12,0.111105
3.14,0.101073
3.16,0.0929506
3.18,0.0863857
3.2,0.0810629
3.22,0.0766857
3.24,0.0729435
3.26,0.0695217
3.28,0.0661916
3.3,0.0629035
3.32,0.0597498
3.34,0.0568413
3.36,0.0542343
3.38,0.0519326
3.4,0.0499131
3.42,0.0481462
3.44,0.0466033
3.46,0.0452565
3.48,0.0440708
3.5,0.0429924
3.52,0.0419452
3.54,0.0408548
3.56,0.0396942
3.58,0.0384989
3.6,0.0373297
3.62,0.0362317
3.64,0.0352232
3.66,0.0343038
3.68,0.0334625
3.7,0.0326808
3.72,0.0319363
3.74,0.0312099
3.76,0.0304949
3.78,0.0297977
3.8,0.0291279
3.82,0.0284911
3.84,0.0278881
3.86,0.0273168
3.88,0.0267744
3.9,0.0262578
3.92,0.0257643
3.94,0.0252919
3.96,0.0248387
3.98,0.0244032
4,0.0239841
