0,1.88323
0.02,2.16609
0.04,2.5137
0.06,2.94506
0.08,3.48515
0.1,4.16609
0.12,5.0269
0.14,6.10898
0.16,7.44078
0.18,9.00122
0.2,10.6549
0.22,12.0906
0.24,12.8721
0.26,12.6921
0.28,11.6302
0.3,10.0814
0.32,8.45397
0.34,6.98988
0.36,5.77277
0.38,4.79923
0.4,4.03334
0.42,3.43398
0.44,2.96501
0.46,2.59763
0.48,2.30997
0.5,2.08579
0.52,1.91331
0.54,1.78415
0.56,1.6927
0.58,1.6356
0.6,1.61149
0.62,1.62095
0.64,1.6666
0.66,1.75332
0.68,1.88855
0.7,2.08243
0.72,2.34722
0.74,2.69454
0.76,3.12774
0.78,3.62574
0.8,4.1198
0.82,4.48407
0.84,4.58177
0.86,4.3633
0.88,3.91032
0.9,3.36483
0.92,2.83821
0.94,2.38356
0.96,2.01257
0.98,1.71772
1,1.48584
1.02,1.30406
1.04,1.16166
1.06,1.0504
1.08,0.964105
1.1,0.898346
1.12,0.850037
1.14,0.817187
1.16,0.798737
1.18,0.794474
1.2,0.805025
1.22,0.831925
1.24,0.877728
1.26,0.94613
1.28,1.04197
1.3,1.17082
1.32,1.33749
1.34,1.54242
1.36,1.77459
1.38,2.00144
1.4,2.16507
1.42,2.20365
1.44,2.09638
1.46,1.88257
1.48,1.62811
1.5,1.38395
1.52,1.17406
1.54,1.0035
1.56,0.868688
1.58,0.763532
1.6,0.682152
1.62,0.619731
1.64,0.572619
1.66,0.538208
1.68,0.514755
1.7,0.501245
1.72,0.497313
1.74,0.503207
1.76,0.519813
1.78,0.548704
1.8,0.592182
1.82,0.65319
1.84,0.734821
1.86,0.838821
1.88,0.962153
1.9,1.09131
1.92,1.1979
1.94,1.24543
1.96,1.21248
1.98,1.11115
2,0.976226
2.02,0.840061
2.04,0.720427
2.06,0.62278
2.08,0.54617
2.1,0.487367
2.12,0.44286
2.14,0.409751
2.16,0.38612
2.18,0.370997
2.2,0.364077
2.22,0.365505
2.24,0.375819
2.26,0.395905
2.28,0.426796
2.3,0.469136
2.32,0.522182
2.34,0.582462
2.36,0.642409
2.38,0.689369
2.4,0.707601
2.42,0.687077
2.44,0.632715
2.46,0.561161
2.48,0.488939
2.5,0.425621
2.52,0.374431
2.54,0.335202
2.56,0.306606
2.58,0.287267
2.6,0.276181
2.62,0.272823
2.64,0.277096
2.66,0.289128
2.68,0.308776
2.7,0.334629
2.72,0.36253
2.74,0.384769
2.76,0.392495
2.78,0.381521
2.8,0.355443
2.82,0.321913
2.84,0.28757
2.86,0.256527
2.88,0.230897
2.9,0.211442
2.92,0.198098
2.94,0.190348
2.96,0.187275
2.98,0.187239
3,0.187508
3.02,0.184651
3.04,0.176317
3.06,0.162936
3.08,0.147094
3.1,0.131431
3.12,0.117452
3.14,0.105608
3.16,0.0957915
3.18,0.087694
3.2,0.080987
3.22,0.0753858
3.24,0.0706636
3.26,0.066646
3.28,0.0632016
3.3,0.0602328
3.32,0.0576678
3.34,0.0554547
3.36,0.053554
3.38,0.05193
3.4,0.0505342
3.42,0.0492855
3.44,0.0480616
3.46,0.0467374
3.48,0.0452626
3.5,0.0436951
3.52,0.0421409
3.54,0.0406815
3.56,0.0393523
3.58,0.0381551
3.6,0.0370737
3.62,0.0360818
3.64,0.0351501
3.66,0.0342563
3.68,0.0333938
3.7,0.0325694
3.72,0.0317914
3.74,0.0310633
3.76,0.0303832
3.78,0.0297444
3.8,0.0291366
3.82,0.0285481
3.84,0.0279705
3.86,0.0274035
3.88,0.026852
3.9,0.0263212
3.92,0.0258131
3.94,0.0253276
3.96,0.0248631
3.98,0.0244178
4,0.0239901
