0,4.18139
0.02,4.24522
0.04,4.27665
0.06,4.2817
0.08,4.26874
0.1,4.24725
0.12,4.22666
0.14,4.21541
0.16,4.22048
0.18,4.24717
0.2,4.29905
0.22,4.37803
0.24,4.4843
0.26,4.61625
0.28,4.77026
0.3,4.94045
0.32,5.11849
0.34,5.29362
0.36,5.45313
0.38,5.58334
0.4,5.67122
0.42,5.70627
0.44,5.68234
0.46,5.59878
0.48,5.46039
0.5,5.2765
0.52,5.05915
0.54,4.82124
0.56,4.57493
0.58,4.33061
0.6,4.09644
0.62,3.87834
0.64,3.68026
0.66,3.50451
0.68,3.35218
0.7,3.2234
0.72,3.11759
0.74,3.03362
0.76,2.96981
0.78,2.92398
0.8,2.89333
0.82,2.87442
0.84,2.86317
0.86,2.85497
0.88,2.84497
0.9,2.82849
0.92,2.80157
0.94,2.76149
0.96,2.70711
0.98,2.63889
1,2.55874
1.02,2.46953
1.04,2.37469
1.06,2.27772
1.08,2.1819
1.1,2.09004
1.12,2.00443
1.14,1.92673
1.16,1.85809
1.18,1.79915
1.2,1.75014
1.22,1.71092
1.24,1.681
1.26,1.65956
1.28,1.64541
1.3,1.63702
1.32,1.6325
1.34,1.62967
1.36,1.62619
1.38,1.6198
1.4,1.60856
1.42,1.59108
1.44,1.56672
1.46,1.53558
1.48,1.49844
1.5,1.45658
1.52,1.41161
1.54,1.36525
1.56,1.31918
1.58,1.27492
1.6,1.23377
1.62,1.19669
1.64,1.16437
1.66,1.13716
1.68,1.11514
1.7,1.0981
1.72,1.08554
1.74,1.07672
1.76,1.07067
1.78,1.06621
1.8,1.06209
1.82,1.05704
1.84,1.04992
1.86,1.03987
1.88,1.02636
1.9,1.00924
1.92,0.988781
1.94,0.965562
1.96,0.940438
1.98,0.914406
2,0.8885
2.02,0.863672
2.04,0.840714
2.06,0.8202
2.08,0.802457
2.1,0.787558
2.12,0.775332
2.14,0.765383
2.16,0.757125
2.18,0.749838
2.2,0.742755
2.22,0.735152
2.24,0.726462
2.26,0.716342
2.28,0.704704
2.3,0.691685
2.32,0.677575
2.34,0.66273
2.36,0.647505
2.38,0.632214
2.4,0.617125
2.42,0.602476
2.44,0.588477
2.46,0.57531
2.48,0.563099
2.5,0.551887
2.52,0.541603
2.54,0.532055
2.56,0.522945
2.58,0.513909
2.6,0.504583
2.62,0.494672
2.64,0.484015
2.66,0.472611
2.68,0.460611
2.7,0.448272
2.72,0.435894
2.74,0.423745
2.76,0.412017
2.78,0.400793
2.8,0.390043
2.82,0.379642
2.84,0.369408
2.86,0.359147
2.88,0.348702
2.9,0.337988
2.92,0.327004
2.94,0.315826
2.96,0.304578
2.98,0.293398
3,0.282404
3.02,0.271683
3.04,0.261277
3.06,0.251195
3.08,0.24143
3.1,0.231969
3.12,0.222808
3.14,0.213956
3.16,0.205438
3.18,0.19728
3.2,0.18951
3.22,0.182151
3.24,0.175213
3.26,0.168697
3.28,0.162594
3.3,0.156885
3.32,0.151549
3.34,0.146557
3.36,0.14188
3.38,0.137487
3.4,0.133351
3.42,0.129446
3.44,0.125748
3.46,0.122239
3.48,0.118905
3.5,0.115734
3.52,0.112717
3.54,0.109844
3.56,0.107109
3.58,0.104504
3.6,0.102022
3.62,0.0996543
3.64,0.0973938
3.66,0.0952326
3.68,0.0931633
3.7,0.091179
3.72,0.0892735
3.74,0.0874413
3.76,0.0856777
3.78,0.0839789
3.8,0.0823416
3.82,0.0807628
3.84,0.0792398
3.86,0.0777701
3.88,0.0763512
3.9,0.0749808
3.92,0.0736565
3.94,0.0723761
3.96,0.0711373
3.98,0.0699381
4,0.0687764
