0,4.18138
0.02,4.24522
0.04,4.27665
0.06,4.2817
0.08,4.26874
0.1,4.24726
0.12,4.22667
0.14,4.21542
0.16,4.22049
0.18,4.24717
0.2,4.29906
0.22,4.37803
0.24,4.4843
0.26,4.61625
0.28,4.77026
0.3,4.94045
0.32,5.11849
0.34,5.29362
0.36,5.45313
0.38,5.58334
0.4,5.67122
0.42,5.70627
0.44,5.68234
0.46,5.59878
0.48,5.46039
0.5,5.2765
0.52,5.05915
0.54,4.82124
0.56,4.57493
0.58,4.33061
0.6,4.09643
0.62,3.87833
0.64,3.68025
0.66,3.50451
0.68,3.35217
0.7,3.22339
0.72,3.11758
0.74,3.03361
0.76,2.96981
0.78,2.92398
0.8,2.89333
0.82,2.87442
0.84,2.86317
0.86,2.85498
0.88,2.84496
0.9,2.82846
0.92,2.80151
0.94,2.76141
0.96,2.70702
0.98,2.63882
1,2.55871
1.02,2.46958
1.04,2.37482
1.06,2.27792
1.08,2.18214
1.1,2.09028
1.12,2.0046
1.14,1.92679
1.16,1.858
1.18,1.79891
1.2,1.74976
1.22,1.71044
1.24,1.68049
1.26,1.65913
1.28,1.6452
1.3,1.63716
1.32,1.63309
1.34,1.63074
1.36,1.62765
1.38,1.62142
1.4,1.60996
1.42,1.59182
1.44,1.56641
1.46,1.53406
1.48,1.49589
1.5,1.45351
1.52,1.40877
1.54,1.36341
1.56,1.31892
1.58,1.27647
1.6,1.2369
1.62,1.20083
1.64,1.1687
1.66,1.14082
1.68,1.11737
1.7,1.09841
1.72,1.0838
1.74,1.07317
1.76,1.06592
1.78,1.06112
1.8,1.05762
1.82,1.05405
1.84,1.04898
1.86,1.0411
1.88,1.02945
1.9,1.01353
1.92,0.993443
1.94,0.969814
1.96,0.943686
1.98,0.916309
2,0.888952
2.02,0.862748
2.04,0.838606
2.06,0.817166
2.08,0.798794
2.1,0.7836
2.12,0.77145
2.14,0.761987
2.16,0.754653
2.18,0.748708
2.2,0.743288
2.22,0.737479
2.24,0.730428
2.26,0.721467
2.28,0.710219
2.3,0.696662
2.32,0.681119
2.34,0.66418
2.36,0.64658
2.38,0.629074
2.4,0.612333
2.42,0.596869
2.44,0.582997
2.46,0.570828
2.48,0.56027
2.5,0.551048
2.52,0.542745
2.54,0.534844
2.56,0.526805
2.58,0.518147
2.6,0.508524
2.62,0.497784
2.64,0.485985
2.66,0.473363
2.68,0.46027
2.7,0.447089
2.72,0.434167
2.74,0.421757
2.76,0.409996
2.78,0.398902
2.8,0.388393
2.82,0.378314
2.84,0.368475
2.86,0.358688
2.88,0.348789
2.9,0.338657
2.92,0.328223
2.94,0.317468
2.96,0.30643
2.98,0.29519
3,0.283869
3.02,0.272609
3.04,0.261554
3.06,0.250833
3.08,0.240545
3.1,0.230752
3.12,0.221482
3.14,0.212729
3.16,0.204467
3.18,0.196657
3.2,0.189257
3.22,0.18223
3.24,0.175549
3.26,0.169197
3.28,0.163164
3.3,0.157445
3.32,0.152035
3.34,0.146929
3.36,0.142117
3.38,0.13759
3.4,0.133333
3.42,0.129332
3.44,0.125568
3.46,0.122027
3.48,0.118689
3.5,0.115538
3.52,0.112558
3.54,0.109733
3.56,0.107047
3.58,0.104488
3.6,0.102042
3.62,0.0997001
3.64,0.0974531
3.66,0.0952947
3.68,0.0932199
3.7,0.0912248
3.72,0.089306
3.74,0.0874605
3.76,0.0856854
3.78,0.0839776
3.8,0.0823342
3.82,0.0807518
3.84,0.0792276
3.86,0.0777582
3.88,0.0763408
3.9,0.0749725
3.92,0.0736505
3.94,0.0723721
3.96,0.0711351
3.98,0.0699371
4,0.0687761
