0,13.9424
0.02,16.2486
0.04,18.8072
0.06,21.4423
0.08,23.8307
0.1,25.5398
0.12,26.184
0.14,25.6336
0.16,24.1005
0.18,22.0108
0.2,19.7951
0.22,17.7581
0.24,16.0621
0.26,14.7672
0.28,13.8745
0.3,13.3527
0.32,13.145
0.34,13.1616
0.36,13.27
0.38,13.3015
0.4,13.0966
0.42,12.5742
0.44,11.7716
0.46,10.8123
0.48,9.83552
0.5,8.94561
0.52,8.2005
0.54,7.62336
0.56,7.21741
0.58,6.9756
0.6,6.88377
0.62,6.91793
0.64,7.03726
0.66,7.17777
0.68,7.25645
0.7,7.19563
0.72,6.95964
0.74,6.57415
0.76,6.10808
0.78,5.63665
0.8,5.21573
0.82,4.87651
0.84,4.63151
0.86,4.48178
0.88,4.42084
0.9,4.43446
0.92,4.49757
0.94,4.57165
0.96,4.609
0.98,4.56842
1,4.43576
1.02,4.23162
1.04,3.99803
1.06,3.77737
1.08,3.59929
1.1,3.47822
1.12,3.41551
1.14,3.40102
1.16,3.41361
1.18,3.42338
1.2,3.40011
1.22,3.32691
1.24,3.20939
1.26,3.07132
1.28,2.94123
1.3,2.84114
1.32,2.78221
1.34,2.7646
1.36,2.77776
1.38,2.80098
1.4,2.80708
1.42,2.7721
1.44,2.68734
1.46,2.56397
1.48,2.42564
1.5,2.29653
1.52,2.19407
1.54,2.12792
1.56,2.1017
1.58,2.11446
1.6,2.16043
1.62,2.22733
1.64,2.29485
1.66,2.33673
1.68,2.32926
1.7,2.26319
1.72,2.14885
1.74,2.00946
1.76,1.86915
1.78,1.74542
1.8,1.64803
1.82,1.58115
1.84,1.54593
1.86,1.542
1.88,1.56781
1.9,1.61972
1.92,1.69008
1.94,1.76515
1.96,1.82481
1.98,1.84736
2,1.81907
2.02,1.74202
2.04,1.63253
2.06,1.51182
2.08,1.39738
2.1,1.29992
2.12,1.22448
2.14,1.17266
2.16,1.14453
2.18,1.13955
2.2,1.15675
2.22,1.19417
2.24,1.24744
2.26,1.30808
2.28,1.36245
2.3,1.39366
2.32,1.3879
2.34,1.34181
2.36,1.2644
2.38,1.17149
2.4,1.07812
2.42,0.994487
2.44,0.925844
2.46,0.874105
2.48,0.839504
2.5,0.821643
2.52,0.81993
2.54,0.833496
2.56,0.860615
2.58,0.897638
2.6,0.937769
2.62,0.970684
2.64,0.984614
2.66,0.971255
2.68,0.930414
2.7,0.86997
2.72,0.801196
2.74,0.73383
2.76,0.673995
2.78,0.62456
2.8,0.586341
2.82,0.55915
2.84,0.542382
2.86,0.535191
2.88,0.536307
2.9,0.543563
2.92,0.55332
2.94,0.560315
2.96,0.558704
2.98,0.544439
3,0.517416
3.02,0.481345
3.04,0.441449
3.06,0.402143
3.08,0.366084
3.1,0.334377
3.12,0.307145
3.14,0.284036
3.16,0.264534
3.18,0.248113
3.2,0.234305
3.22,0.222709
3.24,0.212975
3.26,0.204761
3.28,0.197691
3.3,0.191325
3.32,0.185187
3.34,0.17889
3.36,0.172279
3.38,0.165464
3.4,0.158697
3.42,0.152223
3.44,0.146195
3.46,0.140668
3.48,0.135635
3.5,0.131055
3.52,0.126877
3.54,0.123051
3.56,0.11953
3.58,0.116276
3.6,0.113256
3.62,0.110444
3.64,0.107817
3.66,0.105359
3.68,0.103053
3.7,0.100885
3.72,0.0988414
3.74,0.0969036
3.76,0.0950484
3.78,0.0932483
3.8,0.0914788
3.82,0.0897271
3.84,0.0879966
3.86,0.0863011
3.88,0.0846555
3.9,0.0830695
3.92,0.0815466
3.94,0.080086
3.96,0.0786844
3.98,0.0773376
4,0.0760415
