0,13.9408
0.02,16.2469
0.04,18.8058
0.06,21.4416
0.08,23.8312
0.1,25.5421
0.12,26.1879
0.14,25.6381
0.16,24.1037
0.18,22.011
0.2,19.7908
0.22,17.748
0.24,16.0457
0.26,14.7441
0.28,13.8453
0.3,13.3199
0.32,13.114
0.34,13.1428
0.36,13.2782
0.38,13.352
0.4,13.196
0.42,12.7122
0.44,11.9221
0.46,10.9445
0.48,9.92464
0.5,8.97641
0.52,8.16521
0.54,7.51788
0.56,7.03901
0.58,6.72338
0.6,6.56237
0.62,6.54501
0.64,6.65432
0.66,6.85946
0.68,7.10612
0.7,7.31278
0.72,7.38547
0.74,7.25503
0.76,6.91433
0.78,6.42052
0.8,5.85974
0.82,5.30797
0.84,4.81329
0.86,4.39802
0.88,4.06805
0.9,3.82142
0.92,3.65378
0.94,3.56123
0.96,3.54126
0.98,3.59251
1,3.71301
1.02,3.89676
1.04,4.12809
1.06,4.37489
1.08,4.58552
1.1,4.69772
1.12,4.66336
1.14,4.47506
1.16,4.17022
1.18,3.80825
1.2,3.443
1.22,3.10934
1.24,2.82375
1.26,2.59071
1.28,2.40864
1.3,2.27391
1.32,2.18293
1.34,2.13314
1.36,2.12336
1.38,2.15369
1.4,2.22505
1.42,2.33812
1.44,2.49115
1.46,2.67644
1.48,2.87554
1.5,3.05593
1.52,3.17458
1.54,3.193
1.56,3.09756
1.58,2.90779
1.6,2.66412
1.62,2.40742
1.64,2.16629
1.66,1.95548
1.68,1.77983
1.7,1.63884
1.72,1.52984
1.74,1.44984
1.76,1.39631
1.78,1.36764
1.8,1.36316
1.82,1.38312
1.84,1.42851
1.86,1.50055
1.88,1.59974
1.9,1.72403
1.92,1.86597
1.94,2.00941
1.96,2.1284
1.98,2.19248
2,2.17963
2.02,2.08888
2.04,1.94084
2.06,1.7655
2.08,1.58893
2.1,1.42749
2.12,1.28856
2.14,1.17383
2.16,1.08214
2.18,1.01135
2.2,0.959333
2.22,0.924401
2.24,0.905477
2.26,0.902133
2.28,0.914538
2.3,0.943316
2.32,0.989223
2.34,1.0525
2.36,1.13164
2.38,1.22155
2.4,1.31146
2.42,1.38444
2.44,1.42109
2.46,1.4081
2.48,1.34592
2.5,1.24843
2.52,1.13483
2.54,1.02139
2.56,0.918099
2.58,0.829352
2.6,0.756051
2.62,0.697399
2.64,0.65204
2.66,0.618649
2.68,0.596196
2.7,0.584022
2.72,0.581821
2.74,0.589521
2.76,0.607023
2.78,0.633724
2.8,0.667714
2.82,0.704746
2.84,0.737565
2.86,0.756789
2.88,0.754275
2.9,0.727428
2.92,0.680727
2.94,0.622894
2.96,0.562506
2.98,0.505426
3,0.454561
3.02,0.410736
3.04,0.373653
3.06,0.342552
3.08,0.316571
3.1,0.294913
3.12,0.276903
3.14,0.262
3.16,0.249771
3.18,0.239857
3.2,0.231917
3.22,0.225544
3.24,0.220188
3.26,0.215119
3.28,0.209543
3.3,0.202875
3.32,0.195018
3.34,0.186355
3.36,0.177485
3.38,0.168924
3.4,0.16098
3.42,0.15377
3.44,0.147292
3.46,0.141482
3.48,0.13626
3.5,0.131542
3.52,0.127254
3.54,0.123333
3.56,0.119727
3.58,0.116391
3.6,0.113291
3.62,0.110395
3.64,0.10768
3.66,0.105125
3.68,0.102712
3.7,0.100429
3.72,0.0982611
3.74,0.096199
3.76,0.0942334
3.78,0.0923564
3.8,0.0905614
3.82,0.0888426
3.84,0.0871947
3.86,0.0856136
3.88,0.0840955
3.9,0.082637
3.92,0.081235
3.94,0.0798865
3.96,0.0785873
3.98,0.0773322
4,0.0761136
